##BLOCKS= 1          
Plate:	Plate#1	1.3	PlateFormat	Endpoint	Absorbance	Raw	FALSE	1						2	490 750	1	12	96	1	8	None	
	Temperature(¡C)	1	2	3	4	5	6	7	8	9	10	11	12		1	2	3	4	5	6	7	8	9	10	11	12		
	22.30	0.2564	1.7813	0.2702	2.2139	0.4056	1.9088	1.3458	0.7434	1.1826	1.0587	1.6387	1.7196		0.1711	0.7844	0.1635	0.9851	0.2226	1.3518	0.5761	0.4732	0.6715	0.8038	0.8804	1.077		
		0.4408	0.4045	1.9862	1.4814	1.522	1.5367	1.8464	0.7798	1.65	0.6282	1.5614	2.112		0.373	0.2655	1.0543	0.9086	0.9621	0.9622	1.1416	0.4656	0.9763	0.3554	0.8903	1.0667		
		0.6486	0.2757	0.8897	1.7163	1.6608	1.4671	1.488	1.1873	0.4915	1.4117	2.2173	1.8367		0.3823	0.1444	0.482	0.9997	0.8342	0.937	0.6649	0.7429	0.24	0.9175	1.241	1.0144		
		1.932	2.0398	2.0299	1.5064	1.6758	0.5547	2.0819	1.5831	1.4138	0.4574	2.2683	1.3646		1.229	1.1982	1.1423	0.952	1.0051	0.2989	1.3238	0.963	0.8484	0.2396	1.2661	0.7569		
		0.6554	1.5259	1.9866	2.3442	2.1002	1.8945	2.3934	1.2044	2.2938	1.8906	0.4607	1.8163		0.3161	0.4151	1.0084	1.187	1.1933	1.003	1.2341	0.7387	1.2922	0.9482	0.2465	1.0387		
		0.4401	1.7092	1.02	2.2268	2.4335	1.4042	1.3039	0.512	0.4101	2.0893	1.5812	2.1498		0.3118	0.5591	0.382	0.8501	0.864	0.6865	0.5807	0.2829	0.2256	0.8367	0.5241	0.7242		
		1.8553	1.7917	1.0578	1.3971	0.2468	1.7237	0.3009	0.3517	0.2445	0.3949	0.2963	0.2298		0.533	0.9132	0.528	0.5113	0.1614	0.4411	0.1756	0.1803	0.14	0.2114	0.1706	0.1408		
		0.2709	0.3911	0.2636	0.3977	0.5047	0.5845	0.4244	0.4355	0.5546	1.0585	0.2423	0.2743		0.1749	0.2133	0.1551	0.2005	0.3069	0.2835	0.2131	0.1982	0.2652	0.9579	0.1473	0.1617		
		
~End
Copyright © 2003 Molecular Devices. All rights reserved.
