##BLOCKS= 1          
Plate:	Plate#1	1.3	PlateFormat	Endpoint	Absorbance	Raw	FALSE	1						2	490 750	1	12	96	1	8	None	
	Temperature(¡C)	1	2	3	4	5	6	7	8	9	10	11	12		1	2	3	4	5	6	7	8	9	10	11	12		
	22.30	0.2391	1.5743	0.2869	2.4652	0.3765	1.8579	1.3579	0.9014	1.3136	0.9373	2.2849	1.6139		0.1464	0.7928	0.1713	1.172	0.2393	1.3304	0.5943	0.6248	0.7367	0.7594	1.353	0.9874		
		0.5602	0.376	2.1331	1.3928	1.5723	1.479	1.6105	0.7479	1.6666	0.751	1.9008	1.6499		0.402	0.2494	1.0612	0.9129	1.0004	0.922	1.046	0.4392	1.0442	0.4079	0.9877	0.8804		
		0.6474	0.3019	0.7339	1.9342	1.5463	1.2504	0.8042	1.5594	0.3726	1.955	1.757	1.9137		0.4057	0.1659	0.3849	1.1367	0.6819	0.8062	0.3682	0.9899	0.1982	1.2284	1.0426	1.0641		
		2.4237	1.9349	2.0717	1.6208	1.6251	0.7978	2.1514	1.5306	1.8095	0.4385	2.4946	1.3457		1.4785	1.026	1.1283	1.019	0.9945	0.4346	1.3889	0.926	1.0613	0.2335	1.3613	0.7223		
		0.6244	1.4095	1.9519	1.8554	1.4972	1.9921	2.3101	1.1365	2.5031	2.4537	0.2339	1.9478		0.3241	0.4239	1.0264	1.0415	0.8966	1.1158	1.2609	0.703	1.3126	1.2705	0.1374	1.0337		
		0.3801	1.5355	1.8631	1.7546	2.1225	1.7255	1.7123	0.3813	0.5682	1.2635	1.7857	1.2162		0.2531	0.4875	0.6515	0.7098	0.779	0.8322	0.7875	0.2196	0.2951	0.4918	1.0321	0.4263		
		1.7397	1.5803	1.2303	1.0977	1.1218	1.5901	0.2581	0.3175	0.2501	0.464	0.4493	0.3488		0.4716	0.7758	0.6476	0.4352	0.7108	0.5087	0.1491	0.1747	0.1475	0.2414	0.266	0.2133		
		0.3003	0.3621	0.3838	0.2869	0.3748	0.3108	0.3656	0.3202	0.6365	0.2691	0.2832	0.2438		0.2024	0.1832	0.2095	0.1593	0.2483	0.1556	0.2011	0.1686	0.3244	0.1624	0.1795	0.1406		
		
~End
Copyright © 2003 Molecular Devices. All rights reserved.
