##BLOCKS= 1          
Plate:	Plate#1	1.3	PlateFormat	Endpoint	Absorbance	Raw	FALSE	1						2	490 750	1	12	96	1	8	None	
	Temperature(¡C)	1	2	3	4	5	6	7	8	9	10	11	12		1	2	3	4	5	6	7	8	9	10	11	12		
	22.70	0.2788	1.0853	0.2738	2.0931	0.3694	0.4126	0.9279	1.143	1.571	1.5523	1.7235	1.6389		0.1922	0.7225	0.1844	1.2676	0.2484	0.2814	0.6549	0.8508	1.186	1.1761	1.1267	1.2602		
		0.6468	0.4234	1.4626	0.3629	1.341	1.8467	1.5996	0.95	1.3727	0.4697	1.2995	1.6165		0.5228	0.2977	1.0166	0.2379	0.8899	1.262	1.1583	0.7069	1.0247	0.3043	0.9179	1.1966		
		1.2851	0.4744	1.4413	1.679	1.251	1.2743	1.5006	1.7122	1.8025	1.7475	1.379	1.6063		0.7619	0.2984	0.9098	1.2035	0.8252	0.8025	0.8965	1.2385	1.304	1.215	0.9984	1.1662		
		1.7967	1.7795	0.3539	1.9286	0.3685	0.586	0.3194	1.5393	0.3492	0.4709	1.9724	1.7121		1.3134	1.3142	0.2404	1.2936	0.2408	0.3981	0.2102	1.0405	0.2216	0.3138	1.27	1.1849		
		1.961	1.0856	0.2934	0.7482	1.2175	2.1199	1.8699	0.3552	1.8658	0.3733	0.3122	2.3033		1.2653	0.5799	0.1949	0.4795	0.8127	1.3313	1.3466	0.2324	1.165	0.2296	0.1959	1.0833		
		0.9447	0.927	0.8551	1.2647	1.4112	1.7414	1.4892	0.4913	0.5598	0.6778	0.8698	1.6275		0.5893	0.5692	0.5034	0.8801	0.9339	0.9592	0.726	0.3168	0.3542	0.407	0.5071	0.7587		
		0.9161	1.4477	1.1666	0.8424	1.204	0.3197	0.6239	1.5854	0.9637	1.3442	0.9092	1.2672		0.5404	0.9242	0.8311	0.4635	0.7468	0.2294	0.3983	0.9523	0.621	0.8906	0.5643	0.8149		
		1.1005	1.5879	2.3086	1.8912	1.2625	1.3891	1.4575	0.403	0.3278	0.2905	0.2666	0.3199		0.6355	0.8964	1.1366	1.0071	0.7797	0.8024	0.8859	0.2351	0.2073	0.1859	0.1716	0.1935		
		
~End
Copyright © 2003 Molecular Devices. All rights reserved.
