##BLOCKS= 1          
Plate:	Plate#1	1.3	PlateFormat	Endpoint	Absorbance	Raw	FALSE	1						2	490 750	1	12	96	1	8	None	
	Temperature(¡C)	1	2	3	4	5	6	7	8	9	10	11	12		1	2	3	4	5	6	7	8	9	10	11	12		
	22.70	0.3261	1.2532	0.2604	2.0426	0.3289	0.4644	1.0468	1.1622	1.6645	1.3086	1.9911	1.3704		0.196	0.8478	0.1727	1.2282	0.2198	0.3184	0.7527	0.8697	1.2683	0.9951	1.3513	1.0173		
		0.625	0.343	1.526	0.3552	1.0851	1.967	1.5794	0.9685	1.4522	0.519	1.3916	1.4817		0.5064	0.2495	1.0823	0.2336	0.6998	1.3473	1.1284	0.7148	1.0908	0.3355	0.9768	1.0988		
		1.1883	0.452	1.4959	1.705	1.2257	1.2831	1.4938	1.7126	1.745	1.5844	1.5642	1.6209		0.7087	0.2746	0.9462	1.2289	0.7927	0.8035	0.8983	1.2222	1.2385	1.1019	1.1347	1.1653		
		1.6642	1.6407	0.304	1.9704	0.3774	0.6116	0.3585	1.719	0.35	0.4713	1.8979	1.9368		1.2862	1.193	0.2015	1.3127	0.2514	0.4176	0.2407	1.1287	0.2262	0.3169	1.2046	1.2325		
		1.9568	1.1513	0.2901	0.8143	1.111	2.1255	1.6393	0.3505	2.0257	0.411	0.3523	2.3032		1.2669	0.6083	0.1929	0.5194	0.7263	1.3256	1.1829	0.2326	1.248	0.2542	0.221	1.0925		
		0.8309	0.931	0.7744	1.3149	1.3046	1.9457	1.3265	0.4401	0.5254	0.9021	0.8295	1.3086		0.5719	0.5679	0.452	0.8864	0.8567	1.0756	0.6169	0.2826	0.333	0.5589	0.4648	0.5779		
		0.9063	1.5932	1.3696	0.9407	1.2885	0.3332	0.5714	1.5512	0.9451	1.3539	0.9046	1.2647		0.4881	1.0323	0.9714	0.5313	0.8004	0.2431	0.3559	0.8927	0.6063	0.872	0.5696	0.8176		
		1.1272	1.4843	1.9794	1.7097	1.1897	1.3559	1.5468	0.4552	0.2921	0.2742	0.2606	0.3229		0.6896	0.834	0.9032	0.9209	0.7268	0.7594	0.9321	0.2719	0.1878	0.177	0.1647	0.2019		
		
~End
Copyright © 2003 Molecular Devices. All rights reserved.
