##BLOCKS= 1          
Plate:	Plate#1	1.3	PlateFormat	Endpoint	Absorbance	Raw	FALSE	1						2	490 750	1	12	96	1	8	None	
	Temperature(¡C)	1	2	3	4	5	6	7	8	9	10	11	12		1	2	3	4	5	6	7	8	9	10	11	12		
	22.60	0.2855	1.0635	0.2474	2.1324	0.3203	0.4128	1.2989	1.1764	1.5817	1.3919	1.7273	1.5029		0.1966	0.7185	0.166	1.2967	0.2122	0.277	0.9629	0.8811	1.1882	1.0459	1.1449	1.1416		
		0.6182	0.3809	1.5382	0.3234	1.2726	2.1096	1.6838	0.8911	1.4387	0.4305	1.3775	1.3754		0.5008	0.2778	1.0881	0.2085	0.8583	1.4391	1.206	0.652	1.0584	0.2793	0.9932	0.9967		
		1.1216	0.4823	1.4925	1.6678	1.1175	1.2613	1.3578	1.652	1.7569	1.5902	1.9222	1.5398		0.689	0.292	0.9444	1.1987	0.7203	0.7892	0.8251	1.1798	1.2543	1.1181	1.3893	1.1083		
		1.4992	1.4619	0.3089	2.0391	0.3878	0.5383	0.3503	1.7107	0.3662	0.4635	1.9911	1.8392		1.1175	1.0438	0.1989	1.3491	0.2547	0.3491	0.2296	1.114	0.2247	0.3039	1.2812	1.1925		
		1.9839	1.2529	0.2971	0.6926	1.0809	2.2465	1.8977	0.3275	1.8771	0.3948	0.3614	2.2197		1.2762	0.6535	0.1974	0.4385	0.7041	1.4023	1.3994	0.2171	1.1426	0.2408	0.2297	1.0652		
		0.8385	0.8288	0.9857	1.3113	1.4734	1.8272	1.4336	0.4331	0.4812	0.8051	0.9413	1.1907		0.6056	0.5056	0.5859	0.9069	0.9682	1.0003	0.6995	0.2759	0.3067	0.4994	0.5428	0.5082		
		0.8726	1.6232	1.1921	1.0134	1.1792	0.2979	0.5851	1.5392	0.9622	1.4078	0.7726	1.1297		0.5044	1.019	0.8319	0.5888	0.7347	0.2118	0.3643	0.917	0.6207	0.9109	0.4803	0.7142		
		1.1228	1.5123	2.1082	1.9972	1.3697	1.456	1.4183	0.3177	0.2759	0.3819	0.2827	0.3273		0.6793	0.8471	1.0582	1.0627	0.8456	0.8286	0.8509	0.1871	0.1814	0.2525	0.1794	0.1973		
		
~End
Copyright © 2003 Molecular Devices. All rights reserved.
