##BLOCKS= 1          
Plate:	Plate#1	1.3	PlateFormat	Endpoint	Absorbance	Raw	FALSE	1						2	490 750	1	12	96	1	8	None	
	Temperature(¡C)	1	2	3	4	5	6	7	8	9	10	11	12		1	2	3	4	5	6	7	8	9	10	11	12		
	22.90	0.2671	1.1105	0.3137	2.137	0.3326	2.8071	0.5105	0.6461	2.0836	0.8021	2.9257	1.9817		0.2017	0.6531	0.2431	1.2382	0.2439	1.9465	0.2811	0.45	1.3276	0.5618	1.3963	0.9947		
		0.5137	0.2692	2.1179	0.4823	2.1495	1.0697	2.1509	0.9913	2.2614	0.3794	1.2491	2.0071		0.409	0.2078	1.2922	0.3487	1.2018	0.6363	1.1132	0.628	1.1243	0.2712	0.7051	1.0229		
		0.52	0.2095	0.8436	0.8143	1.2915	1.5767	2.0421	0.6495	0.3319	2.1388	2.2012	2.0431		0.3879	0.173	0.4729	0.5857	0.8224	0.792	0.7873	0.4618	0.2577	1.1764	1.1607	1.0724		
		2.782	2.4648	2.3319	2.4684	1.0376	2.3922	2.8589	1.985	2.0778	0.6009	2.2872	2.1624		1.9309	1.2865	1.211	1.2442	0.7069	1.5283	1.7918	1.1417	1.1336	0.4668	1.184	1.3337		
		2.4609	1.0725	0.3614	2.4019	1.8653	2.1577	2.3367	0.8475	2.2455	2.5418	0.2884	2.2069		1.5712	0.4318	0.2893	1.2995	1.1113	1.173	1.248	0.5319	1.2292	1.2769	0.2278	1.0732		
		1.822	0.9487	1.3107	1.5044	1.4947	1.8642	1.3882	0.4395	0.5565	1.1954	1.4589	1.9571		1.1666	0.6464	0.743	1.017	0.9806	1.1658	0.852	0.324	0.417	0.7081	0.7749	0.8907		
		1.0678	2.3619	0.9381	1.2625	1.5286	0.7957	0.5951	1.9524	1.827	1.6976	1.1707	1.3241		0.6285	1.2856	0.7139	0.7773	0.8943	0.561	0.4337	0.9347	0.8649	0.7988	0.6485	0.6516		
		0.4899	1.7177	0.8496	0.8657	1.7328	1.5177	0.3987	0.3436	1.6621	0.2896	0.286	0.2802		0.3516	0.9868	0.5897	0.6036	1.1778	0.7842	0.2423	0.2613	0.8864	0.2317	0.2299	0.1899		
		
~End
Copyright © 2003 Molecular Devices. All rights reserved.
