##BLOCKS= 1          
Plate:	Plate#1	1.3	PlateFormat	Endpoint	Absorbance	Raw	FALSE	1						2	490 750	1	12	96	1	8	None	
	Temperature(¡C)	1	2	3	4	5	6	7	8	9	10	11	12		1	2	3	4	5	6	7	8	9	10	11	12		
	22.00	0.6267	1.8182	0.3753	2.8523	0.4232	0.6056	2.4309	0.913	2.0401	2.4523	2.4289	2.5171		0.2948	1.0673	0.2204	1.4738	0.2653	0.3874	1.2171	0.7216	1.2529	1.9215	1.5745	1.3743		
		0.6099	2.3211	2.7367	0.4588	2.7159	1.3876	2.363	1.1631	2.8071	0.9339	1.9809	2.7544		0.4806	1.7782	1.5198	0.2745	1.559	0.9353	1.3332	0.9109	1.6585	0.6439	1.2274	1.4291		
		1.2815	0.1506	1.6034	1.515	2.373	2.4785	2.1949	2.2209	2.483	2.1121	2.4234	2.674		0.8715	0.1209	1.1095	1.0003	1.0526	1.4901	0.8653	1.6854	1.8488	1.4678	1.4555	1.4471		
		2.3597	2.5074	2.5468	2.5766	1.1225	1.9519	1.3521	2.4959	2.2692	0.5398	2.7136	2.0902		1.4582	1.4614	1.588	1.4848	0.8213	1.2412	0.9867	1.3936	1.3403	0.3014	1.397	1.2475		
		0.5945	1.6721	0.3132	1.8333	1.7383	2.2828	2.4564	0.9333	2.8178	2.2048	0.4536	2.7685		0.3186	0.5555	0.188	1.0829	1.0663	1.4422	1.4395	0.5904	1.6117	1.1882	0.2662	1.4874		
		2.5815	1.1045	1.1557	2.4476	2.5638	2.1571	1.1168	0.3951	0.751	1.7336	1.367	2.484		1.2483	0.6744	0.8475	1.2973	1.0929	1.4168	0.5534	0.2965	0.4902	0.9132	0.7082	1.1264		
		1.5361	2.1449	0.5753	0.819	1.4754	0.806	0.7304	1.7528	1.0289	1.4309	1.1391	2.1985		0.707	1.4863	0.4423	0.5675	0.8719	0.5985	0.4062	1.067	0.6757	0.7214	0.5894	0.8522		
		0.6933	0.9628	1.9723	0.9914	1.3361	0.9915	0.5023	0.4215	1.3511	0.3407	0.8429	0.4146		0.4387	0.5985	1.3344	0.6662	0.9648	0.6008	0.2381	0.2496	0.8905	0.2023	0.4112	0.2311		
		
~End
Copyright © 2003 Molecular Devices. All rights reserved.
