##BLOCKS= 1          
Plate:	Plate#1	1.3	PlateFormat	Endpoint	Absorbance	Raw	FALSE	1						2	490 750	1	12	96	1	8	None	
	Temperature(¡C)	1	2	3	4	5	6	7	8	9	10	11	12		1	2	3	4	5	6	7	8	9	10	11	12		
	22.00	0.3767	1.7727	0.5058	3.038	0.3832	0.5426	2.5467	0.9398	2.2141	2.04	2.3368	2.4472		0.2199	0.9888	0.3079	1.5718	0.2441	0.3671	1.2013	0.7533	1.4052	1.5741	1.5706	1.3994		
		0.5995	2.5568	2.687	0.5404	2.6868	1.0425	2.6489	1.1446	2.6488	1.0041	1.703	2.6583		0.4252	1.9626	1.5708	0.3147	1.4963	0.7598	1.5926	0.9109	1.4448	0.7167	1.0716	1.4458		
		2.0293	0.1566	1.6033	1.3704	2.549	2.5327	1.928	2.1691	2.0752	1.8968	2.2917	2.8075		1.4539	0.1233	1.1141	0.8725	1.1866	1.5924	0.7815	1.6733	1.5401	1.2735	1.3677	1.5781		
		2.186	2.4017	2.3302	2.6251	1.145	1.9213	1.3205	2.4542	2.1309	0.6571	3.0774	1.9733		1.349	1.4789	1.4132	1.5587	0.8269	1.2949	0.9408	1.3969	1.2673	0.3669	1.6316	1.1934		
		0.631	1.9762	0.3393	2.5318	2.0312	2.5412	2.6739	0.978	2.7603	2.3081	0.4164	2.6263		0.3673	0.7437	0.2099	1.6274	1.308	1.5934	1.6045	0.6077	1.6006	1.2105	0.2536	1.4829		
		2.6637	1.0977	1.0298	2.5636	2.6449	2.2664	0.8017	0.4107	0.8727	1.6498	1.1522	1.7046		1.3158	0.7002	0.7383	1.2839	1.1135	1.5443	0.3831	0.3042	0.5814	0.8951	0.6981	0.8449		
		1.4201	2.0127	0.5799	0.8792	1.3198	0.7519	0.5741	1.9085	1.05	1.1299	0.834	1.5521		0.7133	1.3567	0.4431	0.6141	0.807	0.5554	0.3321	1.078	0.6643	0.6486	0.4677	0.6318		
		0.5963	1.2079	1.9376	1.1721	1.2853	0.803	0.5432	0.4548	1.6045	0.3292	0.4439	0.3196		0.3962	0.7915	1.2601	0.7912	0.9519	0.4794	0.2728	0.2127	1.0553	0.1954	0.2176	0.1783		
		
~End
Copyright © 2003 Molecular Devices. All rights reserved.
