##BLOCKS= 1          
Plate:	Plate#1	1.3	PlateFormat	Endpoint	Absorbance	Raw	FALSE	1						2	490 750	1	12	96	1	8	None	
	Temperature(¡C)	1	2	3	4	5	6	7	8	9	10	11	12		1	2	3	4	5	6	7	8	9	10	11	12		
	21.90	0.3443	2.2528	0.3365	3.0704	0.4668	0.6076	2.6327	0.8252	2.2057	2.0848	1.9598	2.7392		0.1851	1.2271	0.1992	1.8905	0.2788	0.4032	1.5863	0.6533	1.349	1.6109	1.3801	1.5444		
		0.5109	2.2776	2.5653	0.4212	2.6146	1.0263	2.1194	1.0914	2.5958	0.9183	1.8583	2.6176		0.3877	1.7618	1.4955	0.2669	1.4996	0.724	1.3035	0.8628	1.4686	0.6565	1.2259	1.5324		
		1.2867	0.1509	1.5956	1.3972	2.1669	2.2552	2.3791	2.2728	1.8975	1.9583	2.3456	2.931		0.8396	0.1199	1.1113	0.9495	1.0185	1.417	0.9279	1.7066	1.4129	1.2824	1.4602	1.5616		
		2.065	2.6957	2.2191	2.6056	1.3129	1.8897	1.23	2.5719	2.4418	0.8219	2.7824	2.4768		1.2466	1.6176	1.3209	1.5802	0.9815	1.2558	0.9094	1.4416	1.5627	0.4287	1.4454	1.4869		
		0.6285	1.6168	0.3311	2.1641	2.1317	2.2194	2.4706	0.8333	2.6681	2.6325	0.3738	2.9159		0.3362	0.5954	0.2031	1.386	1.3302	1.3774	1.4839	0.5273	1.5219	1.59	0.2316	1.6118		
		2.6727	0.8899	1.1553	2.4761	2.5851	2.3432	0.855	0.4444	0.8281	2.6047	1.3431	2.1968		1.2507	0.5579	0.8004	1.2949	0.9697	1.5151	0.4154	0.329	0.5693	1.2301	0.7933	1.0557		
		1.3096	2.0808	0.6556	0.8721	1.178	0.9606	0.8564	1.3194	1.2248	1.4056	0.9172	2.2203		0.5851	1.3784	0.5044	0.6134	0.7815	0.7102	0.4881	0.863	0.7744	0.7621	0.5514	0.917		
		0.6071	0.9543	1.8008	1.3871	2.1212	1.0069	0.4203	0.5051	1.3651	0.2739	0.3208	0.3927		0.4451	0.6375	1.2414	0.9717	1.112	0.6187	0.2119	0.2895	0.9075	0.17	0.176	0.2067		
		
~End
Copyright © 2003 Molecular Devices. All rights reserved.
