##BLOCKS= 1          
Plate:	Plate#1	1.3	PlateFormat	Endpoint	Absorbance	Raw	FALSE	1						2	490 750	1	12	96	1	8	None	
	Temperature(¡C)	1	2	3	4	5	6	7	8	9	10	11	12		1	2	3	4	5	6	7	8	9	10	11	12		
	22.80	0.3851	1.2397	0.422	3.0939	0.408	0.5548	0.3381	0.392	0.7176	0.6389	1.228	1.8472		0.2139	0.9281	0.2688	2.0885	0.2524	0.2598	0.1883	0.2377	0.3866	0.3792	0.4684	1.2703		
		0.6264	2.0777	1.6151	2.4611	1.5578	0.3875	1.1457	0.2614	1.0988	0.4816	1.4276	1.7155		0.491	1.6596	1.1315	1.8681	0.9996	0.2179	0.6639	0.1717	0.5829	0.3274	1.0363	1.16		
		0.633	0.2586	1.2803	3.0592	1.2983	1.2396	1.379	1.3694	1.5611	2.0056	1.7402	1.7937		0.4206	0.1512	0.784	2.3233	0.8505	0.7077	0.8037	0.8347	1.1073	1.4998	1.3145	1.3302		
		1.502	1.8356	2.186	1.4009	0.4642	2.0029	1.6778	1.346	2.1624	0.5999	1.6243	2.0988		1.039	1.2154	1.5222	0.9499	0.2906	1.442	1.1428	0.8267	1.5542	0.3964	1.1112	1.534		
		0.7411	0.8407	2.2003	2.08	1.8438	1.5219	2.2205	0.3481	2.057	2.5324	0.3906	2.5769		0.396	0.3463	1.5471	1.4797	1.1716	1.0585	1.504	0.2136	1.3559	1.6795	0.2515	1.2234		
		2.1161	1.0731	1.4752	1.9584	1.3516	2.1092	1.7643	0.3245	0.3856	1.8041	1.3748	1.7821		1.5267	0.5952	0.7531	1.261	0.8647	1.3851	1.0128	0.2342	0.2647	0.9589	0.6928	0.9516		
		1.2081	2.1482	0.6429	1.6258	1.6324	1.281	0.5453	1.0041	0.6141	1.1806	1.0619	1.3111		0.6369	1.5411	0.4672	0.8932	1.0217	0.6571	0.3442	0.5239	0.3632	0.7173	0.6437	0.755		
		0.6748	0.7086	1.4787	0.7371	0.433	0.6889	0.3312	0.289	0.366	0.3504	0.3162	0.3535		0.5239	0.4727	0.8401	0.5374	0.3056	0.4186	0.2082	0.1881	0.2366	0.2301	0.1918	0.2096		
		
~End
Copyright © 2003 Molecular Devices. All rights reserved.
