##BLOCKS= 1          
Plate:	Plate#1	1.3	PlateFormat	Endpoint	Absorbance	Raw	FALSE	1						2	490 750	1	12	96	1	8	None	
	Temperature(¡C)	1	2	3	4	5	6	7	8	9	10	11	12		1	2	3	4	5	6	7	8	9	10	11	12		
	22.90	0.2693	1.7133	0.4443	3.1609	0.4327	0.6129	0.4519	0.3495	0.9786	0.9573	1.7296	2.085		0.1739	1.1135	0.2184	2.0906	0.2185	0.2395	0.2072	0.1872	0.5114	0.4831	0.8843	1.1668		
		0.6253	2.0666	1.6598	2.5828	1.7174	0.5889	1.6092	0.4594	1.4506	0.6076	1.2094	2.127		0.4989	1.6088	1.1378	1.8566	1.0681	0.2715	0.8441	0.2776	0.6753	0.3633	0.8527	1.3743		
		0.817	0.4474	1.5944	3.0241	1.6444	1.1273	1.5827	1.4116	1.8407	1.9917	1.5952	1.8191		0.3915	0.2714	0.8625	2.2131	1.0075	0.6335	0.8677	0.8874	1.2567	1.4296	1.0853	1.3104		
		1.8864	2.0474	2.0495	1.5484	0.6047	2.2659	1.9446	2.0387	2.1511	0.7869	1.4868	1.8195		1.3199	1.2633	1.398	0.9781	0.3307	1.5914	1.2837	1.1759	1.4743	0.4544	1.0062	1.2694		
		0.8203	1.1936	2.0259	2.0336	1.8361	1.9564	2.0764	0.4121	2.0694	2.6652	0.4936	2.6404		0.4522	0.4337	1.313	1.3939	1.1113	1.3335	1.36	0.2382	1.3043	1.7925	0.2757	1.3706		
		1.9403	0.9574	1.6805	1.9841	1.1909	2.0715	1.8412	0.3644	0.4135	1.5735	1.1209	2.1176		1.399	0.5373	0.86	1.3044	0.7578	1.1428	1.0764	0.2538	0.2901	0.8315	0.5763	1.1675		
		1.3678	1.8719	0.8131	1.3488	1.3156	1.3693	0.7987	1.4817	0.6021	1.2886	1.1351	1.1036		0.6986	1.3034	0.5736	0.7186	0.8296	0.6809	0.4686	0.7403	0.339	0.7503	0.6913	0.6282		
		0.769	0.7723	1.689	0.5658	0.4079	0.6428	0.6073	0.3245	0.5127	0.5265	0.5085	0.3227		0.5299	0.4965	0.8713	0.3536	0.2922	0.3948	0.331	0.2214	0.2667	0.3233	0.2765	0.2069		
		
~End
Copyright © 2003 Molecular Devices. All rights reserved.
