##BLOCKS= 1          
Plate:	Plate#1	1.3	PlateFormat	Endpoint	Absorbance	Raw	FALSE	1						2	490 750	1	12	96	1	8	None	
	Temperature(¡C)	1	2	3	4	5	6	7	8	9	10	11	12		1	2	3	4	5	6	7	8	9	10	11	12		
	23.00	0.3377	1.1006	0.3463	2.8385	0.3663	2.2167	1.1391	1.464	1.4361	1.6554	1.3297	1.7059		0.214	0.7253	0.2001	1.8662	0.2207	1.6082	0.5817	1.0896	0.8982	1.1239	0.4136	0.9885		
		0.4522	1.9213	1.7062	1.9993	1.5747	1.2851	1.6232	1.1523	1.5069	0.9175	1.3735	1.596		0.3348	1.312	1.0827	1.4166	0.9999	0.8657	1.0699	0.6204	0.824	0.6301	0.8577	0.8432		
		0.4443	0.2811	1.2316	2.7315	1.3094	1.4713	1.6461	1.8198	1.9261	1.8735	1.8918	1.9956		0.2914	0.169	0.8149	1.9005	0.8294	1.0121	0.9889	1.1571	1.2995	1.2304	1.1657	1.2747		
		2.0699	1.7648	1.662	1.6939	0.6045	1.6705	2.3315	1.8923	1.507	0.5295	1.6508	1.5516		1.516	1.1549	1.0679	1.1484	0.3703	1.1153	1.4887	1.0508	1.0132	0.3113	1.2065	1.0997		
		0.8158	1.0147	0.3462	2.1804	1.5448	1.7874	2.3122	0.5297	2.0187	1.8759	0.3957	2.5918		0.4457	0.3757	0.2042	1.4231	1.023	1.2194	1.5378	0.3261	1.3013	1.25	0.2534	1.5752		
		2.3567	1.2207	1.2061	1.9084	2.2833	2.6688	1.3419	0.5328	0.5664	1.7732	1.277	1.5023		1.5908	0.7051	0.7077	1.287	1.4218	1.7153	0.7685	0.361	0.3852	1.1569	0.7279	0.9471		
		1.5402	1.586	0.8757	1.6135	1.4844	1.6927	0.7891	1.8516	0.4109	0.9908	1.2083	1.1041		0.919	1.1109	0.6319	0.9041	1.0759	0.9942	0.5205	1.2692	0.2796	0.7477	0.8273	0.6843		
		0.4908	1.3545	1.3226	0.7081	0.5817	0.3138	0.3948	0.2994	0.3388	0.3072	0.2804	0.3413		0.3492	1.0265	0.9457	0.5258	0.4052	0.2022	0.2529	0.1991	0.2239	0.1884	0.1684	0.2041		
		
~End
Copyright © 2003 Molecular Devices. All rights reserved.
