##BLOCKS= 1          
Plate:	Plate#1	1.3	PlateFormat	Endpoint	Absorbance	Raw	FALSE	1						2	490 750	1	12	96	1	8	None	
	Temperature(¡C)	1	2	3	4	5	6	7	8	9	10	11	12		1	2	3	4	5	6	7	8	9	10	11	12		
	23.00	0.3168	1.1154	0.3786	2.8894	0.3661	2.1038	1.4652	1.2511	1.4159	1.1102	1.6594	1.6907		0.1827	0.7221	0.2197	1.9322	0.2093	1.4929	0.8824	0.8714	0.86	0.7365	0.5858	0.9953		
		0.4269	1.893	1.8377	1.7768	1.6911	1.176	1.8058	0.9892	1.6912	0.9637	1.615	1.6679		0.3229	1.3298	1.1773	1.2341	1.1485	0.7786	1.1942	0.5092	1.0223	0.6505	1.0163	0.8902		
		0.4649	0.3082	1.1528	2.7921	1.3017	1.2931	1.3847	1.5394	1.8863	1.7334	1.8108	1.7082		0.2957	0.1778	0.757	2.0015	0.8133	0.8813	0.8127	1.0166	1.3024	1.1156	1.1227	1.0309		
		2.0067	1.7498	1.7139	1.7166	0.6103	1.6166	1.8635	1.805	1.59	0.4637	1.2869	1.5963		1.4085	1.1018	1.1177	1.1725	0.3674	1.0637	1.2148	0.9444	1.0883	0.266	0.8367	1.0994		
		0.9244	0.9695	0.4017	2.2289	1.5094	1.9471	1.4931	0.3805	1.8094	2.1485	0.4043	2.1044		0.4423	0.3296	0.2377	1.4196	0.9881	1.3585	0.9206	0.2387	1.153	1.4854	0.253	1.2121		
		2.4859	1.1682	1.5947	2.0933	1.9042	2.7057	1.2445	0.5079	0.6978	1.8921	1.0815	1.5505		1.723	0.6996	0.9344	1.4312	1.2028	1.7818	0.7132	0.3433	0.4903	1.242	0.6016	0.9872		
		1.6884	2.118	0.7227	1.4746	1.5973	1.4659	0.641	1.2786	0.4667	0.8661	1.2092	1.8268		0.9191	1.5063	0.5175	0.8407	1.1736	0.8524	0.4274	0.9011	0.3192	0.6324	0.8163	1.2184		
		0.5216	1.2934	2.0569	0.4496	0.4659	0.3828	0.4423	0.3908	0.3838	0.395	0.2668	0.2863		0.4264	1.0004	1.5417	0.3187	0.3256	0.2511	0.2873	0.2638	0.2463	0.2456	0.1606	0.1687		
		
~End
Copyright © 2003 Molecular Devices. All rights reserved.
