##BLOCKS= 1          
Plate:	Plate#1	1.3	PlateFormat	Endpoint	Absorbance	Raw	FALSE	1						2	490 750	1	12	96	1	8	None	
	Temperature(¡C)	1	2	3	4	5	6	7	8	9	10	11	12		1	2	3	4	5	6	7	8	9	10	11	12		
	22.80	0.3588	1.3962	0.2506	2.9581	0.3106	0.6523	1.0119	1.2895	1.6292	1.1788	2.1058	1.6377		0.1886	0.7374	0.1566	1.4938	0.1967	0.4126	0.4963	0.9256	1.3902	0.7506	1.3559	1.0523		
		0.5111	1.8307	2.0962	0.5048	2.3221	1.9288	2.1826	1.5442	1.6513	0.6839	1.7651	1.9014		0.3975	1.3389	1.2642	0.2599	1.433	1.3069	1.4972	1.0171	1.052	0.4191	1.1365	1.3302		
		1.3806	0.3354	2.2606	1.4975	1.412	1.8508	0.3374	1.8312	2.163	2.1654	1.759	1.9335		0.7764	0.2308	0.9771	1.0484	0.8288	1.0919	0.2137	1.0556	1.3016	1.2806	1.1458	1.3937		
		2.0787	2.211	0.3527	1.9822	0.4089	2.0746	0.4486	1.9503	1.2417	0.5291	2.3572	1.9935		1.3214	1.5116	0.2015	1.1142	0.2369	1.2236	0.2489	1.0198	0.7241	0.2995	1.3177	1.2798		
		1.8341	0.8026	0.2673	1.9793	1.9481	1.0235	1.8078	0.4162	1.9225	1.8418	0.4545	2.644		0.9776	0.2999	0.1589	1.2228	1.1576	0.6232	1.1846	0.2403	1.1904	1.116	0.2541	1.1968		
		1.3584	1.7571	1.7408	1.4833	1.0381	0.5694	1.456	0.4445	0.4666	1.4369	1.4525	1.7468		0.8989	0.569	0.8351	1.0092	0.6984	0.3073	0.6417	0.2712	0.283	0.7282	0.6845	0.7116		
		0.9077	2.0553	1.0715	1.0503	1.42	0.3642	1.2984	1.6973	0.9872	1.0744	0.9106	1.3806		0.4664	1.1626	0.7431	0.4765	0.7521	0.2476	0.6609	0.9492	0.6052	0.6415	0.5115	0.6315		
		0.9044	1.5082	1.9089	1.8488	2.0101	1.277	1.4781	0.2823	0.3012	0.2859	0.3475	0.2392		0.5027	0.7803	0.9683	0.8651	1.0396	0.6385	0.807	0.1509	0.1714	0.1703	0.2052	0.142		
		
~End
Copyright © 2003 Molecular Devices. All rights reserved.
