##BLOCKS= 1          
Plate:	Plate#1	1.3	PlateFormat	Endpoint	Absorbance	Raw	FALSE	1						2	490 750	1	12	96	1	8	None	
	Temperature(¡C)	1	2	3	4	5	6	7	8	9	10	11	12		1	2	3	4	5	6	7	8	9	10	11	12		
	22.80	0.322	1.22	0.2246	2.0532	0.3493	0.5923	1.0133	1.3476	1.8162	1.3344	1.891	1.6928		0.172	0.705	0.1458	1.1187	0.2304	0.3573	0.4957	1.0162	1.307	0.9216	1.0513	1.1305		
		0.6624	1.9242	2.2124	0.4501	2.0281	1.9992	2.2497	1.3512	1.7044	0.829	1.9746	1.7089		0.5008	1.3273	1.3981	0.2572	1.2221	1.4003	1.5428	0.904	1.1104	0.5364	1.3338	1.1495		
		1.5064	0.3086	1.8188	2.0402	1.6841	1.9267	0.341	1.8842	2.0921	1.9592	1.8867	1.7522		0.8638	0.2084	0.8016	1.3798	1.0969	1.1607	0.2168	1.0828	1.2083	1.1288	1.182	1.1007		
		2.2646	2.5489	0.3717	2.1213	0.4189	2.1399	0.362	1.6393	1.0107	0.5529	2.5019	2.1235		1.5155	1.8172	0.2065	1.307	0.2494	1.3154	0.2147	0.8764	0.6105	0.3233	1.4519	1.3484		
		2.1242	1.2529	0.2686	2.2239	2.3804	0.6844	2.1922	0.4085	1.6917	2.0126	0.451	2.3471		1.2121	0.4341	0.1645	1.5023	1.4868	0.4167	1.4203	0.2454	1.0882	1.2874	0.2579	1.1394		
		1.3778	1.7866	1.5258	1.4967	0.8384	0.5085	1.5015	0.4567	0.4765	1.2382	1.314	1.736		0.8704	0.5889	0.7065	0.9473	0.5513	0.2676	0.6511	0.2836	0.2851	0.6605	0.6227	0.6774		
		0.7739	1.0348	1.0359	1.3849	1.8606	0.3332	1.1268	1.7982	0.7582	1.1676	1.043	1.5167		0.4027	0.6747	0.715	0.6661	1.0167	0.2227	0.5734	0.9433	0.4332	0.7212	0.5955	0.7549		
		0.8394	1.8328	2.272	1.9651	1.9119	1.4753	1.5849	0.2703	0.253	0.2805	0.3089	0.2914		0.5091	1.0238	1.2264	0.9558	0.9439	0.6808	0.7969	0.1314	0.1595	0.1804	0.1899	0.157		
		
~End
Copyright © 2003 Molecular Devices. All rights reserved.
