##BLOCKS= 1          
Plate:	Plate#1	1.3	PlateFormat	Endpoint	Absorbance	Raw	FALSE	1						2	490 750	1	12	96	1	8	None	
	Temperature(¡C)	1	2	3	4	5	6	7	8	9	10	11	12		1	2	3	4	5	6	7	8	9	10	11	12		
	22.90	0.1841	1.3465	0.2804	2.1023	0.274	0.5158	1.0324	0.5404	1.3689	1.324	2.3909	1.1629		0.1531	1.05	0.2152	1.3523	0.2126	0.3977	0.5693	0.41	1.0211	1.1147	1.344	0.7819		
		0.6703	1.5416	1.4826	1.3374	0.8956	0.4309	0.8967	0.7631	0.9501	0.3444	1.7405	1.2753		0.5248	1.2317	1.032	1.0667	0.6404	0.3178	0.5644	0.6002	0.7023	0.27	1.3999	0.9009		
		1.266	0.2967	1.0173	1.5245	1.2203	1.3397	2.322	1.4092	1.4403	1.2957	1.4634	1.6187		0.9036	0.2051	0.7043	1.1298	0.7935	1.0145	0.7918	1.1124	1.1608	1.0258	1.1258	1.1106		
		1.1081	1.3395	1.4211	1.2629	0.2733	0.7179	0.3381	0.8708	1.3688	0.3469	1.2293	1.2809		0.8507	0.8839	1.0847	0.936	0.2118	0.5714	0.2589	0.5903	0.9868	0.2584	0.943	0.853		
		0.6583	0.877	0.2436	1.6061	0.9653	1.4165	1.3623	0.289	1.3418	1.2414	0.3086	1.219		0.3742	0.4903	0.1869	1.0504	0.7077	1.0183	0.9601	0.2103	0.9401	0.895	0.2407	0.8643		
		0.8213	0.7491	1.065	1.3274	0.954	1.5244	1.3449	0.328	0.3601	1.7675	0.9633	1.98		0.6975	0.5771	0.8273	1.0327	0.7431	1.0411	0.9472	0.246	0.2785	1.247	0.7371	0.7443		
		1.1198	1.7583	0.3576	0.7552	1.1725	0.7308	0.4292	1.3759	0.4623	1.6192	0.7481	1.1404		0.6747	1.3449	0.2767	0.6015	0.8082	0.5648	0.3197	0.8475	0.3483	0.992	0.5895	0.7147		
		0.2592	1.2761	1.3879	1.555	1.0061	0.8877	0.3063	0.3283	0.8491	0.2926	0.2994	0.2594		0.2023	0.953	0.9967	1.1495	0.7484	0.5789	0.2157	0.2234	0.688	0.2274	0.2202	0.1923		
		
~End
Copyright © 2003 Molecular Devices. All rights reserved.
