##BLOCKS= 1          
Plate:	Plate#1	1.3	PlateFormat	Endpoint	Absorbance	Raw	FALSE	1						2	490 750	1	12	96	1	8	None	
	Temperature(¡C)	1	2	3	4	5	6	7	8	9	10	11	12		1	2	3	4	5	6	7	8	9	10	11	12		
	22.80	0.8518	2.3747	1.0444	3.1045	0.9739	1.9124	0.8272	2.273	2.6222	1.4941	3.1831	1.9992		0.2317	1.1003	0.3104	2.0386	0.2987	1.3894	0.3595	1.4061	1.3386	1.0664	1.7585	1.0215		
		0.5925	2.0894	1.9725	2.2491	2.3036	1.1797	2.0205	0.993	2.4825	1.3617	0.608	2.1549		0.455	1.4963	1.0817	1.5046	1.3458	0.6556	1.291	0.6374	1.249	0.658	0.2442	1.1295		
		1.0356	0.2775	1.4264	2.5466	1.7336	1.9575	2.4673	2.4088	2.4224	2.5733	2.3847	2.537		0.6043	0.1904	0.7227	1.793	0.8677	1.2339	1.0381	1.55	1.5438	1.6151	1.4851	1.488		
		2.3722	2.6816	2.3238	2.5079	2.5735	2.371	2.4494	1.5938	2.3441	1.5756	2.4632	2.1368		1.4956	1.4444	1.5262	1.4797	1.6588	1.5104	1.6174	0.8439	1.3308	0.5511	1.3281	1.4118		
		0.8255	1.6002	2.4585	2.4665	1.9267	2.3729	2.5901	2.4029	2.2181	2.4568	1.4661	2.5927		0.3969	0.6394	1.531	1.5586	1.2323	1.5886	1.5499	0.7833	1.1207	1.5143	0.7247	1.3052		
		0.7018	1.1694	2.4222	2.6441	1.8658	2.6143	2.2646	0.461	1.5619	2.3203	2.1601	2.595		0.4603	0.755	0.8597	1.1642	0.9202	1.4142	0.9983	0.3114	0.6962	1.3255	0.7915	0.9704		
		1.3991	2.4878	2.3421	2.4908	0.953	0.5559	0.8996	2.2319	0.6572	0.8082	0.5927	1.9107		0.727	1.6787	1.0929	0.8676	0.4975	0.3933	0.48	1.3453	0.3245	0.4593	0.2995	0.9535		
		1.2233	0.6355	1.0123	1.1323	0.2869	0.9154	1.033	0.5437	0.462	0.8058	0.7976	0.8723		0.4434	0.2811	0.5303	0.6643	0.2098	0.3604	0.3708	0.3403	0.1996	0.3657	0.3249	0.336		
		
~End
Copyright © 2003 Molecular Devices. All rights reserved.
