##BLOCKS= 1          
Plate:	Plate#1	1.3	PlateFormat	Endpoint	Absorbance	Raw	FALSE	1						2	490 750	1	12	96	1	8	None	
	Temperature(¡C)	1	2	3	4	5	6	7	8	9	10	11	12		1	2	3	4	5	6	7	8	9	10	11	12		
	22.80	0.5739	2.6177	1.2256	3.1229	0.9263	2.2957	1.5848	2.2244	2.6157	2.2345	3.2353	2.4306		0.1885	1.1012	0.318	1.8727	0.3079	1.4412	0.5493	1.4502	1.2709	1.3675	1.9	1.1374		
		0.6099	2.0333	1.9294	2.5439	2.3914	1.5214	2.5342	1.0948	2.4409	1.4286	0.5613	2.1743		0.4427	1.4933	0.9896	1.5966	1.3028	0.6659	1.541	0.669	1.1528	0.7064	0.1927	1.1007		
		1.3038	0.2199	1.8417	2.6381	1.9843	2.2166	2.6084	2.2961	2.4508	2.5999	2.3766	2.59		0.6063	0.1511	0.8549	1.8437	0.9785	1.3322	1.0116	1.3974	1.4894	1.6027	1.4101	1.3079		
		2.5092	2.1711	2.4151	2.6392	2.7345	2.3873	2.4687	2.5401	2.6411	1.7306	2.5888	2.5962		1.4165	1.1632	1.4795	1.388	1.7854	1.4706	1.5543	1.1272	1.4157	0.5353	1.5585	1.4666		
		0.9351	1.592	2.421	2.5071	1.8462	2.2781	2.6048	1.3084	2.5664	2.5117	2.2193	2.6692		0.4642	0.6234	1.5325	1.5068	1.1033	1.3893	1.5048	0.5566	1.1157	1.4498	0.8773	1.2514		
		0.6426	0.9884	2.7621	2.6962	1.6946	2.449	2.5381	0.5552	1.3602	2.2725	2.2452	2.6901		0.4143	0.6123	1.0795	1.1316	0.8473	1.2948	1.1925	0.3747	0.5396	1.3624	0.7506	1.1305		
		2.1019	2.636	2.2978	2.5743	1.3686	0.5407	0.7596	1.7594	0.642	1.1763	0.6123	1.9078		0.9239	1.7702	1.0796	0.8344	0.6934	0.3716	0.4214	1.0065	0.2899	0.5922	0.3252	0.9462		
		1.2148	0.7527	1.0946	0.784	0.4468	1.485	0.9765	0.6375	0.5045	1.0627	0.8516	0.8238		0.3788	0.2826	0.5746	0.4159	0.3171	0.6153	0.369	0.3848	0.1945	0.441	0.2838	0.2837		
		
~End
Copyright © 2003 Molecular Devices. All rights reserved.
