##BLOCKS= 1          
Plate:	Plate#1	1.3	PlateFormat	Endpoint	Absorbance	Raw	FALSE	1						2	490 750	1	12	96	1	8	None	
	Temperature(¡C)	1	2	3	4	5	6	7	8	9	10	11	12		1	2	3	4	5	6	7	8	9	10	11	12		
	22.80	1.4336	2.4636	0.9834	3.0881	1.0454	2.5182	1.7219	2.4528	2.7076	2.4116	3.2782	2.5423		0.3933	1.0885	0.2987	2.0455	0.2967	1.5075	0.8904	1.5585	1.4179	1.5146	1.9877	1.1821		
		0.6562	2.059	2.3288	2.4526	2.5242	1.9386	2.3647	1.1048	2.4906	1.4657	0.5035	2.2421		0.5058	1.5114	1.0595	1.6069	1.4798	0.894	1.2538	0.6665	1.1529	0.7316	0.1893	1.0341		
		1.509	0.3981	2.016	2.7477	1.62	1.869	2.6545	2.3927	2.4543	2.6478	2.4192	2.7151		0.7843	0.2245	0.9554	1.8946	0.7503	1.2026	1.024	1.4646	1.5357	1.5234	1.422	1.3197		
		2.6109	2.7786	2.5598	2.6717	2.587	2.3198	2.5707	2.1557	2.4353	2.0041	2.5812	2.626		1.5359	1.3759	1.389	1.4068	1.6408	1.3802	1.5568	1.1003	1.3839	0.6092	1.5651	1.4411		
		0.942	1.8849	2.5985	2.5613	1.5069	2.3254	2.6796	1.523	2.6134	2.6606	2.2135	2.5796		0.4198	0.5532	1.3765	1.4757	0.9252	1.3232	1.5094	0.4625	1.2737	1.5677	0.9768	1.1968		
		0.7358	0.99	2.4689	2.6746	1.9319	2.7575	1.5736	0.4309	1.4833	2.2304	2.455	2.7804		0.4794	0.6082	0.8154	1.1708	0.9418	1.4984	0.7795	0.2821	0.6242	1.2944	0.9632	1.186		
		1.9792	2.4228	1.9585	2.1162	2.2045	0.5287	1.1043	2.43	0.5764	1.7885	0.8725	1.6804		0.8381	1.6032	0.9602	0.7643	1.1158	0.3602	0.5357	1.3626	0.2661	0.8564	0.4113	0.6708		
		1.3226	0.8302	1.2801	0.8707	0.2951	1.3113	0.7641	0.575	0.4984	0.7503	1.4011	1.6749		0.5281	0.249	0.6589	0.4837	0.2149	0.4449	0.3368	0.3676	0.1899	0.3039	0.4817	0.3991		
		
~End
Copyright © 2003 Molecular Devices. All rights reserved.
