##BLOCKS= 1          
Plate:	Plate#1	1.3	PlateFormat	Endpoint	Absorbance	Raw	FALSE	1						2	490 750	1	12	96	1	8	None	
	Temperature(¡C)	1	2	3	4	5	6	7	8	9	10	11	12		1	2	3	4	5	6	7	8	9	10	11	12		
	21.10	0.3305	1.3293	0.3084	2.7203	0.3272	1.8223	0.6349	0.5868	2.6588	0.4971	2.5841	2.4299		0.2577	0.9712	0.236	1.7947	0.2395	1.2436	0.4655	0.417	1.7866	0.3822	1.5396	1.7009		
		0.9379	2.6339	2.353	2.6234	2.0476	0.8929	2.3324	1.1523	2.143	0.3431	1.852	2.1104		0.7541	1.8594	1.5247	1.8994	1.3377	0.6329	1.5283	0.7925	1.465	0.254	1.2178	1.342		
		0.5439	0.1617	0.6966	1.0633	1.3481	1.4368	1.7121	2.5583	1.27	2.1754	2.0431	2.1523		0.3848	0.1272	0.5009	0.7467	0.8842	0.8601	0.7903	1.751	0.8546	1.4254	1.3315	1.4071		
		2.6994	1.9667	2.2908	2.094	0.4857	2.7371	2.3406	2.2658	2.3805	0.3667	1.9129	1.8179		2.0166	1.3205	1.4282	1.3882	0.3536	1.8418	1.5346	1.5201	1.4219	0.2423	1.2148	1.1948		
		3.1901	1.0271	0.2972	2.5458	1.5255	2.3309	2.5926	0.3529	2.43	2.3778	0.5069	2.2104		2.2041	0.6493	0.2235	1.6708	1.0817	1.5326	1.6149	0.2558	1.6298	1.4391	0.3702	1.2903		
		1.7287	0.676	0.5732	1.7024	1.5416	1.8866	0.804	0.3759	0.3926	0.8885	1.0805	1.5796		0.9842	0.463	0.4076	1.0293	0.8689	1.2918	0.5417	0.284	0.2933	0.591	0.7194	0.9941		
		1.3984	1.5743	1.5455	1.1707	0.9232	0.7906	0.5894	2.4601	2.2801	1.769	0.9615	1.7388		0.8222	1.0069	1.0421	0.8148	0.4993	0.5727	0.3943	1.605	1.6254	1.0308	0.6614	1.21		
		0.4066	1.6591	2.4943	2.5111	0.3949	1.617	0.2949	0.2665	1.2214	0.2674	0.3025	0.2393		0.3042	1.1718	1.7416	1.6824	0.2921	1.0024	0.2226	0.1857	0.7049	0.2034	0.2284	0.1814		
		
~End
Copyright © 2003 Molecular Devices. All rights reserved.
