##BLOCKS= 1          
Plate:	Plate#1	1.3	PlateFormat	Endpoint	Absorbance	Raw	FALSE	1						2	490 750	1	12	96	1	8	None	
	Temperature(¡C)	1	2	3	4	5	6	7	8	9	10	11	12		1	2	3	4	5	6	7	8	9	10	11	12		
	21.20	0.2304	1.3527	0.2778	2.7746	0.3138	1.1955	0.5164	0.5752	2.7777	0.615	2.3098	2.4962		0.1945	0.985	0.209	1.8409	0.2306	0.8216	0.3797	0.4187	1.8683	0.4734	1.3988	1.7571		
		0.5433	2.6026	2.4191	2.875	2.4699	0.8814	2.2665	1.144	2.2234	0.4961	2.5118	2.2015		0.4095	1.8633	1.5515	2.1126	1.4867	0.6293	1.5077	0.781	1.5039	0.3653	1.7227	1.4122		
		0.4929	0.1568	0.586	0.8868	1.654	1.4663	1.4055	2.3456	1.0841	2.629	2.1557	2.2611		0.3865	0.1278	0.4044	0.6149	1.1092	0.8977	0.611	1.5979	0.7383	1.6876	1.3352	1.4215		
		2.2857	2.1985	2.4725	2.2994	0.5164	2.7028	2.2991	2.3572	1.9565	0.3328	2.2042	1.5956		1.5728	1.4643	1.5409	1.52	0.3812	1.8503	1.5504	1.6091	1.1886	0.219	1.3325	1.0907		
		3.2798	1.1981	0.2815	2.4719	1.7107	2.2278	2.522	0.3473	2.3857	2.1042	0.3114	2.1676		2.34	0.767	0.2086	1.5616	1.2419	1.4992	1.5521	0.2493	1.5634	1.3002	0.2291	1.3139		
		1.7652	0.6799	0.6255	1.5144	1.5321	1.7492	1.1265	0.3624	0.329	0.9409	1.2218	1.271		1.0547	0.4707	0.4443	0.9148	0.8731	1.2222	0.7819	0.2676	0.2451	0.6208	0.8305	0.7389		
		1.0265	2.3555	1.3809	1.3734	1.2028	0.6881	0.5253	2.2581	2.1441	1.7445	0.6877	1.8965		0.5994	1.5218	0.9005	0.972	0.6309	0.496	0.3405	1.4652	1.4563	0.9799	0.4608	1.3286		
		0.4359	2.0272	2.3691	2.8063	0.5061	1.7849	0.3913	0.218	1.4638	0.2886	0.2248	0.2591		0.3193	1.3994	1.6761	1.9438	0.3696	1.1626	0.2876	0.1495	0.8451	0.2259	0.1705	0.1952		
		
~End
Copyright © 2003 Molecular Devices. All rights reserved.
