##BLOCKS= 1          
Plate:	Plate#1	1.3	PlateFormat	Endpoint	Absorbance	Raw	FALSE	1						2	490 750	1	12	96	1	8	None	
	Temperature(¡C)	1	2	3	4	5	6	7	8	9	10	11	12		1	2	3	4	5	6	7	8	9	10	11	12		
	21.00	1.7758	2.3682	2.6831	2.5914	1.0192	1.2165	1.6241	1.5606	2.3581	1.3338	3.1962	2.6596		0.4816	0.8946	1.612	1.5	0.3115	0.4139	0.7102	0.7482	1.1579	0.863	1.1832	1.1801		
		0.6064	1.462	2.1609	0.8168	2.2194	0.7821	2.401	1.0966	2.0884	1.5759	1.2271	2.4082		0.4775	0.916	1.1686	0.3257	1.2303	0.342	1.3564	0.6415	1.0323	0.6887	0.5538	1.1266		
		1.5884	0.1501	1.7432	1.2507	1.2091	2.2938	1.9882	2.1044	2.5117	2.3349	2.2397	2.4635		0.8103	0.1165	0.9486	0.6788	0.6909	1.2336	0.857	1.3203	1.4544	1.3156	1.2385	1.1426		
		2.5935	2.079	2.4887	2.2729	1.0273	1.9376	2.3499	2.3452	2.4284	1.2413	2.5141	2.3783		1.6244	1.0969	1.3135	1.3197	0.3423	1.1236	1.3998	1.1022	1.1521	0.4221	1.4093	1.2416		
		0.8689	1.4489	2.3899	2.5541	1.3894	2.2363	2.7642	0.7718	2.3622	2.6434	0.9779	2.7074		0.3897	0.4906	1.2875	1.4937	0.8354	1.3329	1.4501	0.297	1.141	1.5821	0.3589	1.2334		
		0.579	0.9816	2.3085	2.0569	1.8558	2.0353	2.6568	0.3608	0.8845	1.4206	1.7535	2.2794		0.3846	0.6664	0.9163	0.8742	1.0168	1.0359	1.6932	0.2508	0.3734	0.8016	0.802	0.956		
		2.0638	2.589	2.314	2.1417	1.0307	0.8814	0.5752	2.3319	0.8065	1.3312	1.0012	1.1341		1.1219	1.7365	1.275	0.9364	0.6483	0.5933	0.2963	1.4488	0.3596	0.7254	0.4311	0.4648		
		1.4095	0.9108	1.551	0.791	0.4852	1.2321	1.2507	0.5222	0.5998	0.5256	0.7336	0.4356		0.291	0.3862	0.9587	0.3601	0.3522	0.4656	0.7066	0.2693	0.232	0.229	0.3003	0.18		
		
~End
Copyright © 2003 Molecular Devices. All rights reserved.
