##BLOCKS= 1          
Plate:	Plate#1	1.3	PlateFormat	Endpoint	Absorbance	Raw	FALSE	1						2	490 750	1	12	96	1	8	None	
	Temperature(¡C)	1	2	3	4	5	6	7	8	9	10	11	12		1	2	3	4	5	6	7	8	9	10	11	12		
	21.00	0.8747	2.1608	2.9123	2.4048	0.949	0.8551	1.5185	0.8373	2.5394	0.9689	3.1433	2.1993		0.2393	0.8327	1.5752	1.4209	0.3463	0.3533	0.6324	0.4309	1.1598	0.57	1.0231	1.0726		
		0.5978	1.0225	2.4617	0.9307	2.2622	0.6823	2.3393	0.9915	2.2261	1.3637	0.3157	2.4028		0.4939	0.6399	1.2867	0.3531	1.2448	0.2805	1.3666	0.5803	1.2158	0.5548	0.2074	1.0966		
		0.6383	0.228	1.1372	1.2272	1.6956	1.9965	1.8089	2.3731	2.1646	2.612	2.1749	2.2854		0.3389	0.1561	0.6635	0.7412	0.8574	1.1675	0.8217	1.3767	1.3049	1.3749	1.3114	0.9993		
		2.3466	2.3186	2.0756	2.2211	0.6431	2.1452	2.5836	2.3026	2.5447	1.4143	2.317	2.3977		1.4519	1.1951	1.0661	1.3108	0.2386	1.2299	1.4806	1.1471	1.2543	0.5128	1.1931	1.2204		
		0.8455	1.1766	1.892	2.0547	1.0019	2.4777	2.5168	0.7872	2.5028	2.3433	1.3208	2.4562		0.3214	0.476	1.0708	1.1569	0.7143	1.3917	1.3115	0.299	1.1563	1.2649	0.5157	1.138		
		0.8456	1.0858	2.2657	1.9136	1.5478	2.2238	1.8317	0.2949	0.6476	2.5553	2.2922	2.3802		0.5982	0.7174	0.9103	0.8308	0.8302	1.0291	1.0017	0.207	0.2665	1.6042	1.0036	1.1618		
		2.3569	2.5813	2.1814	2.2694	0.918	1.4704	0.7697	2.086	0.478	1.1504	0.9096	1.1908		1.4526	1.7562	1.2319	0.9054	0.5477	1.0391	0.3608	1.1036	0.2028	0.6562	0.3906	0.5607		
		1.4814	0.6219	0.7342	0.6682	0.3413	0.8247	0.8085	0.5637	0.6841	0.8978	0.4383	1.2232		0.3779	0.2255	0.4382	0.3511	0.2476	0.2972	0.2833	0.2583	0.2657	0.4041	0.1827	0.4512		
		
~End
Copyright © 2003 Molecular Devices. All rights reserved.
