##BLOCKS= 1          
Plate:	Plate#1	1.3	PlateFormat	Endpoint	Absorbance	Raw	FALSE	1						2	490 750	1	12	96	1	8	None	
	Temperature(¡C)	1	2	3	4	5	6	7	8	9	10	11	12		1	2	3	4	5	6	7	8	9	10	11	12		
	21.00	1.1555	2.0722	2.7991	2.0951	1.0799	0.874	2.0588	0.8875	2.6692	1.6636	3.2508	2.6201		0.3533	0.7695	1.5132	1.2398	0.3216	0.3385	0.8728	0.3765	1.2251	0.9554	1.1298	1.2308		
		0.6837	1.001	2.0785	0.6212	1.9837	0.606	2.266	1.1154	2.2241	1.1396	0.2168	2.4233		0.5501	0.6387	1.1336	0.2398	1.0572	0.246	1.1905	0.6861	1.2329	0.5551	0.1336	1.128		
		1.6485	0.1552	1.3071	2.0733	1.9619	1.5505	2.0481	2.368	2.2398	2.6202	1.8553	2.5527		0.8357	0.1199	0.7284	1.2305	0.8994	0.8438	0.8968	1.4248	1.0978	1.4036	1.0343	1.1579		
		2.591	2.1653	2.4159	2.1125	1.2258	2.0316	2.4489	2.294	2.5299	1.0116	2.644	2.0902		1.4886	1.2267	1.326	1.1493	0.3809	1.116	1.4501	1.1406	1.1472	0.3658	1.3366	1.118		
		0.9899	1.2318	2.4214	2.516	1.0358	2.4969	2.2202	1.2195	2.6822	2.3793	1.2951	2.5521		0.4101	0.4075	1.2787	1.4816	0.5464	1.4674	1.145	0.4766	1.3577	1.1368	0.4126	1.2547		
		0.5326	1.228	2.1643	2.708	1.9897	1.9644	1.2142	0.4071	1.3478	1.7332	1.9577	2.1099		0.317	0.8317	0.9447	1.1337	1.1053	0.97	0.6673	0.2842	0.491	1.0263	0.8772	0.7924		
		2.5939	2.5394	1.9918	2.5605	1.757	1.0806	0.5285	2.3014	0.7317	1.1704	0.8559	1.3231		1.4937	1.7293	1.0915	0.9905	1.0929	0.7319	0.2688	1.4396	0.3268	0.682	0.3683	0.6317		
		1.8107	0.4864	1.0243	0.95	0.4452	0.8361	0.5365	0.4537	0.7121	0.5924	0.5296	1.0252		0.5253	0.2156	0.6425	0.375	0.3005	0.3043	0.2207	0.2389	0.2728	0.2661	0.2213	0.395		
		
~End
Copyright © 2003 Molecular Devices. All rights reserved.
