##BLOCKS= 1          
Plate:	Plate#1	1.3	PlateFormat	Endpoint	Absorbance	Raw	FALSE	1						2	490 750	1	12	96	1	8	None	
	Temperature(¡C)	1	2	3	4	5	6	7	8	9	10	11	12		1	2	3	4	5	6	7	8	9	10	11	12		
	22.90	0.3025	1.3397	0.3793	1.8169	0.355	0.8969	1.7134	1.3112	1.8089	1.3089	3.7312	2.1291		0.1442	0.4929	0.1763	0.8423	0.1742	0.3647	0.6971	0.5635	0.8326	0.4928	2.1757	0.8418		
		0.4712	1.6678	1.7595	2.5219	1.7779	0.8432	1.5537	1.1847	1.7302	0.8425	1.7593	1.858		0.3258	1.0126	0.7033	1.2091	0.7366	0.4437	0.6797	0.6155	0.7108	0.3497	0.5971	0.7359		
		0.894	0.2529	1.2298	2.2039	1.5354	1.3812	1.1228	0.8247	0.4813	2.261	2.2773	2.041		0.4274	0.146	0.5634	0.9972	0.6018	0.5971	0.6155	0.2665	0.2201	1.0492	1.1437	0.8731		
		1.7412	1.6221	0.2895	0.5885	0.4141	0.541	0.4295	1.2259	1.9061	1.2712	0.8427	1.529		0.8347	0.737	0.1305	0.2798	0.1811	0.2334	0.1845	0.4611	0.8415	0.4857	0.4278	0.622		
		1.1028	1.8029	0.371	1.0379	1.5081	0.502	2.0278	0.7798	1.7835	1.3277	0.5843	1.6704		0.53	0.7013	0.1608	0.4092	0.9531	0.2031	0.7408	0.3488	0.7643	0.6169	0.3041	0.7406		
		0.6695	1.0531	1.7622	1.4931	1.5768	0.7632	1.7419	0.429	0.8027	1.0157	1.3018	2.8688		0.2268	0.4669	0.6432	0.7335	0.7437	0.2487	0.6474	0.189	0.338	0.4268	0.4525	0.7243		
		1.1251	2.0382	0.9907	1.4525	0.1692	0.4711	0.484	1.8568	0.5765	0.5646	0.6802	0.9503		0.5338	0.91	0.4768	0.4681	0.1419	0.2029	0.2198	0.7341	0.2679	0.2514	0.2193	0.3744		
		0.3956	0.9486	0.6749	0.9039	1.557	0.3693	0.3713	0.283	0.3586	0.3208	0.3947	0.3625		0.1653	0.3998	0.2583	0.326	0.6986	0.162	0.1767	0.1655	0.1821	0.1619	0.1772	0.1696		
		
~End
Copyright © 2003 Molecular Devices. All rights reserved.
