##BLOCKS= 1          
Plate:	Plate#1	1.3	PlateFormat	Endpoint	Absorbance	Raw	FALSE	1						2	490 750	1	12	96	1	8	None	
	Temperature(¡C)	1	2	3	4	5	6	7	8	9	10	11	12		1	2	3	4	5	6	7	8	9	10	11	12		
	22.90	0.4279	1.1985	0.3418	1.4422	0.3768	1.0457	1.6501	1.3475	2.1705	1.5617	3.7415	1.7448		0.192	0.4668	0.1673	0.6788	0.1865	0.4245	0.6675	0.5706	1.0854	0.569	1.7442	0.7651		
		0.49	1.6404	1.6865	2.3968	1.7413	0.7921	1.468	1.2241	1.8436	0.5549	2.2478	1.7151		0.3954	0.9911	0.6918	1.128	0.6769	0.4227	0.6431	0.5137	0.7329	0.2567	0.7364	0.7185		
		0.9354	0.3253	1.3346	2.1986	1.5925	1.2662	1.1919	0.9436	0.5187	2.0321	2.1163	1.8772		0.4806	0.1777	0.6321	0.9847	0.6228	0.5438	0.6285	0.3099	0.2301	0.9428	1.0833	0.8471		
		1.8587	2.0644	0.3245	0.6835	0.5286	0.669	0.4599	1.6038	1.9805	1.2227	1.0301	1.6366		0.9252	0.9587	0.1329	0.3153	0.2131	0.2652	0.1939	0.6147	0.8759	0.4967	0.514	0.7533		
		1.2932	2.1055	0.3331	0.9957	1.3639	0.4635	2.076	0.7703	1.9059	1.1031	0.7498	1.6376		0.6315	0.8762	0.1469	0.3856	0.8212	0.1932	0.7885	0.3404	0.8604	0.5131	0.3351	0.6436		
		0.6581	1.1967	1.421	1.3763	1.8246	0.7354	1.3212	0.4662	0.6151	0.8557	0.9971	3.3191		0.2172	0.5034	0.6461	0.6429	0.8204	0.244	0.4951	0.2012	0.2722	0.3215	0.6104	1.3343		
		1.1548	1.7796	1.088	1.225	0.1627	0.4779	0.4791	1.69	0.5923	0.5097	0.7249	0.809		0.4847	0.8674	0.4995	0.3966	0.1363	0.2037	0.221	0.6863	0.2818	0.2254	0.2414	0.2931		
		0.3699	0.9705	0.6505	0.6663	1.8952	0.3523	0.4069	0.2773	0.407	0.3309	0.3256	0.3133		0.1526	0.3641	0.2593	0.2542	0.8233	0.1547	0.2074	0.1601	0.1956	0.1683	0.1597	0.1547		
		
~End
Copyright © 2003 Molecular Devices. All rights reserved.
