##BLOCKS= 1          
Plate:	Plate#1	1.3	PlateFormat	Endpoint	Absorbance	Raw	FALSE	1						2	490 750	1	12	96	1	8	None	
	Temperature(¡C)	1	2	3	4	5	6	7	8	9	10	11	12		1	2	3	4	5	6	7	8	9	10	11	12		
	22.90	0.2366	1.2615	0.2438	3.0158	0.2651	0.9259	0.5245	0.3742	1.8523	1.2277	2.2905	1.5571		0.1612	0.8404	0.1811	1.6513	0.1924	0.5657	0.2252	0.2465	1.3493	0.7193	0.6472	1.0992		
		0.7159	1.198	1.8335	0.2506	2.3397	0.6534	2.4197	1.405	1.7101	0.3033	0.274	1.9023		0.5475	0.957	1.2096	0.1788	1.4335	0.4122	1.4129	1.0433	1.1731	0.2007	0.2011	1.2995		
		0.3246	0.1808	0.2646	0.3644	1.5446	1.9605	1.4119	0.3572	0.3629	1.8736	1.9165	1.5691		0.2142	0.122	0.1891	0.2736	0.8952	1.1414	0.896	0.2314	0.2354	1.3522	1.3416	1.0428		
		2.0643	2.0447	1.8751	2.331	0.2988	0.7082	0.3947	1.6932	2.2724	0.377	1.674	1.7662		1.3677	1.4224	1.3083	1.4183	0.2077	0.4663	0.2533	1.1247	1.5315	0.2397	1.1794	1.216		
		1.708	1.5406	0.2456	2.4937	1.6979	0.2759	1.8446	0.2192	2.0259	2.2357	0.2484	1.8517		1.197	0.44	0.1767	1.417	1.0095	0.1961	1.2273	0.1625	1.3289	1.3183	0.1774	1.2226		
		0.2613	0.8271	1.2068	1.1861	1.2591	0.3405	1.1116	0.4653	0.2869	1.1477	0.8227	1.5357		0.188	0.5669	0.783	0.8809	0.8206	0.214	0.7058	0.3257	0.2001	0.8012	0.5732	0.8844		
		1.0548	0.6442	0.6992	0.6311	1.0462	1.4281	0.239	0.3106	0.311	0.268	0.3072	0.3614		0.7411	0.4269	0.4767	0.4126	0.8003	0.9592	0.1671	0.1949	0.2098	0.1836	0.2036	0.2281		
		0.2058	0.2497	0.2832	0.3617	0.3373	0.2462	0.2293	0.224	0.2734	0.2528	0.2053	0.2677		0.1422	0.1714	0.1985	0.2532	0.2465	0.1572	0.1644	0.1551	0.1968	0.1856	0.1504	0.1821		
		
~End
Copyright © 2003 Molecular Devices. All rights reserved.
