##BLOCKS= 1          
Plate:	Plate#1	1.3	PlateFormat	Endpoint	Absorbance	Raw	FALSE	1						2	490 750	1	12	96	1	8	None	
	Temperature(¡C)	1	2	3	4	5	6	7	8	9	10	11	12		1	2	3	4	5	6	7	8	9	10	11	12		
	22.90	0.2212	1.2226	0.3495	2.7933	0.2227	0.962	0.5699	0.3433	1.8456	1.0889	2.319	1.7428		0.1598	0.7969	0.2548	1.512	0.1656	0.5953	0.2432	0.2232	1.3723	0.6552	0.6598	1.2099		
		0.6182	1.2434	1.8026	0.2688	2.2448	0.6989	2.4131	1.3562	1.9118	0.307	0.2485	1.8878		0.4626	1.0084	1.195	0.1903	1.36	0.433	1.4097	1.0092	1.2841	0.2052	0.1804	1.3023		
		0.2869	0.1753	0.25	0.2559	1.4984	2.0553	1.3527	0.3696	0.3031	1.9711	1.9379	1.8055		0.2026	0.1212	0.1798	0.1959	0.823	1.1974	0.8529	0.2471	0.2045	1.4093	1.3264	1.2704		
		1.8183	1.8796	1.7238	2.5371	0.2759	0.7336	0.3939	1.7019	2.0781	0.435	1.8759	1.767		1.2282	1.264	1.2303	1.4863	0.1926	0.4963	0.2736	1.1537	1.3671	0.2704	1.3103	1.2297		
		1.7351	1.7209	0.2634	2.559	2.4931	0.2408	1.8949	0.2548	2.0018	2.0292	0.2476	1.923		1.1914	0.5142	0.2001	1.4044	1.4642	0.173	1.2726	0.2023	1.2973	1.2539	0.1783	1.2296		
		0.3218	0.832	1.295	1.2284	1.0766	0.3932	1.0697	0.3918	0.2931	1.2846	0.9609	1.1716		0.2328	0.5837	0.8346	0.9063	0.6845	0.2476	0.7007	0.2733	0.2083	0.8681	0.6472	0.66		
		1.1554	0.8255	0.7284	0.8395	0.6307	1.6684	0.3692	0.3861	0.3515	0.2534	0.3225	0.2887		0.7927	0.5457	0.4994	0.569	0.4618	1.1229	0.2518	0.2427	0.2382	0.1747	0.2126	0.1844		
		0.2169	0.2741	0.2815	0.2821	0.2526	0.3532	0.2204	0.2389	0.2241	0.666	0.1873	0.2703		0.1576	0.1856	0.1924	0.1857	0.1812	0.227	0.1538	0.1634	0.1638	0.6131	0.1414	0.187		
		
~End
Copyright © 2003 Molecular Devices. All rights reserved.
