##BLOCKS= 1          
Plate:	Plate#1	1.3	PlateFormat	Endpoint	Absorbance	Raw	FALSE	1						2	490 750	1	12	96	1	8	None	
	Temperature(¡C)	1	2	3	4	5	6	7	8	9	10	11	12		1	2	3	4	5	6	7	8	9	10	11	12		
	22.90	0.2099	1.2657	0.3087	2.7434	0.253	1.1162	0.5806	0.3862	2.7771	1.1188	2.5401	1.8381		0.1516	0.8179	0.2274	1.5312	0.1841	0.7117	0.2708	0.2527	2.0837	0.7132	0.6589	1.3135		
		0.593	1.4393	1.9919	0.2629	1.4862	0.9871	1.902	1.2234	1.9543	0.4193	0.2923	1.7398		0.4624	1.1891	1.2664	0.1821	0.9956	0.6557	1.2933	0.897	1.3813	0.2565	0.217	1.173		
		0.2878	0.1726	0.3855	0.3281	1.4453	1.8596	1.3391	0.3452	0.3443	1.7866	1.7405	1.8108		0.1953	0.114	0.2575	0.2345	0.8709	1.1396	0.812	0.2217	0.2198	1.3449	1.2549	1.1976		
		1.9147	1.7436	1.6925	2.0167	0.2746	1.5953	0.3541	1.955	1.9245	0.3325	1.8194	1.6995		1.2697	1.2043	1.2321	1.4318	0.1907	1.2056	0.2324	1.2692	1.3518	0.2129	1.2868	1.2354		
		1.7069	1.5247	0.2378	2.3505	2.0664	1.6804	2.1396	0.2337	2.0653	2.0509	0.4504	1.9907		1.1739	0.4341	0.1707	1.3459	1.197	1.119	1.3727	0.1701	1.3253	1.355	0.314	1.2464		
		0.2679	0.8251	1.2312	1.2121	1.1577	0.4268	1.0812	0.4757	0.2478	1.1103	1.2767	1.1172		0.1964	0.5702	0.8159	0.8908	0.7467	0.2645	0.6923	0.339	0.1751	0.7612	0.9032	0.6553		
		1.2262	0.9408	0.7694	0.9837	0.7257	1.3514	0.2755	0.4146	0.3546	0.2929	0.2653	0.334		0.8761	0.6228	0.5198	0.707	0.5588	0.9096	0.1894	0.2511	0.2376	0.2023	0.1744	0.2113		
		0.3044	0.2906	0.3292	0.3023	0.2536	0.2555	0.2084	0.1817	0.2497	0.2111	0.2097	0.2532		0.2049	0.1949	0.2188	0.2077	0.1847	0.1679	0.1504	0.1395	0.1775	0.1583	0.1537	0.1768		
		
~End
Copyright © 2003 Molecular Devices. All rights reserved.
