##BLOCKS= 1          
Plate:	Plate#1	1.3	PlateFormat	Endpoint	Absorbance	Raw	FALSE	1						2	490 750	1	12	96	1	8	None	
	Temperature(¡C)	1	2	3	4	5	6	7	8	9	10	11	12		1	2	3	4	5	6	7	8	9	10	11	12		
	22.90	0.3001	1.1499	0.2536	2.5758	0.2519	0.4216	1.2451	0.3754	1.1301	0.3026	2.8285	1.9084		0.2067	0.7462	0.1793	1.4493	0.1847	0.2939	0.7697	0.2627	0.6916	0.2417	0.736	1.2905		
		0.4593	2.062	1.8812	0.2641	1.9527	0.4391	1.4405	1.1839	1.9423	0.453	0.5187	1.7451		0.3724	1.5103	1.1834	0.1628	1.1947	0.2751	0.9675	0.7175	1.1377	0.31	0.3811	1.0985		
		1.1271	0.1514	0.6792	1.2608	1.2235	1.6628	1.385	2.1862	1.8068	1.6636	1.8444	1.9895		0.7008	0.116	0.4206	0.7882	0.8094	1.0025	0.7692	1.256	1.2006	1.2681	1.2606	1.2381		
		2.0712	1.8134	1.9737	2.1897	0.4541	2.1077	0.8868	1.8111	1.7258	0.8127	1.7746	1.6985		1.3358	1.1255	1.2629	1.314	0.2916	1.2627	0.5603	1.0722	1.1511	0.5443	1.112	0.9553		
		0.7465	1.2412	2.0684	0.6321	0.8267	2.1477	1.7007	0.415	2.0254	1.7562	0.3738	2.2345		0.3044	0.6015	1.3045	0.4087	0.5509	1.2456	1.1293	0.2688	1.1935	1.1434	0.263	1.2402		
		1.673	0.8744	1.4332	1.907	1.8527	2.3002	1.2882	0.3841	0.4059	2.0747	1.2167	1.4338		1.1597	0.4943	0.6799	0.9065	0.7609	0.9027	0.6912	0.2401	0.2504	0.9529	0.6345	0.6465		
		1.1129	1.7364	0.8086	1.4717	1.0833	1.2607	0.4684	0.8549	0.6466	0.417	1.0662	1.0792		0.5015	1.1268	0.5185	0.777	0.5697	0.8851	0.3234	0.6021	0.4696	0.2702	0.6814	0.6995		
		0.7496	0.4802	1.9191	1.0862	1.6137	0.646	0.2687	0.2982	0.3706	0.2164	0.2121	0.4393		0.452	0.3048	0.9787	0.6111	1.1166	0.4265	0.1769	0.1799	0.2618	0.1564	0.1523	0.3042		
		
~End
Copyright © 2003 Molecular Devices. All rights reserved.
