##BLOCKS= 1          
Plate:	Plate#1	1.3	PlateFormat	Endpoint	Absorbance	Raw	FALSE	1						2	490 750	1	12	96	1	8	None	
	Temperature(¡C)	1	2	3	4	5	6	7	8	9	10	11	12		1	2	3	4	5	6	7	8	9	10	11	12		
	22.90	0.2162	1.2382	0.315	2.4723	0.2494	0.3143	1.1838	0.4305	1.2995	0.3093	2.7691	2.1836		0.156	0.8114	0.2325	1.4793	0.1914	0.2278	0.7353	0.3067	0.8081	0.249	1.0354	1.3127		
		0.5914	2.0325	1.8545	0.4005	2.1175	0.3458	1.8889	1.2227	2.3915	0.5051	1.3012	1.861		0.475	1.5036	1.1489	0.2944	1.2959	0.2316	1.1724	0.7696	1.3579	0.3344	1.0094	1.1661		
		1.2398	0.1612	0.6	1.2186	1.0384	1.9804	1.3388	2.1579	1.9295	1.5964	1.8985	1.9297		0.7561	0.1234	0.3806	0.7658	0.6499	1.2058	0.7657	1.2521	1.2794	1.1602	1.2719	1.2028		
		2.1837	2.1519	2.0502	2.1579	0.4893	1.9538	1.2467	2.0248	1.9173	1.1807	1.9155	1.6161		1.3972	1.3122	1.3021	1.2714	0.3112	1.1671	0.7742	1.2478	1.2391	0.819	1.2157	0.9032		
		0.8407	1.4627	2.2222	0.7317	0.9049	2.4685	1.9844	0.4333	2.1937	2.0369	0.2602	2.1316		0.364	0.7173	1.3425	0.4872	0.5862	1.4988	1.3043	0.2804	1.3269	1.291	0.1842	1.1452		
		1.7251	0.8547	1.7528	1.996	1.529	1.8188	0.9671	0.3715	0.5114	1.9268	1.0207	1.7489		1.1733	0.4849	0.8407	0.947	0.6414	0.7157	0.537	0.2285	0.3108	0.8988	0.4732	0.8154		
		1.1261	1.3544	0.7491	1.1846	1.3543	1.0884	0.5453	0.9109	0.5628	0.4909	0.9463	1.2414		0.4677	1.0057	0.4755	0.6124	0.7792	0.6616	0.3901	0.6598	0.4131	0.3229	0.6117	0.8371		
		0.7097	0.7527	1.9173	1.4444	1.3807	0.6512	0.2739	0.3164	0.3478	0.3023	0.2742	0.2495		0.4724	0.4939	1.127	0.8355	0.8142	0.4459	0.1955	0.1868	0.2321	0.2094	0.1951	0.1738		
		
~End
Copyright © 2003 Molecular Devices. All rights reserved.
