##BLOCKS= 1          
Plate:	Plate#1	1.3	PlateFormat	Endpoint	Absorbance	Raw	FALSE	1						2	490 750	1	12	96	1	8	None	
	Temperature(¡C)	1	2	3	4	5	6	7	8	9	10	11	12		1	2	3	4	5	6	7	8	9	10	11	12		
	22.90	0.2463	0.6754	0.2178	0.974	0.255	0.549	0.4466	0.3304	1.7301	0.9792	1.2934	1.3807		0.18	0.4914	0.1681	0.6987	0.1951	0.4398	0.285	0.2378	1.3883	0.7798	0.4627	0.9945		
		0.5096	0.2996	1.1649	0.1695	1.168	0.1518	1.68	1.0617	1.1729	0.3589	0.1918	1.1312		0.3839	0.205	0.8572	0.124	0.8789	0.1158	1.3589	0.7447	0.8827	0.2408	0.1322	0.7933		
		0.6131	0.1515	0.3361	0.2607	0.9002	0.3835	0.4313	1.2611	0.3992	1.4644	1.0041	1.1243		0.4317	0.1193	0.2489	0.1648	0.6491	0.2761	0.3322	1.0171	0.2983	1.1815	0.706	0.8507		
		1.2718	1.3552	0.9611	1.691	0.2495	0.3503	0.7368	1.0661	0.8489	0.1938	1.4481	1.3601		1.0595	1.0028	0.674	1.3658	0.1789	0.275	0.5402	0.7879	0.5966	0.1487	1.1439	0.9519		
		0.5257	1.249	0.1987	1.0429	0.5358	1.7605	1.3898	0.2492	1.5805	1.3295	0.2247	1.9656		0.2611	0.6615	0.1382	0.7203	0.3776	1.4548	1.1067	0.192	1.2527	0.9679	0.1693	1.3676		
		0.6172	1.2481	1.32	0.7977	0.2658	0.3101	0.6881	0.3555	0.222	1.4019	1.2865	1.2433		0.4237	0.8008	0.7152	0.5378	0.2	0.2025	0.4292	0.2228	0.1677	0.751	0.8442	0.7079		
		0.3353	0.9542	0.4256	1.1347	0.1683	0.8494	0.2086	0.181	0.2321	0.2473	0.2952	0.2538		0.2304	0.7159	0.3019	0.6985	0.1268	0.603	0.1515	0.1341	0.1705	0.1742	0.1977	0.1575		
		0.321	0.2655	0.2285	0.3633	0.2274	0.1629	0.3671	0.1823	0.164	0.1957	0.3684	0.6024		0.2348	0.1941	0.1588	0.2504	0.1638	0.1185	0.2442	0.1336	0.1222	0.1442	0.2873	0.4585		
		
~End
Copyright © 2003 Molecular Devices. All rights reserved.
