##BLOCKS= 1          
Plate:	Plate#1	1.3	PlateFormat	Endpoint	Absorbance	Raw	FALSE	1						2	490 750	1	12	96	1	8	None	
	Temperature(¡C)	1	2	3	4	5	6	7	8	9	10	11	12		1	2	3	4	5	6	7	8	9	10	11	12		
	22.90	0.2743	0.6796	0.4394	1.0813	0.2699	0.2671	0.388	0.2838	1.5129	0.258	1.5586	1.0696		0.1909	0.4973	0.3401	0.788	0.2073	0.2087	0.2461	0.2094	1.2199	0.1999	0.6323	0.7618		
		0.6106	0.3038	1.2943	0.1799	1.3402	0.2401	1.3571	1.2147	1.1282	0.449	0.1728	1.4942		0.4542	0.2104	0.9424	0.1411	1.0311	0.1816	1.0573	0.9303	0.8284	0.3189	0.1243	1.092		
		0.6979	0.1547	0.2836	0.2582	0.9098	0.2264	0.4523	1.3178	0.5538	1.6998	1.1431	1.6785		0.4844	0.1209	0.2084	0.1887	0.6592	0.1668	0.3514	1.047	0.4269	1.4126	0.8267	1.3182		
		1.6868	1.7373	1.4084	1.5523	0.3244	0.4294	0.5149	0.4915	1.2183	0.2132	1.5704	1.428		1.256	1.3397	1.0799	1.1954	0.2397	0.3289	0.3766	0.3279	0.8824	0.1526	1.2606	1.0845		
		0.4634	1.6242	0.3172	0.8973	0.6516	1.4797	1.3453	0.2618	1.5816	1.5506	0.2107	1.5248		0.2134	0.8697	0.2359	0.648	0.4904	1.1888	1.0397	0.2024	1.2352	1.1453	0.16	1.0783		
		0.3248	1.1179	2.2639	0.7071	0.2969	0.3429	0.3834	0.4029	0.2411	1.7711	0.4645	1.3305		0.2206	0.701	1.371	0.462	0.2212	0.2314	0.2237	0.278	0.1782	0.9746	0.3004	0.7048		
		0.2231	0.2831	0.3707	1.8306	0.3115	0.3456	0.2862	0.1704	0.2459	0.2626	0.2365	0.5703		0.1591	0.2045	0.2678	1.1366	0.2262	0.2453	0.2113	0.1287	0.1725	0.1875	0.1649	0.3694		
		0.236	0.2936	0.243	0.3267	0.3208	0.2205	0.1896	0.1697	0.2185	0.2003	0.1588	0.2369		0.1849	0.2061	0.174	0.2136	0.2271	0.1628	0.1424	0.122	0.1538	0.1476	0.1224	0.169		
		
~End
Copyright © 2003 Molecular Devices. All rights reserved.
