##BLOCKS= 1          
Plate:	Plate#1	1.3	PlateFormat	Endpoint	Absorbance	Raw	FALSE	1						2	490 750	1	12	96	1	8	None	
	Temperature(¡C)	1	2	3	4	5	6	7	8	9	10	11	12		1	2	3	4	5	6	7	8	9	10	11	12		
	22.50	0.2871	1.61	0.3694	2.8995	0.3149	0.574	1.5719	0.4626	2.159	0.3464	2.7606	2.5846		0.1937	0.9896	0.2313	1.3896	0.2069	0.338	0.7807	0.2913	1.0466	0.2641	0.78	1.3573		
		0.6112	1.0227	1.9793	0.3788	2.0348	0.508	1.8725	1.2026	2.3724	0.809	1.3927	1.9648		0.4904	0.7306	1.0993	0.2289	1.0173	0.3121	1.0762	0.696	1.0873	0.4939	0.9377	1.0433		
		1.7255	0.1674	0.7953	1.9684	1.4705	1.992	1.5475	2.6715	2.0123	2.3395	2.3083	2.2336		0.8718	0.1196	0.4103	1.3071	0.7349	0.9936	0.6604	1.2775	1.2899	1.3343	1.3439	1.2074		
		2.0764	2.4856	2.4473	2.4905	0.5561	2.19	1.229	2.1731	2.284	0.9391	2.5834	1.8252		1.2515	1.3527	1.2628	1.2694	0.3064	1.256	0.7287	1.0457	1.1455	0.5099	1.2242	0.8922		
		0.9738	2.1183	0.4438	0.5317	1.4722	1.8644	2.2366	1.1043	2.7492	2.2364	0.3493	1.8962		0.3141	0.837	0.2834	0.322	0.926	1.0704	1.14	0.5749	1.3899	1.1255	0.2132	0.9705		
		1.7362	0.9394	1.8977	2.2103	1.7313	2.1977	1.3845	0.3729	0.5824	1.4858	1.6444	1.645		1.1283	0.4344	0.7293	0.909	0.6575	0.8671	0.6718	0.2396	0.3141	0.6888	0.6696	0.5575		
		1.4011	1.847	0.6169	1.8204	1.4871	1.4734	0.6478	1.7235	1.0809	1.1085	0.8305	0.8391		0.4596	1.1014	0.3824	0.6364	0.7046	0.9061	0.4059	1.0788	0.7158	0.659	0.4794	0.4899		
		0.8055	0.6994	1.3558	1.8113	1.0073	0.7081	0.3179	0.3701	0.3376	0.2175	0.2503	0.2588		0.502	0.4432	0.6776	1.0144	0.5771	0.4139	0.1821	0.2174	0.2158	0.1484	0.1644	0.1617		
		
~End
Copyright © 2003 Molecular Devices. All rights reserved.
