##BLOCKS= 1          
Plate:	Plate#1	1.3	PlateFormat	Endpoint	Absorbance	Raw	FALSE	1						2	490 750	1	12	96	1	8	None	
	Temperature(¡C)	1	2	3	4	5	6	7	8	9	10	11	12		1	2	3	4	5	6	7	8	9	10	11	12		
	22.50	0.3831	1.6256	1.1334	2.9542	0.2751	0.4508	1.1965	0.4291	1.6384	0.3173	2.9944	2.6331		0.2409	1.0366	0.6732	1.3997	0.1815	0.2694	0.589	0.2776	0.8041	0.2319	0.8654	1.4027		
		0.6383	1.203	1.9079	0.2876	2.1543	0.3115	1.9296	1.1604	2.6068	0.8015	0.9165	1.9254		0.5071	0.8716	1.0857	0.1711	1.077	0.1929	1.1201	0.6607	1.2957	0.4863	0.5652	0.9997		
		1.6618	0.1605	0.8043	1.9647	1.409	1.9643	1.5123	2.7319	1.8791	2.0571	2.1831	2.3091		0.8709	0.1151	0.4357	1.2662	0.7164	1.0242	0.698	1.2664	1.2177	1.0841	1.3017	1.2286		
		2.2225	2.5208	2.4669	2.6591	0.4958	2.363	1.4657	2.1357	1.7483	1.0066	2.3995	1.8737		1.3495	1.3963	1.214	1.2981	0.2741	1.3183	0.8725	1.0332	0.9397	0.5365	1.1541	0.9351		
		0.8543	1.386	0.3091	0.5757	1.1141	1.9009	2.4169	0.8795	2.6866	2.4658	0.3529	2.4268		0.3054	0.6039	0.1902	0.3494	0.6952	1.0875	1.2765	0.4656	1.3984	1.3541	0.2189	1.1823		
		1.7482	1.0512	1.5515	1.9296	1.6589	2.3461	1.3446	0.4412	0.6813	1.1277	1.2407	1.8502		1.1525	0.5042	0.5683	0.7814	0.6234	0.9866	0.6215	0.2819	0.3602	0.4991	0.4757	0.6566		
		1.6946	1.7563	0.6708	1.3748	1.7884	1.0817	0.5323	1.409	0.9442	0.7323	1.6081	0.9687		0.6133	1.1087	0.4122	0.5215	0.8749	0.7009	0.3238	0.8752	0.6073	0.3929	0.9648	0.5942		
		0.6737	0.8896	1.1255	1.1527	0.876	1.2401	0.2875	0.3107	0.2705	0.2448	0.2507	0.3909		0.3856	0.5264	0.5744	0.679	0.5009	0.7674	0.1717	0.1818	0.1684	0.1693	0.1632	0.2343		
		
~End
Copyright © 2003 Molecular Devices. All rights reserved.
