##BLOCKS= 1          
Plate:	Plate#1	1.3	PlateFormat	Endpoint	Absorbance	Raw	FALSE	1						2	490 750	1	12	96	1	8	None	
	Temperature(¡C)	1	2	3	4	5	6	7	8	9	10	11	12		1	2	3	4	5	6	7	8	9	10	11	12		
	23.00	0.3071	1.7209	0.3019	2.7384	0.3383	1.3014	1.4282	0.6655	2.0628	1.8699	2.0389	1.84		0.1771	0.7577	0.1697	1.267	0.1895	0.8275	0.6864	0.3893	0.9962	1.359	0.6539	1.1897		
		0.5117	1.9671	2.0502	2.303	1.9987	0.7558	1.8668	0.9412	2.0169	0.7003	1.9476	1.8173		0.3861	1.5156	1.1605	1.3994	1.3109	0.3859	1.1305	0.5933	1.2183	0.3999	1.0078	1.1439		
		0.3796	0.5408	1.403	2.3823	1.5307	2.1308	2.2741	2.1318	1.8033	2.0302	1.799	2.0248		0.2176	0.2699	0.8322	1.3011	0.7985	1.0054	0.8795	1.2606	1.2032	1.2977	1.248	1.1848		
		2.1367	2.1189	1.8412	2.3716	0.8111	1.9993	0.8389	2.145	1.1003	0.4808	1.8955	2.2643		1.2674	1.2274	1.0863	1.3206	0.4694	1.1909	0.4755	1.2711	0.6144	0.2649	0.956	0.9958		
		0.8506	1.7983	2.2361	2.5374	2.5116	2.1126	2.1417	0.3852	2.4321	2.4584	0.34	1.8803		0.3655	0.5543	1.2985	1.3391	1.3817	1.2765	1.1624	0.211	1.395	1.4042	0.1832	0.9758		
		0.4319	1.2861	2.1903	2.0249	2.0602	3.2305	2.086	0.3987	0.6133	1.871	1.7767	1.7404		0.2691	0.456	0.7067	0.8153	0.8171	0.899	0.7417	0.2676	0.3053	0.6804	0.5346	0.6777		
		1.5255	1.9217	0.6607	1.865	1.7726	1.859	0.4123	0.7015	0.5345	0.5651	0.7121	0.7648		0.5853	1.0968	0.3659	0.5276	0.8101	0.8574	0.2423	0.3628	0.3016	0.3009	0.3408	0.369		
		0.3609	0.4802	1.1094	0.4981	0.4003	0.6669	0.4315	0.403	0.3468	0.274	0.3169	0.3108		0.1709	0.2413	0.5282	0.2326	0.275	0.2811	0.213	0.2355	0.181	0.1605	0.1647	0.1656		
		
~End
Copyright © 2003 Molecular Devices. All rights reserved.
