##BLOCKS= 1          
Plate:	Plate#1	1.3	PlateFormat	Endpoint	Absorbance	Raw	FALSE	1						2	490 750	1	12	96	1	8	None	
	Temperature(¡C)	1	2	3	4	5	6	7	8	9	10	11	12		1	2	3	4	5	6	7	8	9	10	11	12		
	22.90	0.3619	1.7813	0.3627	2.6126	0.3558	1.2124	1.506	0.719	1.9099	1.9133	1.7285	1.9959		0.2025	0.7681	0.1993	1.2084	0.2032	0.7701	0.7129	0.416	0.9294	1.3907	0.5316	1.2928		
		0.6756	1.9983	2.1828	2.1537	1.9082	0.7059	1.9259	1.0071	2.1505	0.5982	1.9425	1.9988		0.5348	1.5348	1.2444	1.4323	1.2378	0.3611	1.2041	0.6436	1.3229	0.3397	1.0252	1.3045		
		0.4449	0.6496	1.471	2.4074	1.7292	2.193	1.9113	2.1743	1.6727	1.9985	1.8313	2.2644		0.2588	0.3258	0.8733	1.3065	0.8778	1.0405	0.7135	1.3076	1.1148	1.3015	1.2432	1.3305		
		2.2183	2.1776	1.9251	2.4404	0.8105	2.0216	0.8714	1.9061	1.1107	0.5267	2.1509	2.245		1.2574	1.3215	1.15	1.3344	0.4753	1.2118	0.4863	1.1485	0.6106	0.2921	1.1241	1.015		
		0.8794	1.7138	2.1627	2.7713	2.3946	2.2127	2.2696	0.3551	2.491	2.2983	0.335	2.1503		0.3789	0.5219	1.249	1.4427	1.3265	1.3343	1.2362	0.1945	1.4042	1.2627	0.1803	1.1211		
		0.4616	1.312	2.0768	2.2186	2.0834	3.2952	1.6964	0.4396	0.5315	1.9048	1.7556	1.8414		0.2481	0.4755	0.6666	0.9289	0.8147	0.9987	0.6023	0.2949	0.2663	0.7169	0.5571	0.6834		
		1.8016	1.9593	0.7257	1.7289	1.7295	1.8713	0.4737	0.7463	0.5739	0.4702	0.7795	0.687		0.7103	1.1668	0.4246	0.5167	0.8256	0.778	0.2668	0.3868	0.3159	0.2538	0.358	0.3223		
		0.4176	0.6156	0.8999	0.4998	0.3292	0.7213	0.4221	0.4357	0.3327	0.2861	0.2926	0.3236		0.2069	0.3352	0.4277	0.2195	0.2282	0.2997	0.2119	0.2165	0.175	0.163	0.1565	0.187		
		
~End
Copyright © 2003 Molecular Devices. All rights reserved.
