##BLOCKS= 1          
Plate:	Plate#1	1.3	PlateFormat	Endpoint	Absorbance	Raw	FALSE	1						2	490 750	1	12	96	1	8	None	
	Temperature(¡C)	1	2	3	4	5	6	7	8	9	10	11	12		1	2	3	4	5	6	7	8	9	10	11	12		
	22.90	0.4567	1.4013	0.2766	2.532	0.2205	1.387	1.1142	0.2888	1.548	1.4075	1.3816	1.5298		0.2735	0.901	0.1974	1.5103	0.182	1.0184	0.723	0.2141	1.1822	1.1805	0.9624	1.1468		
		0.6562	0.2979	1.6909	1.5587	1.1434	1.3871	1.9325	0.9141	1.4999	0.3583	1.4076	1.6023		0.5094	0.2189	1.29	1.0042	0.8264	0.9086	0.9855	0.665	1.1135	0.272	1.0219	1.1979		
		0.3935	0.1819	1.6667	1.9723	1.5633	1.3403	1.9976	2.4469	2.2448	2.582	1.6753	2.045		0.2451	0.1408	0.6544	1.3417	1.044	0.9775	0.8575	1.6871	1.5153	1.5943	1.1854	1.3781		
		1.8251	1.8624	1.6159	1.4675	0.3799	0.4138	1.4242	2.4752	2.144	0.3926	1.8442	2.1707		1.3631	1.43	1.1825	1.029	0.2727	0.3055	1.0183	1.2815	1.5438	0.2822	1.2404	1.4001		
		2.2011	1.1499	0.2886	2.1232	0.6103	2.0033	1.5043	0.4541	1.8442	2.1408	0.3968	1.643		1.4345	0.8159	0.2057	1.4057	0.4398	1.3163	1.0202	0.3206	1.3209	1.399	0.2678	1.2067		
		0.7623	0.6852	0.8791	1.1489	1.8038	1.9112	0.8647	0.5347	0.3703	0.5035	0.7767	1.8985		0.5694	0.4739	0.6236	0.783	1.2184	1.2346	0.4465	0.3972	0.2681	0.3427	0.5227	0.6432		
		0.6321	1.27	0.6874	1.0426	0.6667	1.1889	1.0248	1.6044	2.3025	0.5696	0.6503	2.0778		0.3351	0.8051	0.5227	0.6851	0.3557	0.7189	0.6749	0.8299	1.0287	0.3674	0.3539	1.0185		
		0.7824	0.4097	2.6542	0.6209	0.5095	2.1857	0.3038	0.2211	1.006	0.287	0.3523	0.362		0.4741	0.2769	1.3033	0.4216	0.394	0.9961	0.1687	0.1611	0.5685	0.1996	0.2368	0.2343		
		
~End
Copyright © 2003 Molecular Devices. All rights reserved.
