##BLOCKS= 1          
Plate:	Plate#1	1.3	PlateFormat	Endpoint	Absorbance	Raw	FALSE	1						2	490 750	1	12	96	1	8	None	
	Temperature(¡C)	1	2	3	4	5	6	7	8	9	10	11	12		1	2	3	4	5	6	7	8	9	10	11	12		
	22.90	0.302	1.6592	0.3587	2.4252	0.1843	1.7628	1.2265	0.4536	1.601	1.3991	2.0251	1.3645		0.2143	0.9541	0.2527	1.4104	0.1495	1.3257	0.8608	0.3631	1.2393	1.156	1.4446	1.033		
		0.584	0.3113	1.6239	2.3205	1.5758	1.2893	2.4305	1.155	1.493	0.3837	2.1674	1.3227		0.4524	0.2419	1.1943	1.5636	1.1846	0.8494	1.3314	0.8608	1.117	0.2852	1.5397	0.9397		
		0.5666	0.1805	2.092	2.3763	1.5281	1.7956	1.5965	2.3464	2.0772	2.0231	2.3119	1.7326		0.3266	0.1364	0.8901	1.5388	0.9848	1.2204	0.6563	1.644	1.4475	1.3998	1.6333	1.2714		
		2.3072	1.4196	1.7528	1.7645	0.3828	0.5105	1.3009	1.5556	2.0748	0.3231	2.1482	1.9702		1.6634	1.067	1.2418	1.2138	0.275	0.4026	0.9144	1.0958	1.4115	0.2299	1.4748	1.3244		
		1.6682	0.9463	0.2323	2.422	0.9896	1.9353	2.0457	0.213	2.5062	2.2293	0.2982	1.5368		1.189	0.6509	0.1679	1.6227	0.7674	1.2649	1.3887	0.161	1.6369	1.4549	0.2001	1.1149		
		0.4708	0.7837	0.7946	1.4486	1.576	2.0425	0.5417	0.6693	0.4172	0.6059	0.7081	2.1406		0.3461	0.5549	0.5746	0.9923	1.0319	1.1324	0.2487	0.5116	0.2922	0.413	0.4736	0.7781		
		1.0725	1.4257	0.4911	1.2498	1.5375	1.1315	1.6232	1.9042	1.6991	0.5029	0.6146	1.4545		0.7384	0.9558	0.371	0.8417	0.8343	0.6484	1.1551	1.0818	0.7436	0.3238	0.3691	0.6696		
		0.8412	0.4294	2.4154	0.7459	0.6358	2.5122	0.3609	0.3173	1.4579	0.8056	0.3879	0.3		0.5164	0.285	1.3304	0.5169	0.4931	1.1253	0.1947	0.2446	0.9431	0.7541	0.2749	0.2		
		
~End
Copyright © 2003 Molecular Devices. All rights reserved.
