##BLOCKS= 1          
Plate:	Plate#1	1.3	PlateFormat	Endpoint	Absorbance	Raw	FALSE	1						2	490 750	1	12	96	1	8	None	
	Temperature(¡C)	1	2	3	4	5	6	7	8	9	10	11	12		1	2	3	4	5	6	7	8	9	10	11	12		
	22.80	0.4021	1.3333	0.4522	2.8912	0.3988	1.8447	0.861	1.2767	1.7168	1.9897	1.4703	1.6855		0.229	0.9093	0.2843	1.9218	0.2477	1.277	0.5512	0.9295	1.1816	1.461	0.3749	1.2079		
		0.5745	2.195	1.5868	1.2247	1.684	0.7866	1.5619	1.4134	1.6499	1.1033	1.325	1.7202		0.4424	1.6094	1.1899	0.8026	1.2152	0.5356	1.1443	0.9719	1.2484	0.7317	0.9022	1.2409		
		2.0576	0.1514	1.5908	1.7635	1.133	1.5379	1.4595	1.8723	1.8113	1.5434	1.6953	1.5232		1.2568	0.1191	1.085	1.2654	0.7782	1.1795	0.8977	1.3841	1.4612	1.0893	1.3053	1.0992		
		2.143	2.1289	1.7995	1.551	2.2309	1.7698	2.3621	1.4081	1.5266	0.5614	1.9676	1.8871		1.4682	1.5712	1.2924	1.1788	1.5659	1.3666	1.6646	0.9869	1.1218	0.3569	1.4354	1.3217		
		0.5429	0.8917	0.3502	2.486	1.2987	1.6723	1.4896	0.4278	1.799	1.726	0.3792	2.0903		0.2931	0.3781	0.2198	1.6904	0.9445	1.2607	1.056	0.2895	1.3598	1.2964	0.252	1.3942		
		0.8604	1.014	2.0778	1.9617	0.7561	1.5632	2.1353	0.3239	0.6538	1.6167	1.7406	1.7448		0.5895	0.6581	0.9253	1.2064	0.5061	1.0519	1.0092	0.2313	0.4349	0.8385	0.8287	0.7171		
		1.5912	2.6225	1.1547	1.8879	1.8069	0.272	0.5472	2.3444	0.5066	0.7657	0.9319	1.5252		0.813	1.752	0.8207	0.8557	1.0505	0.1926	0.3545	1.3989	0.2976	0.4146	0.5218	0.8191		
		0.3145	1.2495	1.0948	0.5377	0.5361	0.6179	0.3348	0.4293	0.5404	0.2708	0.3811	0.3418		0.2125	0.7797	0.5687	0.3789	0.3938	0.4202	0.2346	0.2419	0.2916	0.176	0.2219	0.2078		
		
~End
Copyright © 2003 Molecular Devices. All rights reserved.
