##BLOCKS= 1          
Plate:	Plate#1	1.3	PlateFormat	Endpoint	Absorbance	Raw	FALSE	1						2	490 750	1	12	96	1	8	None	
	Temperature(¡C)	1	2	3	4	5	6	7	8	9	10	11	12		1	2	3	4	5	6	7	8	9	10	11	12		
	22.20	0.287	1.5395	0.3565	3.4685	0.4459	1.359	0.3506	1.0347	2.8269	0.6272	0.4629	3.0595		0.2053	0.9928	0.2387	2.5997	0.3002	0.9997	0.2012	0.7462	2.0004	0.4909	0.2136	2.1437		
		0.6042	3.1572	2.5959	1.5476	2.6596	1.4775	3.7217	2.2638	2.3029	1.2026	1.8083	1.8007		0.4612	2.5439	1.63	1.0421	1.8272	1.0072	2.6937	1.5784	1.5841	0.799	1.3115	1.1878		
		0.8904	0.1519	1.7294	0.7456	1.9379	1.7411	1.8981	1.1961	0.9648	3.0816	2.587	2.5951		0.6273	0.1182	1.0995	0.521	1.1143	1.1835	1.2393	0.7638	0.6372	2.4235	1.8102	1.8371		
		3.189	2.632	3.1806	3.0656	0.8058	3.0582	1.1854	2.7533	2.9777	0.4359	2.2849	2.9851		2.7682	1.7418	2.1799	2.2469	0.5374	2.2122	0.7554	1.8826	2.1449	0.2922	1.5972	2.148		
		0.7051	2.4025	0.3035	3.254	0.4221	3.0468	2.2512	0.4512	2.3977	2.6788	0.5875	2.9659		0.4442	1.5001	0.2102	2.3559	0.3086	2.1617	1.4684	0.308	1.5773	1.8049	0.3858	2.0458		
		1.7787	0.9068	2.1238	1.9523	1.388	1.1733	1.5293	0.3174	0.6685	2.0241	1.4614	1.7769		1.2275	0.667	1.4226	1.2565	0.9154	0.75	0.922	0.2222	0.4315	0.9074	0.9602	1.1127		
		0.2495	0.9102	1.0445	1.8419	0.7015	1.1109	1.4413	2.1745	0.6889	0.7918	1.4144	1.4281		0.1803	0.6744	0.7479	1.1422	0.4171	0.7295	0.884	1.519	0.4679	0.5364	0.9472	0.8907		
		0.4412	2.1706	0.5306	2.0353	1.1476	0.9123	0.3366	0.2443	1.1637	0.3508	0.4083	0.2939		0.2783	1.4782	0.3419	1.4128	0.7522	0.6277	0.2342	0.1545	0.6172	0.2541	0.288	0.2063		
		
~End
Copyright © 2003 Molecular Devices. All rights reserved.
