##BLOCKS= 1          
Plate:	Plate#1	1.3	PlateFormat	Endpoint	Absorbance	Raw	FALSE	1						2	490 750	1	12	96	1	8	None	
	Temperature(¡C)	1	2	3	4	5	6	7	8	9	10	11	12		1	2	3	4	5	6	7	8	9	10	11	12		
	22.20	0.5236	1.2844	0.43	3.3305	0.4915	1.6811	0.2741	0.923	3.0778	0.535	1.0028	2.346		0.3325	0.8408	0.2939	2.8301	0.3237	1.2363	0.1695	0.6466	2.1856	0.4094	0.3298	1.5952		
		0.7155	2.7013	2.4481	1.4811	2.5569	1.3266	3.5628	1.5185	2.4065	1.1833	0.9893	2.4083		0.5083	1.7879	1.6122	0.9987	1.7328	0.9413	2.3451	1.0669	1.6689	0.7645	0.6971	1.5955		
		0.8201	0.1738	1.5671	0.7401	2.1197	1.9649	1.7024	1.0892	0.6831	3.0031	2.1742	2.8947		0.5343	0.1402	0.9961	0.5149	1.2778	1.3303	1.0919	0.683	0.4376	2.3252	1.5449	1.9983		
		3.0812	2.1148	2.3315	3.0463	0.8397	3.3855	0.9618	2.8497	2.4505	0.6766	2.7442	3.222		2.4497	1.3924	1.5939	2.2103	0.5558	2.6135	0.6058	1.9824	1.6958	0.4641	1.9234	2.3698		
		0.9175	1.4349	0.3506	3.5887	0.5575	2.8885	2.5783	0.497	2.4244	2.4412	0.6148	2.2174		0.6198	0.8411	0.2435	2.8227	0.4299	2.0367	1.7196	0.3395	1.6696	1.6903	0.4001	1.3878		
		1.6699	0.8668	1.5683	1.8939	1.3451	1.0437	0.9384	0.4032	1.021	1.8369	1.3124	1.287		1.094	0.6197	1.0194	1.1961	0.8843	0.6513	0.5576	0.2798	0.6614	0.8923	0.8627	0.7408		
		0.2653	1.6932	0.8956	2.1229	1.2222	1.3417	1.0202	2.3441	0.5588	0.8073	0.8536	1.4351		0.1928	1.2127	0.6354	1.3552	0.8236	0.8907	0.6222	1.6843	0.3818	0.5465	0.5495	0.8977		
		0.5215	1.594	0.6084	2.0148	0.9498	0.7445	0.3022	0.3184	1.5602	0.2677	0.3829	0.3188		0.3186	1.0687	0.4046	1.3049	0.6304	0.5002	0.2172	0.1913	0.7884	0.1986	0.2729	0.2227		
		
~End
Copyright © 2003 Molecular Devices. All rights reserved.
