##BLOCKS= 1          
Plate:	Plate#1	1.3	PlateFormat	Endpoint	Absorbance	Raw	FALSE	1						2	490 750	1	12	96	1	8	None	
	Temperature(¡C)	1	2	3	4	5	6	7	8	9	10	11	12		1	2	3	4	5	6	7	8	9	10	11	12		
	21.70	0.2315	1.7877	0.1909	2.7984	0.2487	0.3934	0.3317	0.7403	2.4263	0.8067	1.679	1.8145		0.1732	1.059	0.142	1.7312	0.1874	0.2969	0.2184	0.527	1.6046	0.5816	0.6461	1.3063		
		0.6237	0.3969	2.2951	0.6073	1.7681	1.4712	1.7934	1.323	1.8285	1.2833	2.8971	1.4488		0.4863	0.2616	1.5289	0.3625	1.2663	1.1214	1.2982	0.8694	1.2167	0.9317	1.7392	1.0509		
		0.5164	0.1563	1.0595	0.6246	1.0516	1.5671	0.3916	1.1334	0.9036	2.2067	2.4835	2.269		0.313	0.1182	0.749	0.4139	0.7433	1.2321	0.2875	0.7432	0.6777	1.4544	1.6197	1.6004		
		0.4095	1.5671	3.0286	2.1208	0.39	1.7283	0.5078	1.791	2.4243	0.4307	2.2361	2.2082		0.3083	1.0929	2.0806	1.4428	0.2871	1.3094	0.3186	1.2978	1.6117	0.3197	1.5384	1.4255		
		0.6543	1.9864	0.2848	0.4761	0.2013	2.7686	2.7881	0.3801	2.6179	2.7805	0.6725	2.5246		0.4089	0.6661	0.2105	0.3631	0.152	1.9871	1.8726	0.2642	1.7217	1.9163	0.4751	1.536		
		1.8253	0.6607	1.6686	0.3505	1.2865	0.5106	0.9445	0.4013	0.3475	1.7376	1.7123	2.3371		1.3176	0.4286	0.884	0.2558	0.875	0.3246	0.5938	0.2824	0.2534	0.8782	0.9728	1.0327		
		1.3367	0.4023	2.3829	1.2716	2.8998	2.4362	0.316	0.5422	0.3084	1.2252	0.9164	1.2981		0.686	0.2947	1.2579	0.676	1.8546	1.6575	0.2136	0.3864	0.2102	0.7523	0.6648	0.8581		
		0.3577	0.3326	0.347	0.263	1.8429	0.245	0.2555	0.2852	0.2422	0.2203	0.2138	0.241		0.2454	0.2303	0.2084	0.1894	1.3157	0.1734	0.1688	0.2032	0.1717	0.1565	0.1575	0.1685		
		
~End
Copyright © 2003 Molecular Devices. All rights reserved.
