##BLOCKS= 1          
Plate:	Plate#1	1.3	PlateFormat	Endpoint	Absorbance	Raw	FALSE	1						2	490 750	1	12	96	1	8	None	
	Temperature(¡C)	1	2	3	4	5	6	7	8	9	10	11	12		1	2	3	4	5	6	7	8	9	10	11	12		
	21.60	0.2822	1.8187	0.18	3.0401	0.2938	0.4678	0.3855	0.5351	2.4298	0.7449	1.4932	1.474		0.2087	1.0366	0.1325	1.7561	0.2158	0.3505	0.2461	0.3733	1.6153	0.5152	0.5528	1.0631		
		0.6214	0.2361	2.6252	0.6718	1.5176	1.3371	2.1814	1.453	1.6656	1.0007	2.852	1.5079		0.4859	0.1763	1.7541	0.3801	1.068	1.0109	1.5599	0.9485	1.0913	0.6969	1.7235	1.114		
		0.3872	0.1444	1.2509	0.4971	1.4466	1.2783	0.4708	1.2057	0.8769	2.3109	2.329	2.3412		0.2547	0.1115	0.8784	0.3371	1.0412	0.9838	0.3471	0.7982	0.6499	1.5171	1.5041	1.6475		
		0.4511	1.3654	2.814	2.3183	0.4159	1.5238	0.5442	1.5183	2.647	0.4382	2.1826	2.1842		0.3404	0.9341	1.9522	1.5818	0.3128	1.1373	0.3093	1.0983	1.7827	0.3276	1.4864	1.3606		
		0.7194	1.9526	0.2835	0.5203	0.1978	2.5902	2.9301	0.377	2.4376	2.3814	0.7197	3.0288		0.4524	0.6841	0.2104	0.3831	0.1478	1.8348	1.9568	0.261	1.4784	1.526	0.504	1.9102		
		1.4131	0.7584	1.7982	0.3555	1.5328	0.5477	1.0497	0.3821	0.4063	2.4905	1.523	1.8831		1.0202	0.4903	0.8608	0.257	1.0243	0.3442	0.668	0.2652	0.2973	1.1632	0.8534	0.8379		
		1.4513	0.3843	2.4068	1.1818	1.203	2.5267	0.3122	0.5215	0.3451	1.2506	0.8658	1.3756		0.6886	0.2805	1.2166	0.6113	0.827	1.699	0.2127	0.3744	0.234	0.7501	0.6217	0.9208		
		0.3713	0.3532	0.3902	0.3177	1.615	0.315	0.2662	0.24	0.2343	0.2369	0.2002	0.2161		0.2667	0.2466	0.2374	0.23	1.1364	0.2283	0.177	0.168	0.167	0.17	0.148	0.155		
		
~End
Copyright © 2003 Molecular Devices. All rights reserved.
