##BLOCKS= 1          
Plate:	Plate#1	1.3	PlateFormat	Endpoint	Absorbance	Raw	FALSE	1						2	490 750	1	12	96	1	8	None	
	Temperature(¡C)	1	2	3	4	5	6	7	8	9	10	11	12		1	2	3	4	5	6	7	8	9	10	11	12		
	21.60	0.2668	1.5844	0.1955	2.6369	0.2773	0.4205	0.2757	0.6517	2.5131	0.7565	1.3673	1.5798		0.1988	0.9175	0.1474	1.381	0.2109	0.3111	0.1765	0.456	1.6878	0.5168	0.517	1.1256		
		0.5173	0.2637	2.3299	0.5712	1.6969	1.3874	2.0612	1.324	1.8375	1.1703	3.0635	1.595		0.4252	0.1958	1.5542	0.3259	1.1726	1.045	1.4755	0.8941	1.3473	0.8224	2.0107	1.1526		
		0.3736	0.1701	1.0945	0.5159	1.306	1.4303	0.3965	1.1923	0.8155	2.1175	2.4469	2.0688		0.2463	0.126	0.7574	0.3513	0.9279	1.1049	0.2876	0.7882	0.5844	1.3722	1.6013	1.4217		
		0.5336	1.531	2.6713	2.4559	0.3426	1.7425	0.4789	1.7028	2.5773	0.4295	2.2487	2.2022		0.404	1.0449	1.8676	1.6533	0.2483	1.2999	0.265	1.2064	1.7062	0.3199	1.5453	1.3982		
		0.6966	1.8468	0.2746	0.5493	0.2006	2.4185	2.8064	0.3788	2.8586	2.6077	0.5537	2.8276		0.4415	0.6477	0.2037	0.4059	0.1523	1.7134	1.869	0.2592	1.7469	1.7394	0.3808	1.7614		
		1.6746	0.6779	1.8355	0.3178	1.3258	0.6168	0.9918	0.3471	0.3603	1.8725	1.2972	2.0883		1.226	0.435	0.9123	0.2354	0.8668	0.3779	0.6248	0.2388	0.2599	0.901	0.6917	0.8687		
		1.2283	0.3627	2.3797	1.1268	1.9482	2.5899	0.3479	0.5601	0.3231	1.2182	0.7729	1.6044		0.6471	0.2669	1.2164	0.57	1.1943	1.7454	0.2345	0.394	0.2207	0.7357	0.5531	1.1146		
		0.3266	0.4501	0.4087	0.2875	1.6741	0.3092	0.2561	0.2249	0.2525	0.2119	0.2067	0.2277		0.2367	0.3274	0.236	0.212	1.1736	0.2173	0.1694	0.1588	0.1795	0.153	0.1501	0.1603		
		
~End
Copyright © 2003 Molecular Devices. All rights reserved.
