##BLOCKS= 1          
Plate:	Plate#1	1.3	PlateFormat	Endpoint	Absorbance	Raw	FALSE	1						2	490 750	1	12	96	1	8	None	
	Temperature(¡C)	1	2	3	4	5	6	7	8	9	10	11	12		1	2	3	4	5	6	7	8	9	10	11	12		
	21.90	0.1981	1.0538	0.5713	0.4565	0.5091	0.5459	0.5573	0.3895	0.5271	0.3636	0.3458	0.6553		0.1135	0.3847	0.2486	0.1686	0.2526	0.2242	0.2037	0.2111	0.3242	0.1688	0.1339	0.2351		
		0.5568	0.4854	1.0377	0.3794	0.2327	0.2583	0.3261	0.7305	0.3873	0.2445	0.2083	1.2436		0.4253	0.2255	0.76	0.1512	0.122	0.1269	0.1524	0.5392	0.1514	0.1354	0.1165	0.8978		
		0.2727	0.1456	0.3224	0.5839	0.228	0.2892	0.5438	0.3235	0.3451	0.2844	0.5149	0.4696		0.1684	0.1116	0.1733	0.2062	0.1216	0.139	0.3371	0.1579	0.1505	0.1431	0.2022	0.2051		
		0.5386	0.7591	0.4872	0.5278	0.2759	0.3471	0.385	0.4372	0.3865	0.3194	0.4896	0.4169		0.19	0.5563	0.2056	0.2056	0.1355	0.1548	0.1594	0.1662	0.1666	0.1479	0.1978	0.1669		
		0.2492	0.5008	0.3292	0.4294	0.3104	0.3134	0.4227	0.218	1.1369	0.3869	0.3146	0.8911		0.1314	0.1287	0.1746	0.1678	0.142	0.1412	0.1651	0.1206	0.7867	0.1687	0.1361	0.6377		
		0.5791	0.5915	0.4893	0.675	0.7946	0.9489	0.3346	0.2623	0.2391	0.2786	0.3401	0.2455		0.4145	0.4192	0.2749	0.531	0.3893	0.4361	0.1558	0.1921	0.1221	0.1559	0.1736	0.1325		
		0.4505	0.6104	0.6544	0.5411	0.1572	0.292	0.2694	0.3943	0.2203	0.2243	0.5099	0.8352		0.3323	0.4655	0.4641	0.2514	0.1096	0.1675	0.1469	0.1853	0.1255	0.119	0.2196	0.4691		
		0.3662	0.3307	0.3316	1.0921	0.3366	0.3891	0.2459	0.4372	0.2174	0.2576	0.2044	0.4328		0.2051	0.1905	0.1838	0.5557	0.263	0.185	0.1435	0.2038	0.1192	0.1332	0.1115	0.2487		
		
~End
Copyright © 2003 Molecular Devices. All rights reserved.
