##BLOCKS= 1          
Plate:	Plate#1	1.3	PlateFormat	Endpoint	Absorbance	Raw	FALSE	1						2	490 750	1	12	96	1	8	None	
	Temperature(¡C)	1	2	3	4	5	6	7	8	9	10	11	12		1	2	3	4	5	6	7	8	9	10	11	12		
	21.80	0.6024	0.9659	0.5371	0.3202	0.5023	1.5495	0.3496	0.4795	0.5233	0.271	0.2974	1.0565		0.3153	0.3901	0.2124	0.1386	0.226	1.028	0.1436	0.2357	0.2887	0.1363	0.1246	0.7709		
		0.5069	0.3448	1.2634	0.2078	0.2979	0.2797	0.5632	0.6878	0.8062	0.2066	0.2005	0.8141		0.4176	0.1711	0.9519	0.1146	0.145	0.1358	0.3866	0.5189	0.5515	0.1271	0.1134	0.5514		
		0.3071	0.132	0.3262	0.3114	0.2583	0.2318	0.2395	0.6266	0.4651	0.355	0.572	0.5846		0.1574	0.1029	0.171	0.1425	0.1327	0.1222	0.1568	0.336	0.2013	0.1712	0.252	0.2342		
		0.3035	1.0998	0.3626	0.4087	0.2566	0.7217	0.3436	0.3777	0.6897	0.3612	0.3855	0.3441		0.1414	0.76	0.1586	0.1858	0.1296	0.2949	0.152	0.1556	0.4548	0.1729	0.1597	0.1385		
		0.2925	0.5493	0.3164	0.4045	0.4582	0.2764	0.5934	0.2817	0.8629	0.3712	0.4713	1.1949		0.1564	0.1539	0.1618	0.1759	0.2214	0.1312	0.2714	0.1408	0.6226	0.1755	0.1895	0.8783		
		0.6596	0.7624	0.4258	1.07	0.4807	0.9079	0.2899	0.2535	0.4565	0.3042	0.2057	0.3494		0.4916	0.5343	0.2726	0.8155	0.2463	0.3634	0.1468	0.183	0.2225	0.1583	0.1178	0.1571		
		0.3762	0.5975	0.4534	0.6579	0.1584	0.2236	0.2457	0.4043	0.4762	0.5049	0.5143	0.5472		0.2449	0.4495	0.3398	0.3832	0.1116	0.1681	0.1312	0.1782	0.2053	0.219	0.264	0.3429		
		0.5859	0.3008	0.2286	0.6944	0.3032	0.374	0.2463	0.2949	0.2878	0.3632	0.2113	0.3956		0.3708	0.1495	0.1216	0.4111	0.2388	0.1819	0.1281	0.156	0.1412	0.1768	0.115	0.2105		
		
~End
Copyright © 2003 Molecular Devices. All rights reserved.
