##BLOCKS= 1          
Plate:	Plate#1	1.3	PlateFormat	Endpoint	Absorbance	Raw	FALSE	1						2	490 750	1	12	96	1	8	None	
	Temperature(¡C)	1	2	3	4	5	6	7	8	9	10	11	12		1	2	3	4	5	6	7	8	9	10	11	12		
	22.90	0.2552	0.2415	0.1967	2.6436	0.2902	0.6422	0.3858	0.4284	1.7582	0.1805	0.2397	1.3114		0.1812	0.1246	0.1505	1.516	0.2119	0.4431	0.2467	0.307	1.2573	0.145	0.1392	0.9706		
		0.6366	2.0837	1.9281	0.4736	2.2628	0.4533	2.4214	1.2248	2.0499	0.2183	0.2148	1.842		0.5048	1.5776	1.2851	0.2856	1.3636	0.2947	1.4964	0.7637	1.5148	0.1589	0.1411	1.3303		
		0.5263	0.1763	1.7892	0.5273	1.9182	1.8592	1.8435	0.3563	0.317	1.8615	1.657	1.6746		0.3579	0.1397	0.7381	0.3832	1.0529	1.0377	0.8	0.2063	0.2023	1.374	1.1792	1.1657		
		1.8206	2.3929	2.4231	2.4744	0.4042	0.6989	0.4284	1.9898	1.8846	0.3948	1.2238	1.8096		1.2925	1.4889	1.6046	1.6473	0.2434	0.4638	0.2636	1.3369	1.326	0.2435	0.9492	1.2334		
		0.4748	0.6797	0.3232	2.2337	1.2638	2.0025	2.4166	0.324	0.3557	2.464	0.2365	1.6621		0.2594	0.3674	0.2458	1.342	0.9042	1.2466	1.5124	0.2232	0.2497	1.6116	0.1642	1.1065		
		2.1074	0.9435	0.7821	2.13	1.9492	0.4772	0.2581	0.3461	0.7403	0.1698	0.6971	2.183		1.1383	0.4853	0.4195	1.008	0.9578	0.2863	0.1609	0.2407	0.3962	0.1285	0.3574	1.0341		
		1.4844	0.1834	0.8126	0.5104	0.1566	0.7945	0.1503	1.4753	0.2674	0.5496	0.5997	0.9089		0.849	0.1509	0.5985	0.3159	0.125	0.4609	0.1197	0.8954	0.185	0.3466	0.2814	0.4293		
		0.3484	0.7909	1.2203	1.5244	0.286	0.9224	0.1446	0.1449	0.3554	0.3021	0.243	0.5255		0.2373	0.5262	0.6905	0.7187	0.2088	0.4998	0.115	0.1161	0.2223	0.2115	0.1706	0.3004		
		
~End
Copyright © 2003 Molecular Devices. All rights reserved.
