##BLOCKS= 1          
Plate:	Plate#1	1.3	PlateFormat	Endpoint	Absorbance	Raw	FALSE	1						2	490 750	1	12	96	1	8	None	
	Temperature(¡C)	1	2	3	4	5	6	7	8	9	10	11	12		1	2	3	4	5	6	7	8	9	10	11	12		
	22.90	0.3195	0.9788	0.3633	2.9779	0.2412	0.6706	0.2127	0.4895	1.592	0.2148	0.2351	1.7603		0.1955	0.6761	0.2496	1.6233	0.1731	0.4463	0.1456	0.3189	1.1355	0.1703	0.1368	1.2877		
		0.6714	1.2581	2.0247	0.2101	2.0342	0.5844	1.6366	1.1956	1.9095	0.425	0.1735	1.681		0.5292	0.9493	1.3863	0.1449	1.2125	0.3356	1.0433	0.7834	1.4471	0.247	0.1302	1.1958		
		0.5319	0.1881	1.5499	0.3525	1.3412	1.2847	1.2913	0.4227	0.5457	1.5672	1.6127	1.7221		0.4068	0.1533	0.7341	0.2347	0.9181	0.6641	0.6177	0.234	0.301	1.2292	1.1751	1.2685		
		1.2369	1.8923	1.7945	2.1977	0.5834	0.3177	0.5038	1.7845	1.8776	0.4066	1.4491	1.6271		0.8706	1.2764	1.2011	1.5221	0.3175	0.2	0.2391	1.1619	1.3525	0.2571	1.0854	1.1437		
		0.5409	1.1445	0.2717	2.2284	1.0461	1.253	2.1879	0.2921	0.4627	2.4163	0.2627	1.7043		0.3134	0.6287	0.2003	1.2283	0.6863	0.8502	1.398	0.1886	0.2659	1.5252	0.1683	1.1521		
		2.2685	0.8964	0.9269	2.014	2.1187	0.4039	0.3169	0.3738	0.5401	0.2157	0.2698	1.8733		1.2641	0.4686	0.4874	0.9246	1.0015	0.249	0.2011	0.2452	0.2881	0.138	0.1643	0.934		
		1.0122	0.1794	0.7312	0.4723	0.162	1.0888	0.1696	1.0379	0.4199	0.9184	0.408	0.7522		0.553	0.1521	0.5275	0.2962	0.1308	0.6002	0.1304	0.5807	0.2418	0.5523	0.2129	0.3821		
		0.4151	1.1962	1.8178	1.2516	0.3711	1.7429	0.191	0.147	0.3438	0.2727	0.3207	0.2768		0.3056	0.7878	1.0209	0.5951	0.2768	0.8947	0.1281	0.1143	0.2071	0.1947	0.2056	0.1795		
		
~End
Copyright © 2003 Molecular Devices. All rights reserved.
