##BLOCKS= 1          
Plate:	Plate#1	1.3	PlateFormat	Endpoint	Absorbance	Raw	FALSE	1						2	490 750	1	12	96	1	8	None	
	Temperature(¡C)	1	2	3	4	5	6	7	8	9	10	11	12		1	2	3	4	5	6	7	8	9	10	11	12		
	21.50	0.3355	1.6654	0.2606	1.9141	0.3948	3.2262	1.7919	0.6929	3.6652	1.4176	3.6256	2.6418		0.2346	0.9859	0.1817	1.4226	0.2634	2.3017	1.3431	0.4974	2.5419	1.0029	1.2631	1.5766		
		0.5345	3.0755	2.026	3.5014	3.1193	0.6397	1.8052	0.2299	3.1531	0.7764	3.1886	2.2623		0.3947	2.1193	1.2088	2.9552	1.9339	0.446	1.002	0.1701	2.0739	0.5242	2.0656	1.2972		
		1.7367	0.1863	0.9878	3.4803	1.2035	3.1488	2.1081	2.5608	2.9666	2.9927	2.963	2.568		1.2386	0.1331	0.74	2.4713	0.7353	2.0035	1.4259	1.7427	2.162	1.9667	1.6887	1.5666		
		3.3472	2.4741	2.134	3.4671	0.9034	2.3454	3.3894	1.3287	3.138	0.523	2.7153	3.3277		2.1401	1.4048	1.1977	2.1038	0.6202	1.6728	2.4566	0.8169	1.9108	0.3697	1.5842	1.9958		
		0.588	0.585	0.384	3.0267	2.3669	1.902	3.1807	0.5006	2.659	2.635	0.4677	2.8946		0.3871	0.2894	0.2555	1.9873	1.7424	1.1972	2.0571	0.3374	1.5501	1.5235	0.312	1.6302		
		1.4901	0.9933	2.2559	2.5028	1.939	1.12	1.3435	0.6162	0.6813	2.0924	1.6956	1.7557		1.0909	0.5772	1.458	1.7483	1.2745	0.6655	0.9235	0.4385	0.4558	1.2904	1.1141	0.8561		
		1.738	2.8621	1.3704	0.793	2.1404	1.6651	0.8244	1.6792	1.2634	1.4425	0.7599	1.7833		0.9915	2.2348	0.93	0.4061	1.3987	1.1567	0.5618	1.2843	0.8142	0.9107	0.5032	1.2604		
		0.6892	1.0432	1.9421	0.4566	1.0355	0.9584	0.3024	0.63	1.4731	0.4209	0.3473	0.2829		0.4596	0.6981	1.1426	0.3056	0.7229	0.5754	0.1979	0.3663	0.9713	0.2847	0.2378	0.1887		
		
~End
Copyright © 2003 Molecular Devices. All rights reserved.
