##BLOCKS= 1          
Plate:	Plate#1	1.3	PlateFormat	Endpoint	Absorbance	Raw	FALSE	1						2	490 750	1	12	96	1	8	None	
	Temperature(¡C)	1	2	3	4	5	6	7	8	9	10	11	12		1	2	3	4	5	6	7	8	9	10	11	12		
	21.50	0.3257	1.6059	0.3222	2.5572	0.5711	3.2291	2.1076	0.7398	3.4337	1.2326	3.6643	1.499		0.2142	0.9671	0.2254	1.893	0.3808	2.2888	1.5813	0.5321	2.1532	0.8868	1.2851	0.9186		
		0.6364	3.2119	2.1011	3.4881	3.5965	0.5539	2.325	0.2618	2.3196	0.5906	3.1241	1.5715		0.4698	2.3173	1.244	2.4771	2.7376	0.3791	1.3614	0.1949	1.5347	0.3931	1.9826	0.8493		
		1.8011	0.214	0.855	3.4773	1.5866	3.1708	1.3394	2.5544	2.9048	2.8796	2.1745	1.8622		1.1987	0.1502	0.6257	2.6036	0.9915	2.0683	0.9041	1.7363	2.1234	1.8725	1.2465	1.0518		
		3.3499	2.8279	1.8493	1.6677	0.8497	3.2841	2.0682	1.7091	2.5248	0.4325	1.7113	2.7578		2.2478	1.6229	1.0189	1.0295	0.5793	2.4764	1.3985	1.0806	1.4074	0.2962	0.9545	1.7976		
		0.7055	0.4317	0.2931	2.804	2.4185	1.8473	2.025	0.4921	1.8041	2.0545	0.582	3.5524		0.4209	0.2201	0.1951	1.8971	1.8719	1.095	1.1258	0.3268	1.011	1.1652	0.3945	2.1658		
		1.2308	1.0076	1.6525	2.2991	1.9955	1.1731	1.3969	0.5772	0.7581	2.4405	1.5394	2.7487		0.9748	0.5979	1.0621	1.5996	1.3466	0.6819	0.9334	0.4117	0.4854	1.55	1.0202	1.7508		
		1.472	1.9226	1.5921	0.8937	1.8065	1.5605	0.7219	1.4453	1.0047	1.6562	0.6685	1.7786		0.7252	1.2413	1.1046	0.5105	1.1149	1.0331	0.4854	1.0652	0.6195	1.0725	0.4268	1.2293		
		0.5701	1.3085	2.4294	0.6055	1.5322	1.29	0.3675	0.4475	2.1472	0.4012	0.2536	0.3871		0.3871	0.8565	1.5342	0.4069	1.0802	0.7989	0.2383	0.2497	1.4712	0.2668	0.1729	0.2556		
		
~End
Copyright © 2003 Molecular Devices. All rights reserved.
