##BLOCKS= 1          
Plate:	Plate#1	1.3	PlateFormat	Endpoint	Absorbance	Raw	FALSE	1						2	490 750	1	12	96	1	8	None	
	Temperature(¡C)	1	2	3	4	5	6	7	8	9	10	11	12		1	2	3	4	5	6	7	8	9	10	11	12		
	21.40	0.3186	1.643	0.2829	1.9803	0.45	3.3306	2.176	0.4607	3.4511	1.0891	3.5831	2.7123		0.2181	0.9975	0.1995	1.4685	0.2964	2.7709	1.6207	0.3207	2.2317	0.7673	1.2513	1.6835		
		0.5714	2.7945	2.2175	3.0625	2.1576	0.5841	1.7298	0.2763	2.184	0.5976	2.6475	3.1413		0.3987	1.7868	1.3234	2.0097	1.2492	0.4102	1.1069	0.2028	1.3412	0.3981	1.6315	2.107		
		2.0203	0.2187	0.6446	3.6549	1.4287	3.0612	1.6423	2.5414	2.4043	2.9859	2.7608	2.7516		1.3567	0.1523	0.4621	2.8755	0.9033	1.9485	1.1399	1.7735	1.7061	2.0937	1.7412	1.7642		
		2.6642	2.642	1.9289	3.3201	0.6445	3.2859	2.6438	0.9806	2.7883	0.4909	2.7191	2.8928		1.7067	1.6033	1.1698	2.4346	0.4428	2.3785	1.8149	0.5871	1.6238	0.3483	1.631	1.668		
		0.7657	0.5917	0.4174	3.308	2.306	2.2134	2.5317	0.4852	1.653	1.574	0.5564	3.1794		0.5058	0.2941	0.2865	2.3876	1.695	1.4606	1.5773	0.3227	0.9324	0.8605	0.3711	1.7204		
		1.2258	1.1374	1.9231	2.5559	1.8202	1.4327	1.4607	0.4899	0.6668	1.8537	1.4321	1.8669		0.858	0.7026	1.2637	1.802	1.2406	0.84	1.0103	0.3397	0.4336	1.1359	0.9509	1.0114		
		1.5173	2.2685	2.0248	1.0897	1.5211	1.6555	0.9738	1.4866	0.7633	1.7321	1.0035	1.8848		0.7349	1.5907	1.4433	0.6225	0.9698	1.1159	0.6741	1.1131	0.5036	1.0952	0.6583	1.2728		
		0.5492	1.1868	2.1145	0.6458	1.182	1.3625	0.4467	0.6626	2.5235	0.3264	0.2704	0.4888		0.3351	0.8368	1.2489	0.4349	0.8101	0.8392	0.2923	0.4519	1.7023	0.2157	0.1868	0.3255		
		
~End
Copyright © 2003 Molecular Devices. All rights reserved.
