##BLOCKS= 1          
Plate:	Plate#1	1.3	PlateFormat	Endpoint	Absorbance	Raw	FALSE	1						2	490 750	1	12	96	1	8	None	
	Temperature(¡C)	1	2	3	4	5	6	7	8	9	10	11	12		1	2	3	4	5	6	7	8	9	10	11	12		
	22.90	0.4945	1.5426	0.6491	2.6391	0.4795	0.7843	1.2675	0.559	1.8676	0.492	1.429	1.9688		0.2424	0.7854	0.3824	1.4956	0.2546	0.4888	0.8005	0.3597	1.2454	0.2919	1.0393	1.4014		
		0.6644	1.7967	1.786	1.7713	1.9173	0.5499	1.7988	1.0408	1.75	0.5906	1.171	1.9615		0.5866	1.476	1.2495	1.2532	1.3273	0.2731	1.3293	0.7899	1.2693	0.3748	0.8691	1.3045		
		1.0069	0.1387	1.5801	1.7895	1.3904	1.7825	1.4674	1.7292	1.3473	1.8322	1.8504	2.1846		0.6239	0.1111	0.9816	1.3414	0.8609	1.211	0.7646	1.2991	1.0496	1.4291	1.4002	1.4924		
		1.6178	1.9167	2.1673	2.1904	0.674	1.7938	0.6841	1.7635	2.0476	0.5976	1.8451	1.736		1.0312	1.32	1.4698	1.4698	0.4133	1.3427	0.4067	1.2199	1.4159	0.3353	1.2617	1.2531		
		0.6813	1.3891	1.8592	0.703	1.4093	2.0592	2.2053	0.4222	2.1683	2.3832	0.7243	2.3625		0.354	0.5313	1.2353	0.378	0.9502	1.4158	1.5085	0.2565	1.4657	1.4518	0.3953	1.4109		
		0.3015	1.2172	2.4024	1.8214	1.7498	2.2869	1.7511	0.3374	0.4873	2.2191	1.5995	2.0677		0.2338	0.6491	1.0604	0.9492	0.8361	1.2648	0.9057	0.2471	0.2854	1.0343	0.6309	1.0284		
		1.596	2.0888	2.052	1.6346	1.9285	0.3425	0.6075	0.9366	0.6382	0.8861	0.7098	1.0547		0.6996	1.2628	0.9224	0.7479	1.0622	0.2467	0.3137	0.5674	0.3087	0.4774	0.4043	0.6462		
		0.7623	0.594	1.7332	0.5454	0.5302	0.6617	0.3893	0.3652	1.6021	0.3248	0.4134	0.7218		0.4953	0.2951	1.0134	0.3213	0.4065	0.3218	0.1805	0.2235	0.9617	0.1828	0.2058	0.3802		
		
~End
Copyright © 2003 Molecular Devices. All rights reserved.
