##BLOCKS= 1          
Plate:	Plate#1	1.3	PlateFormat	Endpoint	Absorbance	Raw	FALSE	1						2	490 750	1	12	96	1	8	None	
	Temperature(¡C)	1	2	3	4	5	6	7	8	9	10	11	12		1	2	3	4	5	6	7	8	9	10	11	12		
	22.90	0.605	1.8316	0.4392	2.5528	0.3555	1.0765	1.2916	0.7056	1.5468	0.474	1.5164	2.0914		0.296	0.9836	0.2598	1.4431	0.2032	0.6769	0.8206	0.427	1.0588	0.2861	1.1031	1.4138		
		0.5816	1.7925	1.7964	1.4812	1.5248	0.715	1.7435	0.9497	1.7945	0.4897	0.6256	2.2695		0.4426	1.4608	1.2518	1.057	1.0074	0.3473	1.3155	0.7112	1.2978	0.3155	0.4526	1.5202		
		1.1379	0.1603	1.5598	1.947	1.2121	1.5638	1.6474	1.7252	1.2999	1.811	1.8381	1.9556		0.6566	0.1283	0.9844	1.4173	0.7698	1.0793	0.8724	1.3112	0.9968	1.4088	1.3941	1.3225		
		1.2622	1.9951	2.0493	2.0442	0.6065	1.8662	0.7546	1.9296	2.0459	0.6992	1.8586	1.775		0.8616	1.3875	1.3681	1.3889	0.3543	1.3973	0.4352	1.3862	1.404	0.3923	1.2556	1.2964		
		0.6119	1.4766	2.1936	0.5481	0.8355	1.8402	2.2134	0.5612	1.9444	2.2933	0.5875	2.1695		0.3693	0.6002	1.4312	0.3116	0.5201	1.2305	1.4905	0.2997	1.3125	1.3995	0.3359	1.3003		
		0.2548	1.2494	1.4596	1.9981	1.872	2.3401	1.2377	0.4925	0.4275	2.353	1.7313	2.6792		0.193	0.6945	0.6252	1.0475	0.9043	1.2606	0.6087	0.3526	0.241	1.0686	0.7081	1.4396		
		2.5664	2.2062	1.699	2.0218	1.2935	0.336	0.8017	1.1499	0.884	1.1823	0.6632	0.8968		1.1736	1.3463	0.7775	0.9899	0.6966	0.2393	0.4202	0.6868	0.3976	0.619	0.3671	0.5502		
		0.4696	0.6391	1.8768	0.432	0.2839	0.591	0.3719	0.3718	1.6187	0.2565	0.4252	0.6463		0.2767	0.3133	0.9899	0.258	0.2132	0.3007	0.1839	0.2023	0.8667	0.1616	0.1979	0.3326		
		
~End
Copyright © 2003 Molecular Devices. All rights reserved.
