##BLOCKS= 1          
Plate:	Plate#1	1.3	PlateFormat	Endpoint	Absorbance	Raw	FALSE	1						2	490 750	1	12	96	1	8	None	
	Temperature(¡C)	1	2	3	4	5	6	7	8	9	10	11	12		1	2	3	4	5	6	7	8	9	10	11	12		
	21.30	0.4223	0.9228	0.3572	2.0475	0.2945	0.6358	0.9695	0.6571	2.303	0.7366	2.2002	1.7467		0.249	0.5644	0.2364	1.3214	0.2044	0.4401	0.5347	0.4173	1.6145	0.5002	0.7316	1.2442		
		0.5961	0.2722	1.7541	0.5629	1.8532	0.7335	1.6634	0.9241	1.5651	0.8024	1.9595	1.7646		0.4669	0.2009	1.1475	0.4161	1.2436	0.4891	1.1207	0.6451	1.0486	0.5786	1.0427	1.1348		
		0.3447	0.1533	1.5002	0.8303	1.4086	1.8646	1.2944	2.0539	0.6502	1.8001	1.8201	1.7457		0.2387	0.1207	1.0393	0.6337	0.9026	1.1015	0.8784	1.5123	0.4574	1.3066	1.2461	1.1867		
		1.41	1.6927	1.9102	2.0854	0.372	0.9145	1.5722	1.4624	2.0157	0.7182	1.6419	1.838		1.0545	1.0733	1.116	1.3948	0.2584	0.712	1.1877	0.9071	1.4423	0.515	1.2967	1.2252		
		2.2576	1.398	0.2533	2.494	1.9171	0.5508	1.8317	0.3396	2.0225	1.855	0.7091	1.7803		1.3562	0.4564	0.1788	1.5145	1.1021	0.3837	1.0834	0.2478	1.3437	1.3893	0.5287	1.0971		
		0.3794	0.8916	1.25	1.6527	0.8955	1.0413	1.032	0.3679	0.6481	1.8742	1.2269	1.4903		0.2721	0.5991	0.8752	1.0859	0.6674	0.5721	0.6485	0.2554	0.4509	1.176	0.9458	0.829		
		0.884	1.9978	0.7363	1.0355	0.4672	1.9186	0.3395	0.3507	0.3219	0.3108	0.275	0.4457		0.6197	1.349	0.5717	0.6953	0.2832	0.9726	0.2315	0.2297	0.2228	0.2069	0.1821	0.3134		
		0.337	0.3835	0.4923	0.2599	0.718	0.3068	0.2542	0.2022	0.3482	0.2869	0.3014	0.2925		0.2655	0.2479	0.3179	0.1756	0.5315	0.2136	0.1783	0.1523	0.2427	0.2085	0.2077	0.1987		
		
~End
Copyright © 2003 Molecular Devices. All rights reserved.
