##BLOCKS= 1          
Plate:	Plate#1	1.3	PlateFormat	Endpoint	Absorbance	Raw	FALSE	1						2	490 750	1	12	96	1	8	None	
	Temperature(¡C)	1	2	3	4	5	6	7	8	9	10	11	12		1	2	3	4	5	6	7	8	9	10	11	12		
	22.80	0.2544	1.1482	0.3373	2.4335	0.2468	0.7435	0.4182	0.459	1.3549	1.183	3.0359	1.0972		0.2085	0.781	0.2446	1.5954	0.1812	0.5648	0.2453	0.3103	0.9138	0.9971	1.3486	0.6881		
		0.7166	0.8408	1.4922	1.4417	1.0773	0.5367	0.969	0.5625	1.2576	0.3392	1.4595	1.3472		0.5731	0.4992	0.9498	1.0229	0.7552	0.3765	0.7022	0.4335	0.8304	0.2425	1.0505	0.8589		
		1.8761	0.5215	0.9123	1.6059	0.9662	1.3276	1.7209	0.7005	0.3538	1.6094	1.5688	1.2067		1.2012	0.408	0.5561	1.1586	0.6877	0.908	0.964	0.5047	0.2654	1.1565	1.0931	0.7971		
		1.2854	1.9576	1.7407	1.5535	0.698	1.2094	2.0744	1.0146	1.5442	0.3007	2.1601	1.3004		1.0343	1.2543	1.1197	1.0463	0.5207	0.8615	1.5133	0.6633	0.899	0.2213	1.3449	0.9606		
		0.6299	0.6935	0.3303	0.7874	1.6296	1.4652	1.2742	0.28	2.2167	1.5343	0.2974	2.329		0.3159	0.4892	0.2482	0.5658	1.1353	0.9122	0.7877	0.2203	1.3831	0.964	0.2171	1.2528		
		1.2318	0.6617	1.8785	1.2307	1.0491	1.1809	0.7084	0.3762	0.3431	1.5396	0.9529	2.0703		0.8932	0.456	0.6437	0.5784	0.6791	0.6075	0.4013	0.2945	0.2565	0.6412	0.3171	0.7398		
		0.6198	2.4981	0.4208	0.8261	0.6027	0.5403	0.7734	1.9815	0.6334	1.1051	0.5473	1.4337		0.4433	1.606	0.3228	0.4896	0.3778	0.4066	0.5191	1.116	0.3581	0.6613	0.3414	0.7782		
		0.4746	0.6037	0.9794	0.5594	0.4732	1.225	0.4239	0.336	0.475	0.2868	0.2711	0.2608		0.3176	0.3798	0.4669	0.3832	0.3482	0.5446	0.2786	0.1805	0.3148	0.2007	0.1904	0.1858		
		
~End
Copyright © 2003 Molecular Devices. All rights reserved.
