##BLOCKS= 1          
Plate:	Plate#1	1.3	PlateFormat	Endpoint	Absorbance	Raw	FALSE	1						2	490 750	1	12	96	1	8	None	
	Temperature(¡C)	1	2	3	4	5	6	7	8	9	10	11	12		1	2	3	4	5	6	7	8	9	10	11	12		
	22.90	0.1673	0.1709	0.1681	0.2103	0.1688	0.1622	0.1734	0.2033	0.1827	0.167	0.2165	0.1609		0.1335	0.1155	0.1323	0.1655	0.1362	0.1306	0.1398	0.1489	0.1324	0.1332	0.1383	0.1289		
		0.5015	0.2227	0.267	0.1735	0.1648	0.1619	0.1771	0.1466	0.1702	0.1709	0.2019	0.1611		0.3943	0.1943	0.1862	0.1362	0.1338	0.1312	0.142	0.1194	0.1368	0.1374	0.1455	0.1287		
		0.1695	0.1804	0.1668	0.192	0.1791	0.1974	0.1894	0.1704	0.1664	0.1892	0.199	0.2695		0.1323	0.1437	0.1328	0.149	0.1361	0.1618	0.1493	0.139	0.1337	0.1558	0.1656	0.2145		
		0.2926	0.1789	0.1615	0.1664	0.1669	0.1734	0.1727	0.175	0.1649	0.1635	0.1612	0.1729		0.2636	0.1452	0.1376	0.1402	0.1395	0.1431	0.1418	0.1431	0.1339	0.1329	0.1338	0.1419		
		0.2599	0.1611	0.1578	0.1683	0.1673	0.1913	0.1722	0.182	0.1594	0.1863	0.1772	0.2092		0.1506	0.1302	0.1283	0.1354	0.1334	0.154	0.1404	0.1463	0.1301	0.1472	0.1425	0.1438		
		0.1832	0.1678	0.1842	0.1773	0.1641	0.1978	0.2236	0.1752	0.171	0.1709	0.1577	0.2019		0.1482	0.1371	0.1563	0.1413	0.1349	0.1427	0.1512	0.1393	0.1385	0.1387	0.1288	0.1588		
		0.1593	1.2903	0.1583	0.1699	0.1649	0.1542	0.1748	0.17	0.1702	0.161	0.1594	0.2278		0.1253	0.9581	0.131	0.1399	0.1333	0.1273	0.136	0.1356	0.1334	0.127	0.1301	0.1635		
		0.1602	0.1718	0.159	0.1565	0.1633	0.169	0.1742	0.2018	0.1839	0.1963	0.1491	0.1896		0.1293	0.1357	0.1263	0.13	0.1309	0.1327	0.1347	0.1444	0.1367	0.16	0.1214	0.1429		
		
~End
Copyright © 2003 Molecular Devices. All rights reserved.
