##BLOCKS= 1          
Plate:	Plate#1	1.3	PlateFormat	Endpoint	Absorbance	Raw	FALSE	1						2	490 750	1	12	96	1	8	None	
	Temperature(¡C)	1	2	3	4	5	6	7	8	9	10	11	12		1	2	3	4	5	6	7	8	9	10	11	12		
	22.90	0.1805	0.2549	0.1845	0.1845	0.1615	0.1701	0.1692	0.1821	0.1944	0.1841	0.2539	0.1558		0.1338	0.1735	0.1525	0.1467	0.1317	0.138	0.1349	0.1355	0.1423	0.1466	0.1703	0.1268		
		0.4972	0.1477	0.3965	0.1763	0.2694	0.2414	0.2668	0.1513	0.1754	0.1668	0.2124	0.2216		0.3733	0.1153	0.2788	0.1406	0.22	0.1959	0.2214	0.1223	0.1395	0.1344	0.1566	0.1716		
		0.1936	0.1713	0.1872	0.1992	0.1801	0.1685	0.1853	0.2211	0.2605	0.1762	0.1705	0.1622		0.1518	0.138	0.1525	0.1548	0.1377	0.1373	0.1453	0.1761	0.1896	0.1408	0.1377	0.1304		
		0.2018	0.1701	0.1589	0.2226	0.1664	0.1668	0.1908	0.1615	0.167	0.2021	0.1813	0.1875		0.147	0.1408	0.135	0.19	0.1392	0.1404	0.1612	0.1305	0.1364	0.1673	0.1448	0.1503		
		0.2792	0.1664	0.1575	0.1581	0.1685	0.1584	0.1669	0.1711	0.1598	0.1845	0.1711	0.2291		0.1606	0.1329	0.1281	0.1281	0.1328	0.1282	0.1355	0.1373	0.1303	0.1471	0.1375	0.1532		
		0.1844	0.1659	0.1577	0.1809	0.1718	0.1927	0.235	0.1747	0.1618	0.1694	0.1677	0.5404		0.1546	0.1327	0.1307	0.1435	0.1406	0.1396	0.1579	0.1374	0.1318	0.139	0.1362	0.4705		
		0.1774	1.0998	0.165	0.1642	0.1613	0.1702	0.1846	0.1746	0.1849	0.1686	0.1681	0.2686		0.142	0.7853	0.136	0.133	0.1303	0.1403	0.1433	0.1385	0.1423	0.1335	0.136	0.198		
		0.3879	0.1993	0.8518	0.1595	0.1645	0.1689	0.1831	0.1979	0.1899	0.157	0.1551	0.3691		0.3037	0.1601	0.8406	0.1313	0.1315	0.1368	0.1444	0.1478	0.1368	0.1247	0.1255	0.3004		
		
~End
Copyright © 2003 Molecular Devices. All rights reserved.
