##BLOCKS= 1          
Plate:	Plate#1	1.3	PlateFormat	Endpoint	Absorbance	Raw	FALSE	1						2	490 750	1	12	96	1	8	None	
	Temperature(¡C)	1	2	3	4	5	6	7	8	9	10	11	12		1	2	3	4	5	6	7	8	9	10	11	12		
	22.90	0.2724	0.163	0.1665	0.1905	0.1872	0.1673	0.1594	0.1795	0.2291	0.1685	0.2238	0.2209		0.2108	0.1095	0.135	0.1534	0.1489	0.1338	0.1288	0.1321	0.1636	0.1335	0.1435	0.1731		
		0.5699	0.152	0.2724	0.1685	0.1653	0.1642	0.1609	0.1464	0.1669	0.1732	0.1943	0.1557		0.4261	0.1176	0.1904	0.1353	0.1338	0.1316	0.1314	0.1154	0.1334	0.1379	0.1406	0.1246		
		0.1643	0.1749	0.1762	0.1983	0.1814	0.1768	0.194	0.1801	0.1569	0.1749	0.1718	0.2307		0.133	0.1381	0.1404	0.1545	0.135	0.1428	0.153	0.1461	0.1275	0.142	0.1383	0.1789		
		0.1661	0.1674	0.1702	0.1778	0.1735	0.1743	0.1724	0.1854	0.1687	0.1815	0.196	0.145		0.1341	0.1348	0.1423	0.1419	0.1404	0.1378	0.1405	0.1475	0.1362	0.1419	0.1529	0.1188		
		0.2305	0.1606	0.1569	0.1663	0.1744	0.1666	0.176	0.1703	0.1725	0.1722	0.1705	0.2222		0.1343	0.1313	0.1278	0.1342	0.1377	0.1349	0.143	0.137	0.1399	0.1383	0.1381	0.1554		
		0.1585	0.1696	0.1668	0.1712	0.1598	0.2021	0.2319	0.1655	0.1761	0.174	0.1605	0.3793		0.1385	0.1362	0.1372	0.1384	0.1325	0.1439	0.1534	0.1303	0.1418	0.1405	0.1309	0.3157		
		0.1649	1.1124	0.1572	0.1749	0.1653	0.1533	0.173	0.1638	0.1841	0.1775	0.1664	0.1643		0.1334	0.7837	0.1297	0.1405	0.1332	0.127	0.1369	0.1307	0.1453	0.1373	0.1354	0.1347		
		0.2077	0.1703	0.1683	0.1648	0.1672	0.1762	0.1788	0.202	0.1928	0.1608	0.1658	0.2048		0.1756	0.135	0.1311	0.135	0.1326	0.1369	0.1398	0.1497	0.1392	0.127	0.1316	0.155		
		
~End
Copyright © 2003 Molecular Devices. All rights reserved.
