##BLOCKS= 1          
Plate:	Plate#1	1.3	PlateFormat	Endpoint	Absorbance	Raw	FALSE	1						2	490 750	1	12	96	1	8	None	
	Temperature(¡C)	1	2	3	4	5	6	7	8	9	10	11	12		1	2	3	4	5	6	7	8	9	10	11	12		
	21.60	0.2246	1.1733	0.2513	1.4671	0.2013	0.3284	0.6349	0.5647	0.568	0.3791	0.6019	0.7954		0.1585	0.7504	0.1826	0.9425	0.1598	0.2416	0.3416	0.3997	0.3901	0.2776	0.3645	0.5984		
		0.4192	0.2739	1.4116	0.2336	0.6585	0.4341	0.6669	0.7558	0.8448	0.2873	0.5216	0.9744		0.3299	0.2013	1.0817	0.1649	0.4683	0.2686	0.4847	0.5738	0.6445	0.1991	0.3837	0.7642		
		0.3312	0.1545	0.4678	0.2343	0.7336	0.5948	0.2944	0.503	0.3863	0.2252	0.4795	0.8581		0.1894	0.1209	0.3056	0.1684	0.5255	0.3986	0.209	0.354	0.2702	0.1623	0.3343	0.643		
		0.822	0.9844	0.2205	0.5943	0.2616	0.3646	0.2479	0.7484	0.2503	0.2923	0.6744	0.9178		0.6165	0.7678	0.1632	0.4276	0.19	0.2628	0.181	0.5352	0.1791	0.2055	0.4763	0.491		
		0.9611	0.7766	0.2519	0.591	0.2602	0.5711	0.994	0.2608	0.7164	0.2638	0.2431	0.6328		0.6523	0.5492	0.1831	0.4227	0.2129	0.4161	0.7527	0.1902	0.5419	0.1865	0.1714	0.4159		
		0.3162	0.5857	0.8407	0.6065	0.2335	0.3839	0.5782	0.2909	0.2545	0.3247	1.1124	1.2119		0.2413	0.4387	0.4013	0.4394	0.1703	0.2561	0.3254	0.2083	0.1818	0.2424	0.5171	0.5834		
		0.2568	0.4609	0.3509	0.694	0.3989	0.2783	0.2529	0.642	0.2748	0.3281	0.4738	0.9239		0.1932	0.381	0.2495	0.3956	0.3024	0.1997	0.1836	0.4739	0.1872	0.2259	0.3084	0.4678		
		0.2935	0.3982	0.4414	0.4923	1.0968	0.29	0.2602	0.2088	0.1955	0.2192	0.1958	0.2399		0.2088	0.2631	0.2911	0.32	0.4642	0.2109	0.1872	0.1452	0.1453	0.1592	0.1414	0.1674		
		
~End
Copyright © 2003 Molecular Devices. All rights reserved.
