##BLOCKS= 1          
Plate:	Plate#1	1.3	PlateFormat	Endpoint	Absorbance	Raw	FALSE	1						2	490 750	1	12	96	1	8	None	
	Temperature(¡C)	1	2	3	4	5	6	7	8	9	10	11	12		1	2	3	4	5	6	7	8	9	10	11	12		
	21.70	0.2451	1.1471	0.2304	0.9843	0.1848	0.2717	0.692	0.449	0.6013	0.3921	0.6289	0.9677		0.1765	0.7267	0.1689	0.5931	0.1459	0.2001	0.3746	0.3068	0.4201	0.2882	0.3427	0.7586		
		0.4343	0.2349	1.3428	0.2044	0.6461	0.5411	0.7468	0.7331	0.7665	0.2819	0.5134	0.9973		0.3404	0.1728	1.016	0.1488	0.4574	0.3366	0.5564	0.5522	0.5772	0.1972	0.3702	0.8003		
		0.3374	0.1611	0.4222	0.2421	0.653	0.5555	0.2821	0.5352	0.3221	0.2249	0.4312	0.8475		0.1996	0.1236	0.2777	0.1697	0.4689	0.3686	0.1998	0.3776	0.2288	0.1647	0.3037	0.6314		
		0.8465	1.0618	0.2486	0.6231	0.2952	0.3752	0.2774	0.7837	0.2549	0.2807	0.5887	1.1275		0.6825	0.8123	0.1819	0.4517	0.2127	0.2711	0.1925	0.5688	0.18	0.1998	0.414	0.6333		
		1.0302	0.7128	0.258	0.4784	0.2057	0.3784	1.0706	0.2418	0.8652	0.2599	0.2563	0.7466		0.7445	0.5129	0.188	0.3359	0.1656	0.2656	0.8405	0.1782	0.6603	0.1861	0.1844	0.505		
		0.3687	0.5558	1.1557	0.5416	0.2475	0.4075	0.6654	0.2828	0.2642	0.3491	1.0485	1.1809		0.2851	0.4067	0.5821	0.3905	0.1809	0.2777	0.3767	0.2048	0.1868	0.2591	0.449	0.6059		
		0.2872	0.4697	0.4056	0.7571	0.3899	0.2627	0.2327	0.6232	0.2354	0.2839	0.5659	0.8083		0.2203	0.3997	0.2873	0.4086	0.2924	0.1892	0.1697	0.4588	0.1615	0.1919	0.3734	0.4334		
		0.3726	0.4525	0.4506	0.536	1.1375	0.3537	0.24	0.1716	0.1802	0.2167	0.218	0.2597		0.2453	0.2992	0.2913	0.3504	0.4537	0.2619	0.1734	0.1276	0.1343	0.1556	0.1589	0.1831		
		
~End
Copyright © 2003 Molecular Devices. All rights reserved.
