##BLOCKS= 1          
Plate:	Plate#1	1.3	PlateFormat	Endpoint	Absorbance	Raw	FALSE	1						2	490 750	1	12	96	1	8	None	
	Temperature(¡C)	1	2	3	4	5	6	7	8	9	10	11	12		1	2	3	4	5	6	7	8	9	10	11	12		
	22.40	0.2556	1.5974	0.2512	1.0283	0.2557	0.3047	0.5577	0.2656	0.8701	0.2893	1.0895	1.9137		0.1491	0.7795	0.1761	0.6609	0.1783	0.1799	0.3166	0.1877	0.6359	0.1741	0.3622	1.3252		
		0.2903	0.1841	1.5181	0.2802	2.0531	0.3468	1.4891	0.8971	1.5178	0.2704	0.2341	2.0463		0.2203	0.139	1.1586	0.1673	1.3217	0.2228	0.9854	0.6903	1.1713	0.1921	0.1386	1.1565		
		0.3324	0.1712	0.2751	0.4807	0.3453	0.5215	1.1943	0.3522	0.2504	0.2407	0.2177	1.2556		0.135	0.1223	0.1942	0.1841	0.2194	0.3417	0.6242	0.2555	0.1855	0.1648	0.1558	0.9741		
		0.7907	1.8884	1.8004	1.1266	0.2694	0.4073	0.2371	1.2971	0.2338	0.2793	1.1658	0.4477		0.5797	1.2143	1.2581	0.8277	0.1782	0.2506	0.1522	0.896	0.1594	0.1803	0.8566	0.3148		
		0.3353	0.8732	0.2544	0.5166	0.4875	0.3617	2.5838	0.2558	1.3936	0.3285	0.3071	1.2422		0.1984	0.5163	0.1578	0.3405	0.2964	0.2262	1.3265	0.1788	1.0061	0.2448	0.1911	0.9572		
		0.4511	0.6735	0.6986	0.6357	1.0461	0.491	0.7598	0.2712	0.2062	0.3961	0.4853	1.1717		0.3239	0.4345	0.3573	0.4669	0.5725	0.2753	0.4193	0.1998	0.1575	0.2714	0.2877	0.5284		
		0.2159	0.666	0.2495	0.6534	1.2019	1.7009	0.279	0.4435	0.3635	0.266	0.3063	0.3789		0.1579	0.5245	0.1897	0.3251	0.7495	0.7522	0.1546	0.2746	0.19	0.1422	0.2106	0.2525		
		0.2861	0.3376	0.317	0.2969	0.363	0.493	0.3197	0.187	1.0176	0.2235	0.1954	0.2364		0.2231	0.1819	0.1472	0.2175	0.2676	0.2794	0.1585	0.14	0.4362	0.1483	0.1388	0.1516		
		
~End
Copyright © 2003 Molecular Devices. All rights reserved.
