##BLOCKS= 1          
Plate:	Plate#1	1.3	PlateFormat	Endpoint	Absorbance	Raw	FALSE	1						2	490 750	1	12	96	1	8	None	
	Temperature(¡C)	1	2	3	4	5	6	7	8	9	10	11	12		1	2	3	4	5	6	7	8	9	10	11	12		
	22.40	0.2966	1.5586	0.2399	0.6183	0.2868	0.3074	0.5829	0.3124	0.8684	0.3116	0.6705	1.9101		0.1599	0.7823	0.155	0.4147	0.1764	0.1792	0.3105	0.2156	0.6294	0.1916	0.3867	1.2088		
		0.3347	0.2013	1.4763	0.4204	1.9925	0.3127	0.9162	1.2398	1.3917	0.2466	0.2601	2.4705		0.2573	0.1487	1.1045	0.2915	1.215	0.1863	0.5009	1.0082	1.0139	0.1767	0.1428	1.4208		
		0.4586	0.1872	0.2656	0.4047	0.4032	0.5528	1.272	0.2611	0.2984	0.2577	0.2876	1.0229		0.1861	0.1321	0.1886	0.2334	0.2463	0.3643	0.6654	0.1712	0.1771	0.1644	0.1634	0.7597		
		0.69	2.2476	1.6895	0.8695	0.3212	0.5396	0.2958	1.5972	0.324	0.2835	0.7153	0.3522		0.4234	1.3213	1.211	0.6254	0.179	0.3305	0.1537	1.0577	0.194	0.1625	0.4595	0.2161		
		0.3427	1.1033	0.3258	0.8186	0.424	0.3719	2.7896	0.4549	1.5941	0.3099	0.2952	1.2625		0.1881	0.6702	0.2146	0.5972	0.2718	0.2331	1.5743	0.3844	1.1603	0.2194	0.1596	0.9656		
		0.4811	0.6041	0.9075	0.6157	1.1713	0.5854	0.6297	0.2589	0.2236	0.5792	0.7328	1.5654		0.3487	0.4042	0.4556	0.4607	0.6336	0.3153	0.3709	0.1895	0.1682	0.4632	0.3271	0.6409		
		0.1931	0.6557	0.3051	0.9448	1.2446	1.8664	0.3351	0.4442	0.2882	0.2755	0.302	0.4698		0.1446	0.4742	0.2346	0.4147	0.7249	0.6777	0.1723	0.2632	0.1502	0.143	0.2032	0.3099		
		0.2352	0.3267	0.5031	0.304	0.4374	0.5312	0.3123	0.1995	1.0263	0.2665	0.2417	0.201		0.1755	0.178	0.2624	0.2163	0.3251	0.3103	0.1609	0.1467	0.4426	0.1816	0.1454	0.1418		
		
~End
Copyright © 2003 Molecular Devices. All rights reserved.
