##BLOCKS= 1          
Plate:	Plate#1	1.3	PlateFormat	Endpoint	Absorbance	Raw	FALSE	1						2	490 750	1	12	96	1	8	None	
	Temperature(¡C)	1	2	3	4	5	6	7	8	9	10	11	12		1	2	3	4	5	6	7	8	9	10	11	12		
	22.30	0.2585	1.0193	0.222	1.2441	0.2607	0.7844	0.313	0.321	0.9382	0.4141	1.2701	1.4152		0.1861	0.7326	0.1701	0.9136	0.2	0.5675	0.2267	0.2364	0.6975	0.3194	0.6784	1.1972		
		0.565	0.2517	1.7358	0.696	1.3968	0.3088	1.0925	0.8741	1.275	0.2881	0.5776	1.9495		0.4659	0.1914	1.3323	0.5292	1.1698	0.232	0.8544	0.6746	1.0558	0.2145	0.4161	1.3896		
		0.2312	0.1434	0.5276	0.2842	1.0363	0.6887	1.3511	0.4596	0.2332	1.1361	1.4461	1.4326		0.1862	0.1118	0.3821	0.2155	0.7966	0.5225	0.7035	0.3471	0.1768	0.9205	1.2393	1.1979		
		1.3053	1.6351	1.4834	1.3325	0.2935	0.6162	0.4383	1.2226	1.1312	0.4191	1.4214	0.6956		1.0449	1.3248	1.2464	1.0949	0.2237	0.4504	0.3218	1.0077	0.9044	0.3099	1.1676	0.5307		
		0.4419	1.0646	0.2645	1.1185	0.2865	1.1548	1.5108	0.257	1.1958	1.4735	0.3111	1.1512		0.2803	0.8213	0.2017	0.818	0.2278	0.9404	1.2176	0.1995	0.9892	1.1989	0.2372	0.9021		
		1.1102	0.8804	0.7317	0.7826	1.0105	0.6468	0.3464	0.2639	0.2808	0.3674	1.095	1.4023		0.8128	0.5864	0.4956	0.5812	0.7263	0.4431	0.2529	0.1929	0.2138	0.2615	0.6253	0.6985		
		0.8581	0.6475	0.5197	0.6583	0.2832	0.6045	0.234	0.5872	0.2512	0.6462	0.5442	1.0761		0.4913	0.5234	0.3968	0.4794	0.2246	0.4397	0.1838	0.3931	0.1923	0.411	0.3718	0.6611		
		0.3031	0.6878	0.2552	0.4826	0.9869	0.4589	0.2018	0.2037	0.6247	0.2035	0.2515	0.2486		0.2338	0.5004	0.1937	0.3569	0.7082	0.3197	0.1556	0.1432	0.4076	0.1595	0.1949	0.1918		
		
~End
Copyright © 2003 Molecular Devices. All rights reserved.
