##BLOCKS= 1          
Plate:	Plate#1	1.3	PlateFormat	Endpoint	Absorbance	Raw	FALSE	1						2	490 750	1	12	96	1	8	None	
	Temperature(¡C)	1	2	3	4	5	6	7	8	9	10	11	12		1	2	3	4	5	6	7	8	9	10	11	12		
	22.50	0.8409	1.934	1.4231	2.2205	0.8432	1.4724	1.2415	0.4243	0.9649	1.0059	1.5749	2.3261		0.342	0.6296	0.43	0.9341	0.2555	0.55	0.3081	0.1945	0.4158	0.3226	0.612	1.0076		
		0.5828	0.4142	1.7594	2.2561	2.2304	0.8141	1.5063	0.8436	2.28	1.0376	0.9141	1.9845		0.4643	0.2571	1.115	1.0306	1.1451	0.2801	0.5741	0.5438	0.8674	0.3968	0.2986	0.8811		
		0.4978	0.2059	0.5293	0.6881	2.1903	1.6048	2.2091	1.4272	1.1826	1.2485	2.5698	2.0833		0.1872	0.1255	0.1981	0.239	0.9676	0.5473	0.8141	0.5566	0.4092	0.4819	1.0007	0.9248		
		1.3773	2.2269	2.1996	2.5881	0.7668	1.0255	1.3152	2.1826	2.1555	1.324	2.5906	1.5578		0.5767	0.9362	0.9498	1.1445	0.2753	0.3836	0.3864	0.8723	0.7275	0.4493	1.003	0.496		
		0.7568	1.7036	0.9526	2.0437	1.2159	1.7365	2.5941	1.4407	2.3672	1.5464	0.8698	1.5023		0.4818	0.5646	0.2961	0.7788	0.5058	0.6883	1.1322	0.4384	0.9615	0.5898	0.3125	0.6828		
		0.6118	1.5383	1.0852	0.6075	0.534	0.9239	1.1509	0.7482	1.2654	2.0582	0.8724	2.0424		0.4887	0.588	0.5427	0.4238	0.3661	0.3505	0.3743	0.5358	0.3921	0.9128	0.4299	0.5633		
		1.7076	0.6541	0.5005	1.2622	0.4133	0.7751	1.4222	1.3625	0.8505	0.7344	1.1662	1.706		0.6677	0.4651	0.3379	0.5319	0.2049	0.5692	0.5253	0.5149	0.2569	0.2254	0.5211	0.6147		
		0.527	1.1284	0.8952	0.6002	1.7147	1.137	0.7993	0.2349	1.305	0.8334	0.8962	0.8599		0.2611	0.4469	0.3057	0.3582	0.7179	0.3237	0.2322	0.1657	0.3719	0.3468	0.302	0.3058		
		
~End
Copyright © 2003 Molecular Devices. All rights reserved.
