##BLOCKS= 1          
Plate:	Plate#1	1.3	PlateFormat	Endpoint	Absorbance	Raw	FALSE	1						2	490 750	1	12	96	1	8	None	
	Temperature(¡C)	1	2	3	4	5	6	7	8	9	10	11	12		1	2	3	4	5	6	7	8	9	10	11	12		
	22.50	0.8531	1.8977	1.2511	1.3233	1.1135	1.7265	1.2423	0.5724	1.489	0.9402	1.4023	2.4427		0.28	0.6338	0.3729	0.5231	0.3399	0.6974	0.3593	0.2299	0.6684	0.3491	0.5372	1.1257		
		0.4758	0.4952	1.8013	1.1936	1.7778	0.6954	1.0042	1.0652	2.1296	1.1653	1.0459	1.9871		0.3947	0.277	1.14	0.5041	0.8857	0.21	0.4	0.7067	1.0092	0.5504	0.3244	0.8943		
		0.8136	0.1955	1.1652	0.719	2.5486	0.8541	1.724	1.1572	0.8124	1.6183	2.2009	2.4471		0.2372	0.1238	0.4183	0.2212	1.1305	0.3026	0.5903	0.4193	0.2834	0.6075	0.8592	1.1951		
		2.4378	1.9745	2.2753	2.5263	1.2258	1.3401	1.4511	1.9591	1.919	1.4949	2.2806	1.4006		1.1383	0.9832	0.8912	1.0197	0.4109	0.4369	0.4524	0.9472	0.7076	0.4894	0.9987	0.5179		
		0.7262	1.8226	1.6067	1.5204	0.8777	1.124	2.3583	1.0724	2.5463	1.0052	0.8847	1.3919		0.4406	0.5963	0.5791	0.6672	0.3899	0.4269	1.108	0.3194	1.0948	0.3912	0.2601	0.6598		
		0.6764	1.2736	1.0087	0.6512	0.6192	0.7566	0.9003	0.463	0.9085	1.3896	0.9588	2.2151		0.4866	0.5158	0.4651	0.4545	0.4159	0.3347	0.2851	0.3282	0.2872	0.5167	0.4154	0.8137		
		0.9663	0.7378	0.3355	0.9109	0.5655	0.5462	0.8165	1.6514	0.8802	0.9318	0.9648	1.9791		0.3937	0.5269	0.2325	0.4223	0.3606	0.3892	0.2784	0.6138	0.2787	0.2879	0.4307	0.7194		
		1.0694	1.6591	1.0215	0.6215	1.7544	1.2718	0.9149	0.235	1.8701	0.6893	0.8678	0.7799		0.5039	0.5983	0.3224	0.3998	0.7274	0.3799	0.2576	0.1589	0.5346	0.3089	0.2587	0.2768		
		
~End
Copyright © 2003 Molecular Devices. All rights reserved.
