##BLOCKS= 1          
Plate:	Plate#1	1.3	PlateFormat	Endpoint	Absorbance	Raw	FALSE	1						2	490 750	1	12	96	1	8	None	
	Temperature(¡C)	1	2	3	4	5	6	7	8	9	10	11	12		1	2	3	4	5	6	7	8	9	10	11	12		
	22.10	1.449	2.5191	0.8392	2.3018	0.6656	2.7855	1.6765	0.3904	1.2644	1.5171	0.3321	2.8039		0.4432	0.9445	0.2125	0.8622	0.1927	1.0015	0.5627	0.2243	0.8765	0.44	0.1411	1.448		
		0.4147	0.4879	1.9598	1.9125	2.6394	1.612	2.9525	1.2387	2.4146	0.9393	2.1981	2.6088		0.3216	0.2088	1.026	0.9168	1.3432	0.5709	1.5146	0.8871	1.3327	0.2573	0.8771	1.3274		
		0.6399	0.1648	1.3638	1.2121	2.6047	0.6865	1.052	1.0108	1.0557	1.1166	2.4542	2.8103		0.1958	0.1277	0.518	0.3106	1.0977	0.1931	0.2685	0.3285	0.2842	0.2994	1.2039	1.3775		
		1.9514	2.8463	1.5392	1.7017	1.0406	1.1768	0.6123	2.0491	0.8565	1.4194	1.7827	2.6912		0.8408	1.4494	0.385	0.943	0.2493	0.4153	0.2209	1.1254	0.2188	0.3758	0.7223	1.0562		
		1.0978	1.9754	0.8357	1.6078	0.7912	1.3428	1.6192	1.553	1.7523	1.3768	1.1248	0.9979		0.7545	0.7706	0.2419	0.488	0.2165	0.5103	0.3656	0.3691	0.4521	0.3823	0.2766	0.6028		
		2.0569	0.7888	0.6091	0.7144	0.3068	0.4327	0.8504	0.3068	0.7546	0.3384	1.0971	2.1999		1.0622	0.5317	0.3848	0.4991	0.2121	0.1513	0.2617	0.2074	0.2079	0.1467	0.3685	0.8041		
		0.7135	0.2722	0.4083	0.8782	0.2051	0.625	0.8656	1.079	0.7604	1.1834	0.7294	0.9192		0.2075	0.2383	0.2841	0.4594	0.1521	0.2083	0.2579	0.3843	0.2324	0.3828	0.2528	0.4077		
		1.041	1.0489	0.538	0.5431	0.5053	1.9506	1.0573	0.2155	0.7314	0.6781	0.8674	1.591		0.296	0.2791	0.1733	0.3193	0.3316	0.5256	0.2591	0.1459	0.2023	0.2008	0.2325	0.437		
		
~End
Copyright © 2003 Molecular Devices. All rights reserved.
