##BLOCKS= 1          
Plate:	Plate#1	1.3	PlateFormat	Endpoint	Absorbance	Raw	FALSE	1						2	490 750	1	12	96	1	8	None	
	Temperature(¡C)	1	2	3	4	5	6	7	8	9	10	11	12		1	2	3	4	5	6	7	8	9	10	11	12		
	22.50	0.2501	0.7188	0.3322	0.6497	0.2207	0.5416	0.3203	0.2029	0.7244	0.314	0.4169	0.9641		0.1514	0.4826	0.2492	0.4359	0.1574	0.394	0.2094	0.1474	0.5194	0.2302	0.2581	0.719		
		0.4469	0.4215	1.332	0.3769	0.87	0.2577	0.7514	0.428	0.7527	0.3873	0.5438	1.0784		0.3487	0.3011	0.9926	0.268	0.6229	0.163	0.5542	0.3119	0.5451	0.2823	0.3645	0.8312		
		0.3261	0.1435	0.4219	0.2753	0.9908	0.5743	1.0525	0.2819	0.2074	0.7595	0.9528	0.9429		0.1905	0.1156	0.2904	0.1515	0.7157	0.39	0.5017	0.1957	0.1441	0.5581	0.7156	0.7166		
		0.3856	1.3476	0.838	0.6925	0.2728	0.6892	0.702	0.914	0.7576	0.4244	0.8991	0.4593		0.2724	1.0185	0.6127	0.4903	0.1903	0.4878	0.5191	0.6659	0.5385	0.312	0.6729	0.3211		
		0.3789	0.7754	0.2875	0.6773	0.3893	0.5993	1.1294	0.2235	0.9118	0.7358	0.2579	0.7731		0.2525	0.5125	0.2092	0.4669	0.2811	0.4239	0.861	0.1597	0.691	0.5233	0.1699	0.5564		
		0.5507	0.3306	0.8262	0.5085	0.3938	0.3992	0.5523	0.2187	0.3079	0.3189	0.6797	0.8381		0.3632	0.2442	0.4505	0.3542	0.2685	0.2615	0.3168	0.1594	0.22	0.2006	0.3587	0.4847		
		0.8363	0.4031	0.4266	0.608	0.144	0.2422	0.2423	0.7385	0.2862	0.4176	0.4641	0.6616		0.4323	0.3528	0.3316	0.3901	0.1148	0.1779	0.1596	0.4006	0.1643	0.2596	0.3127	0.3849		
		0.2605	0.4272	0.3706	0.6148	0.2717	0.4608	0.2816	0.2058	0.2671	0.161	0.1991	0.3171		0.1818	0.27	0.2438	0.3801	0.1963	0.2688	0.1562	0.139	0.1658	0.1229	0.14	0.2134		
		
~End
Copyright © 2003 Molecular Devices. All rights reserved.
