##BLOCKS= 1          
Plate:	Plate#1	1.3	PlateFormat	Endpoint	Absorbance	Raw	FALSE	1						2	490 750	1	12	96	1	8	None	
	Temperature(¡C)	1	2	3	4	5	6	7	8	9	10	11	12		1	2	3	4	5	6	7	8	9	10	11	12		
	22.50	0.2171	0.8458	0.2356	0.6807	0.2263	0.6765	0.404	0.232	0.6724	0.2284	0.5141	0.9795		0.1426	0.5986	0.1629	0.4563	0.1664	0.5038	0.2621	0.1665	0.4761	0.1748	0.3207	0.7486		
		0.4262	0.4078	1.1261	0.6571	0.9983	0.2638	0.7462	0.5809	1.0132	0.2178	0.8491	0.9222		0.311	0.2849	0.8417	0.5107	0.7401	0.1641	0.5452	0.4279	0.7766	0.1547	0.5996	0.7105		
		0.2977	0.1606	0.5244	0.3073	0.8409	0.5448	1.4037	0.3117	0.2848	0.8996	0.8829	1.0829		0.1629	0.1272	0.386	0.1798	0.576	0.3867	0.652	0.2193	0.1984	0.672	0.6552	0.8471		
		0.4582	1.4503	0.9902	0.9928	0.2711	0.5656	0.4595	1.0924	0.9064	0.2965	0.9112	0.5588		0.3413	1.1561	0.7377	0.7433	0.1838	0.3997	0.3344	0.8493	0.6719	0.2144	0.6884	0.3807		
		0.3974	0.8305	0.3212	0.6397	0.332	0.5855	1.0659	0.2455	0.8578	1.0392	0.5027	0.8074		0.2432	0.5964	0.2459	0.4468	0.2595	0.4098	0.8231	0.176	0.6292	0.7802	0.3505	0.5917		
		0.6961	0.4381	0.973	0.4713	0.5204	0.4016	0.3218	0.2586	0.2403	0.2337	0.735	0.7803		0.4866	0.3267	0.502	0.3303	0.3375	0.2464	0.188	0.1839	0.1707	0.1567	0.3685	0.4194		
		0.783	0.3708	0.2695	0.4369	0.1818	0.4816	0.3137	0.8627	0.3162	0.5373	0.4021	0.6791		0.3523	0.3062	0.2013	0.2732	0.1453	0.3565	0.2218	0.4281	0.1851	0.3171	0.2545	0.4153		
		0.301	0.5622	0.2534	0.5018	0.4434	0.4887	0.321	0.1677	0.4111	0.3809	0.2669	0.2231		0.1947	0.3403	0.163	0.3164	0.3176	0.2941	0.1949	0.1285	0.2538	0.3278	0.1833	0.1505		
		
~End
Copyright © 2003 Molecular Devices. All rights reserved.
