##BLOCKS= 1          
Plate:	Plate#1	1.3	PlateFormat	Endpoint	Absorbance	Raw	FALSE	1						2	490 750	1	12	96	1	8	None	
	Temperature(¡C)	1	2	3	4	5	6	7	8	9	10	11	12		1	2	3	4	5	6	7	8	9	10	11	12		
	22.30	0.3146	1.3698	0.3032	0.6306	0.3002	0.3307	0.3158	0.2964	0.4617	0.6135	0.1612	1.233		0.1843	0.579	0.1813	0.3531	0.1861	0.1845	0.1413	0.2024	0.3107	0.2666	0.1138	0.4664		
		0.4896	0.2113	1.1927	0.285	1.2772	0.3221	0.7712	0.468	0.8699	0.2701	0.3796	0.7873		0.3914	0.1514	0.6164	0.1457	0.5538	0.1595	0.4471	0.3589	0.3676	0.1389	0.1644	0.3461		
		0.5021	0.143	0.4679	0.463	1.1491	0.2919	1.982	0.3069	0.2803	0.399	0.5577	1.0571		0.2947	0.1115	0.2822	0.1856	0.5466	0.1596	0.6888	0.2039	0.1754	0.2436	0.32	0.4589		
		0.6152	1.0677	0.48	0.584	0.4146	0.4913	0.2563	1.0176	0.4668	0.7692	0.7009	0.532		0.3483	0.4553	0.2904	0.3449	0.2319	0.3292	0.1547	0.4059	0.3109	0.3689	0.3921	0.3023		
		0.2959	0.9684	0.2472	0.6794	0.3123	0.4778	1.4245	0.3519	1.2777	0.5355	0.4095	0.5648		0.181	0.3804	0.1678	0.2923	0.1385	0.3045	0.5384	0.1784	0.5348	0.2999	0.2212	0.3522		
		0.3293	0.6528	0.3809	0.5773	0.2756	0.287	0.3273	0.2816	0.2185	0.3889	0.2982	0.8812		0.2769	0.5121	0.2956	0.4493	0.22	0.1905	0.1705	0.2187	0.1612	0.264	0.2137	0.3245		
		0.5007	0.4291	0.3388	0.5444	0.1369	0.6448	0.2442	0.3911	0.7233	0.2684	0.3129	0.6255		0.3286	0.3482	0.2687	0.4042	0.1116	0.4702	0.144	0.2163	0.3047	0.141	0.2371	0.4278		
		0.3628	0.3185	1.0005	0.4633	0.5064	0.5125	0.2512	0.1869	0.4365	0.2473	0.2806	0.3112		0.2581	0.1848	0.6575	0.3642	0.3591	0.2155	0.1386	0.1446	0.1859	0.1487	0.1532	0.1612		
		
~End
Copyright © 2003 Molecular Devices. All rights reserved.
