##BLOCKS= 1          
Plate:	Plate#1	1.3	PlateFormat	Endpoint	Absorbance	Raw	FALSE	1						2	490 750	1	12	96	1	8	None	
	Temperature(¡C)	1	2	3	4	5	6	7	8	9	10	11	12		1	2	3	4	5	6	7	8	9	10	11	12		
	22.20	0.3575	1.6595	0.3489	0.8458	0.2997	0.4795	0.6382	0.2822	0.5553	0.3853	0.213	1.8382		0.2019	0.7118	0.1813	0.5982	0.1735	0.2449	0.2179	0.2069	0.3887	0.1868	0.1403	0.7544		
		0.2967	0.2699	1.9461	0.4375	1.56	0.5343	0.5675	0.6426	0.8277	0.2847	0.4232	1.3627		0.2388	0.1997	0.8962	0.2056	0.6014	0.219	0.2771	0.4913	0.3705	0.156	0.1748	0.4892		
		0.8209	0.1712	0.3601	0.4279	1.3564	0.7352	2.1981	0.3863	0.4787	0.5114	0.5667	1.7619		0.5194	0.1335	0.2251	0.1827	0.6283	0.3568	0.8763	0.2234	0.3274	0.3796	0.2873	0.7087		
		0.6526	1.2355	1.1996	0.6806	0.39	0.6571	0.4134	1.0863	0.6775	0.3158	0.5789	0.4558		0.4434	0.5029	0.5913	0.3923	0.2295	0.4362	0.2007	0.3876	0.4379	0.177	0.2915	0.2643		
		0.496	1.655	0.2669	0.8939	0.5884	0.5352	1.3725	0.4668	1.0999	1.2608	0.2658	0.7411		0.3005	0.6514	0.1695	0.4604	0.2412	0.3107	0.6105	0.2359	0.4923	0.7041	0.1616	0.4344		
		0.3596	0.6319	0.4128	0.8817	0.2937	0.3195	0.486	0.2831	0.5183	0.4484	0.2403	1.017		0.2851	0.4663	0.3201	0.7029	0.236	0.1917	0.2344	0.219	0.2476	0.301	0.167	0.385		
		0.4178	0.4165	0.3189	0.6298	0.1563	0.4618	0.3299	0.416	0.436	0.4353	0.3487	1.3776		0.2816	0.3675	0.2541	0.4314	0.1274	0.3461	0.1771	0.193	0.205	0.216	0.2524	0.8247		
		0.3227	0.4112	0.6208	0.3785	0.5829	0.3842	0.4556	0.1743	0.3669	0.3716	0.2884	0.2688		0.2127	0.2069	0.2554	0.2992	0.4472	0.226	0.2472	0.1369	0.1657	0.2244	0.1571	0.1518		
		
~End
Copyright © 2003 Molecular Devices. All rights reserved.
