##BLOCKS= 1          
Plate:	Plate#1	1.3	PlateFormat	Endpoint	Absorbance	Raw	FALSE	1						2	490 750	1	12	96	1	8	None	
	Temperature(¡C)	1	2	3	4	5	6	7	8	9	10	11	12		1	2	3	4	5	6	7	8	9	10	11	12		
	22.60	0.2647	1.177	0.2249	1.3697	0.2693	1.0423	0.5923	0.2739	0.9176	0.4309	0.751	1.3637		0.1757	0.8356	0.1535	0.8253	0.1828	0.7871	0.3819	0.1815	0.6654	0.3017	0.4876	1.1079		
		0.4026	0.8861	1.9314	0.7868	1.5277	0.3466	1.2194	1.1426	1.6538	0.29	0.531	1.9499		0.3112	0.6812	1.3837	0.6051	1.2313	0.223	0.9513	0.9234	1.3552	0.1865	0.3486	1.4784		
		0.3426	0.1637	0.7636	0.3808	1.2887	0.6962	1.4443	0.587	0.3283	1.2851	1.391	1.7034		0.1856	0.1309	0.4754	0.2253	0.9602	0.4547	0.7092	0.4006	0.2153	1.0171	1.1231	1.3847		
		1.0154	1.7922	1.5928	1.3432	0.3012	0.9552	0.7745	1.3503	1.3966	0.378	1.2027	0.858		0.7501	1.42	1.2868	1.0956	0.204	0.6938	0.548	1.0893	1.1118	0.2507	0.928	0.5975		
		0.6671	1.1335	0.2495	1.3537	0.9097	0.8615	1.6091	0.3057	1.5213	1.4341	0.2738	1.2053		0.458	0.8478	0.1626	1.048	0.6881	0.6051	1.2971	0.1968	1.23	1.1289	0.1808	0.9422		
		1.2226	0.7286	1.0541	0.8655	1.1109	0.5634	0.5631	0.3199	0.3118	0.6377	1.0073	1.5945		0.7911	0.4629	0.604	0.5971	0.7464	0.3644	0.2866	0.2061	0.207	0.3638	0.49	0.9069		
		1.2913	0.7319	0.5148	1.1334	0.6208	0.712	0.4778	0.9646	0.4439	0.8847	0.62	0.9037		0.5237	0.5848	0.3741	0.5786	0.4697	0.5125	0.2208	0.5228	0.2356	0.4354	0.3544	0.5365		
		0.2992	0.6886	0.3792	0.6757	0.599	1.2128	0.2176	0.1798	0.5319	0.2883	0.2162	0.2301		0.2029	0.4192	0.2205	0.4606	0.4105	0.6357	0.1306	0.1255	0.3141	0.2016	0.1457	0.1476		
		
~End
Copyright © 2003 Molecular Devices. All rights reserved.
