##BLOCKS= 1          
Plate:	Plate#1	1.3	PlateFormat	Endpoint	Absorbance	Raw	FALSE	1						2	490 750	1	12	96	1	8	None	
	Temperature(¡C)	1	2	3	4	5	6	7	8	9	10	11	12		1	2	3	4	5	6	7	8	9	10	11	12		
	22.60	0.2491	1.2445	0.2487	1.2735	0.2471	1.1078	0.4156	0.2581	0.8972	0.3844	0.8858	1.3623		0.1718	0.8978	0.1675	0.7782	0.1679	0.8551	0.2614	0.1722	0.6503	0.2616	0.6105	1.1022		
		0.3969	0.7936	2.0383	0.8721	1.4513	0.3924	1.1702	1.1341	1.5002	0.3154	0.6461	1.7867		0.306	0.6004	1.4357	0.6763	1.1689	0.2538	0.9023	0.9254	1.2175	0.2076	0.427	1.367		
		0.3551	0.1499	0.4652	0.5809	1.1772	0.6514	1.4015	0.4566	0.3198	1.2877	1.4466	1.6504		0.238	0.1207	0.2929	0.3849	0.8814	0.4267	0.686	0.3071	0.2164	1.0366	1.1744	1.338		
		1.0341	2.017	1.5632	1.3542	0.3586	0.9301	0.7164	1.3775	1.2357	0.357	1.2908	0.7953		0.782	1.5972	1.2554	1.0946	0.2401	0.6731	0.4976	1.1043	0.9487	0.2381	0.9932	0.5505		
		0.5639	1.2036	0.2331	1.3593	1.0317	1.0055	1.6565	0.2768	1.6635	1.4018	0.2917	1.2686		0.3824	0.9238	0.1513	1.0423	0.7864	0.7157	1.3346	0.176	1.3525	1.0909	0.1939	1.0094		
		1.2953	0.793	0.9926	0.9317	1.1476	0.5601	0.7562	0.2745	0.2619	0.5064	1.2709	1.665		0.8009	0.5172	0.5805	0.6557	0.7682	0.3704	0.3742	0.1821	0.1742	0.2852	0.5846	0.9552		
		1.1363	0.8423	0.4399	1.2006	0.6367	0.655	0.4342	0.7948	0.4396	0.7624	0.6287	0.8877		0.516	0.6742	0.3184	0.657	0.4787	0.4573	0.2044	0.4324	0.2245	0.3951	0.3557	0.5147		
		0.323	0.7194	0.3888	0.7407	0.6956	0.6933	0.2461	0.1922	0.5333	0.199	0.2012	0.2263		0.2135	0.4856	0.204	0.518	0.4864	0.3723	0.139	0.1292	0.3063	0.1413	0.1377	0.1476		
		
~End
Copyright © 2003 Molecular Devices. All rights reserved.
