##BLOCKS= 1          
Plate:	Plate#1	1.3	PlateFormat	Endpoint	Absorbance	Raw	FALSE	1						2	490 750	1	12	96	1	8	None	
	Temperature(¡C)	1	2	3	4	5	6	7	8	9	10	11	12		1	2	3	4	5	6	7	8	9	10	11	12		
	21.80	0.2958	1.2926	0.4121	0.5179	0.3527	0.5449	0.7949	0.5063	1.0354	0.6589	1.1195	2.3184		0.1697	0.6657	0.2167	0.3011	0.2031	0.3302	0.5476	0.3038	0.6693	0.4518	0.5727	1.3973		
		0.5148	0.2859	2.0162	0.7028	1.7991	0.4461	0.3528	1.2756	2.6251	0.8392	0.278	2.3084		0.4195	0.1737	1.184	0.3916	0.8995	0.2444	0.2401	0.8818	1.5656	0.5484	0.1536	1.3401		
		0.3189	0.1347	2.5879	0.4835	2.278	1.3275	2.8123	0.7199	0.6425	0.4734	1.8181	1.9684		0.186	0.1068	0.6233	0.3023	0.9562	0.6466	0.9517	0.3946	0.3279	0.2577	1.0409	1.3628		
		0.8155	2.1767	0.4335	1.5233	0.4516	0.6946	0.4256	2.5506	0.5344	0.6022	1.0021	1.5243		0.5005	1.3832	0.2449	1.0642	0.259	0.4187	0.2138	1.5573	0.2434	0.348	0.5751	0.7057		
		0.5182	1.0007	0.354	0.9939	0.2166	0.9327	1.1618	0.3943	2.1459	0.3014	0.5241	0.4479		0.2924	0.7267	0.1951	0.5575	0.1597	0.5446	0.627	0.2149	1.4856	0.1743	0.2762	0.2986		
		0.6686	1.6564	2.2623	0.6857	0.509	0.5108	0.5308	0.5653	0.421	1.8598	2.3662	2.6654		0.4292	0.6827	0.7711	0.3656	0.2746	0.3111	0.314	0.2333	0.2494	0.4723	0.7561	1.1144		
		0.5629	0.2275	0.7166	2.1332	0.139	0.3198	0.3988	0.9583	0.3813	1.7638	1.3563	0.7183		0.3836	0.2002	0.3361	0.5983	0.1146	0.2032	0.2435	0.4134	0.2134	0.6202	0.4802	0.3347		
		0.4891	0.3795	0.2611	0.794	0.3672	0.3696	0.2986	0.3433	0.5577	0.2539	0.2966	0.2592		0.2469	0.239	0.1678	0.3055	0.2487	0.2046	0.1845	0.1798	0.3032	0.1701	0.1802	0.1679		
		
~End
Copyright © 2003 Molecular Devices. All rights reserved.
