##BLOCKS= 1          
Plate:	Plate#1	1.3	PlateFormat	Endpoint	Absorbance	Raw	FALSE	1						2	490 750	1	12	96	1	8	None	
	Temperature(¡C)	1	2	3	4	5	6	7	8	9	10	11	12		1	2	3	4	5	6	7	8	9	10	11	12		
	21.90	0.3721	1.2788	0.2915	0.5544	0.2706	0.4651	0.8438	0.4621	1.0033	0.5935	0.9527	2.2469		0.196	0.6628	0.1681	0.3287	0.1627	0.2816	0.5995	0.2762	0.6507	0.4099	0.463	1.3368		
		0.3354	0.2812	2.0582	0.8097	1.5535	0.4403	0.2915	1.4776	2.0636	0.751	0.2201	2.5707		0.2641	0.1764	1.2328	0.4352	0.8634	0.2372	0.2071	1.0353	1.2993	0.5012	0.1255	1.5008		
		0.3277	0.1531	2.3205	0.5214	2.0542	1.3701	2.7227	0.7407	0.5138	0.3831	1.7582	1.8564		0.2044	0.1249	0.6067	0.3305	0.9351	0.5933	0.8429	0.4054	0.2706	0.2123	1.0378	1.2977		
		0.8269	2.2512	0.557	1.7806	0.4257	0.6718	0.4262	2.2603	0.5323	0.5166	0.9398	1.4106		0.4986	1.4369	0.294	1.3042	0.2518	0.4186	0.2206	1.4186	0.2594	0.3073	0.5787	0.6227		
		0.5705	1.065	0.3901	0.7671	0.2063	0.7563	1.0471	0.3818	2.0579	0.3581	0.2762	0.4506		0.2951	0.8012	0.2252	0.4538	0.1545	0.4403	0.5568	0.22	1.4051	0.1985	0.1657	0.3016		
		0.6854	1.1781	2.585	0.7518	0.5561	0.4423	0.6629	0.6078	0.3924	2.3939	2.2961	2.5157		0.4365	0.56	0.9167	0.4141	0.278	0.2571	0.3922	0.2493	0.2378	0.5921	0.7057	1.0454		
		0.4816	0.2575	0.6186	2.5974	0.1183	0.337	0.3541	1.1698	0.3407	0.8912	1.0665	0.8702		0.2985	0.2082	0.2929	0.6594	0.0974	0.2207	0.2195	0.4826	0.2004	0.3535	0.5101	0.4252		
		0.412	0.43	0.2722	0.886	0.3423	0.4121	0.237	0.3279	0.4863	0.2596	0.2579	0.312		0.2159	0.2617	0.168	0.3683	0.2415	0.2218	0.156	0.1839	0.2769	0.1714	0.162	0.1967		
		
~End
Copyright © 2003 Molecular Devices. All rights reserved.
