##BLOCKS= 1          
Plate:	Plate#1	1.3	PlateFormat	Endpoint	Absorbance	Raw	FALSE	1						2	490 750	1	12	96	1	8	None	
	Temperature(¡C)	1	2	3	4	5	6	7	8	9	10	11	12		1	2	3	4	5	6	7	8	9	10	11	12		
	22.80	0.2762	1.2154	0.2897	2.6061	0.27	0.7346	1.2745	1.4727	1.4539	1.5374	2.9682	1.971		0.1836	0.6741	0.2049	1.5043	0.1816	0.4819	0.6681	1.1842	1.0715	1.0569	0.8712	1.4817		
		0.4482	2.0895	2.0026	0.3767	2.1854	1.7664	2.0329	1.2302	1.7575	0.8481	2.0364	2.0864		0.3488	1.38	1.3396	0.2507	1.3827	1.3519	1.4825	0.8483	1.3272	0.5054	1.4538	1.5634		
		1.4321	0.2687	1.7039	1.3079	1.3936	1.9766	0.404	1.9324	2.7545	1.3327	2.282	2.0954		0.8285	0.2086	0.8627	0.8724	0.9325	1.1055	0.2761	1.3294	1.8706	0.8271	1.6143	1.5638		
		1.7945	2.2411	0.2758	2.1709	0.394	1.9814	0.3622	1.8357	0.3418	0.5192	2.3248	2.1411		1.3087	1.6142	0.1968	1.0902	0.2672	1.212	0.2434	1.1878	0.2081	0.3036	1.215	1.3607		
		1.9488	1.5081	0.2984	1.24	1.7361	2.6204	2.5612	0.418	2.2086	0.3388	0.3433	1.9672		1.2547	0.7058	0.2123	0.8406	1.1984	1.4986	1.7935	0.264	1.135	0.2155	0.218	1.0797		
		0.9665	1.0013	1.5063	1.7116	0.7713	2.0558	1.2871	0.3917	0.4081	1.1243	1.9339	2.4403		0.7165	0.6313	0.701	1.1318	0.5587	1.0864	0.5874	0.2748	0.2616	0.591	0.8109	0.977		
		0.421	1.4806	0.9064	0.9238	1.6265	0.3337	0.527	1.5846	0.4868	1.3214	0.9696	1.7322		0.2564	1.0305	0.62	0.51	0.8558	0.2289	0.327	1.0954	0.314	0.8378	0.5462	0.8726		
		0.4527	1.7119	2.0699	1.0603	1.9977	1.1212	1.3723	0.2929	0.2636	0.2492	0.2243	0.2722		0.2796	0.7928	1.1812	0.6129	1.0316	0.6861	0.8228	0.1714	0.1636	0.164	0.1458	0.1706		
		
~End
Copyright © 2003 Molecular Devices. All rights reserved.
