##BLOCKS= 1          
Plate:	Plate#1	1.3	PlateFormat	Endpoint	Absorbance	Raw	FALSE	1						2	490 750	1	12	96	1	8	None	
	Temperature(¡C)	1	2	3	4	5	6	7	8	9	10	11	12		1	2	3	4	5	6	7	8	9	10	11	12		
	22.80	0.2591	1.117	0.2534	2.6044	0.2291	0.6675	1.2653	1.2926	1.484	1.4916	2.7726	2.0002		0.1701	0.6349	0.1751	1.4281	0.149	0.4267	0.6847	0.9824	1.0842	1.0544	0.7759	1.4673		
		0.4477	1.162	1.8144	0.3256	2.0812	1.829	2.0573	1.1297	1.7439	0.7797	1.9275	1.8779		0.3614	0.7699	1.222	0.2109	1.1405	1.3949	1.5214	0.7585	1.2841	0.4564	1.3301	1.4061		
		1.5099	0.2435	1.6962	1.1447	1.3134	1.8263	0.3722	2.2162	2.4495	1.1458	2.1451	2.1521		0.8742	0.1727	0.8179	0.691	0.8434	0.9381	0.2436	1.3837	1.4545	0.7175	1.2541	1.5897		
		2.0837	2.1923	0.278	2.254	0.397	1.7101	0.3603	2.035	0.3295	0.493	2.0027	2.2503		1.5045	1.5787	0.1897	1.1293	0.2587	0.9539	0.2331	1.1264	0.2034	0.2921	1.0753	1.3972		
		1.9204	1.3367	0.2794	1.0894	1.1647	2.3663	2.6725	0.3884	2.2358	0.3241	0.3544	2.1865		1.2871	0.5827	0.1861	0.6789	0.7356	1.1891	1.8323	0.2405	1.1633	0.2129	0.2263	1.0606		
		0.9238	0.9479	1.8158	1.5466	0.7566	2.0446	1.3038	0.3587	0.4046	1.0983	1.7768	2.1181		0.6396	0.5898	0.8783	1.0064	0.5437	1.0605	0.6071	0.2461	0.2602	0.5808	0.6714	0.922		
		0.4861	1.3986	1.0097	0.9625	1.4153	0.3085	0.4891	1.5154	0.4304	1.0077	1.0957	1.1451		0.319	0.9026	0.6871	0.4933	0.7218	0.2088	0.2877	1.0152	0.2715	0.6314	0.6374	0.5834		
		0.5451	1.6151	1.9943	1.0368	1.935	1.1722	1.1638	0.2157	0.2457	0.2535	0.2722	0.2878		0.3214	0.8438	1.1579	0.581	0.9936	0.7401	0.6544	0.1421	0.1595	0.166	0.1736	0.1801		
		
~End
Copyright © 2003 Molecular Devices. All rights reserved.
