##BLOCKS= 1          
Plate:	Plate#1	1.3	PlateFormat	Endpoint	Absorbance	Raw	FALSE	1						2	490 750	1	12	96	1	8	None	
	Temperature(¡C)	1	2	3	4	5	6	7	8	9	10	11	12		1	2	3	4	5	6	7	8	9	10	11	12		
	22.90	0.3478	1.1417	0.2635	2.5936	0.2529	0.6386	1.4352	1.4285	1.5498	1.6776	2.852	2.1882		0.2246	0.6675	0.1784	1.4496	0.159	0.4155	0.7261	1.133	1.1133	1.1834	0.8703	1.6174		
		0.416	1.6976	2.0713	0.3355	1.9816	1.876	2.2378	1.1605	1.8304	0.7411	1.9322	2.305		0.329	1.1317	1.3875	0.2181	1.1031	1.4101	1.7133	0.7797	1.3799	0.4298	1.4026	1.7272		
		1.46	0.2484	1.9613	1.1035	1.4313	1.8363	0.3617	2.1779	2.4503	1.4701	2.1489	2.0127		0.8299	0.1796	0.94	0.6823	0.9467	0.9451	0.2334	1.4302	1.4506	0.9342	1.4908	1.5029		
		1.9711	2.2227	0.2752	2.3009	0.3963	1.7386	0.3187	1.8581	0.3308	0.5406	2.0371	2.0937		1.4457	1.5969	0.1929	1.1352	0.2628	1.0441	0.2124	1.1332	0.2115	0.3251	1.1232	1.2897		
		2.068	1.4553	0.2565	1.4227	1.3927	2.4417	2.5854	0.3871	2.3221	0.327	0.3499	1.8775		1.3949	0.6195	0.1747	0.9459	0.9213	1.2883	1.7385	0.2438	1.1554	0.2165	0.2261	0.8942		
		0.9381	0.9442	1.6158	1.6649	0.7368	2.1882	1.4972	0.3507	0.4215	1.1451	1.8837	1.9764		0.6532	0.5894	0.7176	1.1003	0.5268	1.1514	0.723	0.2411	0.2718	0.6081	0.7254	0.8322		
		0.5065	1.6576	0.9699	1.156	1.5231	0.3232	0.5095	1.5123	0.4373	0.989	1.2067	1.587		0.3126	1.0867	0.6642	0.6152	0.7903	0.2207	0.3105	1.013	0.2795	0.6109	0.6876	0.8267		
		0.466	1.9837	2.131	0.9876	1.9725	1.1007	1.2627	0.2215	0.2868	0.2717	0.2654	0.2892		0.3003	1.0005	1.2256	0.5807	1.0153	0.6939	0.7164	0.1472	0.1838	0.1764	0.1693	0.1885		
		
~End
Copyright © 2003 Molecular Devices. All rights reserved.
