##BLOCKS= 1          
Plate:	Plate#1	1.3	PlateFormat	Endpoint	Absorbance	Raw	FALSE	1						2	490 750	1	12	96	1	8	None	
	Temperature(¡C)	1	2	3	4	5	6	7	8	9	10	11	12		1	2	3	4	5	6	7	8	9	10	11	12		
	22.30	0.2576	1.5346	0.4254	2.4038	0.1375	2.3962	3.3171	0.3991	2.5998	3.1174	2.345	1.9376		0.1981	0.9065	0.3168	1.4201	0.1092	1.4201	1.6474	0.2953	1.4726	1.7151	1.1161	1.1565		
		0.6868	2.6468	2.7786	1.8697	1.7129	0.4011	2.6425	1.3266	2.0123	1.6318	1.2115	2.4091		0.5567	1.4954	1.5707	1.2327	1.0406	0.3007	1.0495	0.7521	1.1786	0.7557	0.4195	1.4027		
		1.1538	0.1887	0.8141	1.3498	2.166	1.6386	0.3775	2.7616	2.2433	3.0352	2.4149	2.5701		0.7235	0.1467	0.6381	0.7436	0.9267	0.6248	0.2741	1.2624	1.0705	1.6442	1.4711	1.5499		
		3.0849	2.2069	2.0943	1.7271	0.4522	1.7818	0.5783	2.4113	2.4139	0.4994	2.2449	2.8546		1.7662	1.4659	1.3406	1.118	0.34	0.8112	0.4458	1.3935	1.1844	0.3351	1.4708	1.521		
		0.5394	1.2093	0.3408	2.8679	0.3697	2.214	2.342	0.3603	2.3404	3.1356	0.5947	2.0659		0.3589	0.7186	0.2632	1.462	0.3012	1.4799	1.5074	0.2742	1.372	1.5311	0.4613	1.3153		
		0.4575	1.1509	0.8884	1.0816	0.5601	0.8652	0.7064	0.4606	0.4321	0.3344	0.5758	1.3578		0.3473	0.7419	0.6637	0.7526	0.4067	0.5984	0.5196	0.356	0.3284	0.2432	0.44	0.9995		
		0.5496	1.8875	0.5523	0.8821	1.7109	0.3928	0.4229	0.3473	0.3897	0.2587	0.3555	0.5972		0.4365	1.2565	0.4018	0.6757	1.2737	0.2855	0.3342	0.2515	0.3046	0.2015	0.2605	0.404		
		0.5358	0.4753	0.3507	0.4154	0.3669	0.3262	0.2659	0.3164	0.2887	0.2522	0.2213	0.2058		0.4216	0.3335	0.2621	0.3007	0.2554	0.2479	0.2017	0.2427	0.2207	0.1895	0.1732	0.158		
		
~End
Copyright © 2003 Molecular Devices. All rights reserved.
