##BLOCKS= 1          
Plate:	Plate#1	1.3	PlateFormat	Endpoint	Absorbance	Raw	FALSE	1						2	490 750	1	12	96	1	8	None	
	Temperature(¡C)	1	2	3	4	5	6	7	8	9	10	11	12		1	2	3	4	5	6	7	8	9	10	11	12		
	22.40	0.3806	1.7097	0.3915	2.8743	0.1839	2.6301	2.1947	0.5951	2.8314	2.7656	2.2818	2.0366		0.2897	0.9426	0.2977	1.644	0.1405	1.6216	1.1009	0.4473	1.5732	1.3658	1.1	1.3246		
		0.6942	2.8868	2.4923	2.58	2.1605	0.4815	2.8519	1.4218	1.788	1.2437	1.3351	1.6685		0.5788	1.4794	1.4512	1.6415	1.2984	0.362	1.2752	0.8026	1.0728	0.5003	0.4902	0.9679		
		1.2438	0.178	0.7283	1.2352	2.2763	1.7971	0.4218	2.8638	2.7625	2.8702	2.0783	2.0112		0.798	0.1376	0.5829	0.7576	0.9069	0.7335	0.3006	1.4313	1.3508	1.6217	1.2717	1.2278		
		2.3082	2.2622	2.1682	2.6	0.4745	1.9198	0.583	2.6732	2.6198	0.6422	2.4725	2.7033		1.1105	1.4586	1.3944	1.6349	0.348	0.9161	0.4581	1.5621	1.3683	0.4631	1.563	1.4015		
		0.6378	1.0402	0.2741	3.029	0.3906	1.954	2.7091	0.3773	2.4023	2.6943	0.4039	2.1417		0.3908	0.577	0.2117	1.6399	0.3196	1.3114	1.7529	0.2872	1.4292	1.2964	0.317	1.351		
		0.609	1.174	0.9521	0.8306	0.4767	0.6775	0.6871	0.4178	0.4527	0.3548	0.9243	1.1568		0.4099	0.8038	0.7301	0.5617	0.3543	0.478	0.4857	0.315	0.349	0.2647	0.7338	0.82		
		0.5317	1.9224	0.6586	0.8392	1.277	0.3845	0.3816	0.3619	0.4064	0.2532	0.4674	0.6459		0.5093	1.323	0.4877	0.6438	0.9108	0.2764	0.2989	0.2507	0.3195	0.2002	0.3479	0.4144		
		0.3944	0.5615	0.3536	0.4389	0.3431	0.38	0.3034	0.2789	0.322	0.3133	0.3786	0.4082		0.3006	0.3994	0.2624	0.3199	0.242	0.2912	0.2343	0.214	0.2451	0.2383	0.2915	0.3115		
		
~End
Copyright © 2003 Molecular Devices. All rights reserved.
