##BLOCKS= 1          
Plate:	Plate#1	1.3	PlateFormat	Endpoint	Absorbance	Raw	FALSE	1						2	490 750	1	12	96	1	8	None	
	Temperature(¡C)	1	2	3	4	5	6	7	8	9	10	11	12		1	2	3	4	5	6	7	8	9	10	11	12		
	21.70	0.6986	2.2924	0.9876	2.3037	0.8907	1.6013	0.812	1.4081	2.231	1.3225	1.4871	2.2508		0.2714	1.1444	0.3656	1.5394	0.4159	0.8224	0.3125	0.9395	1.3772	0.8469	0.8819	1.3312		
		0.6514	2.0601	1.9576	0.9007	2.0895	0.57	2.199	1.1191	1.8271	1.5352	0.1719	2.1279		0.5015	1.5352	1.408	0.4079	1.3507	0.2693	1.4188	0.7596	1.1918	0.8162	0.1147	1.2722		
		0.9139	0.1316	1.308	1.6695	1.8589	1.7717	1.6158	2.3779	2.1185	2.2995	2.0301	2.3383		0.4567	0.1016	0.6826	0.9797	1.1116	1.2068	0.9568	1.7342	1.4836	1.5633	1.4239	1.5776		
		2.2282	2.3557	2.1991	1.9909	1.2662	1.9382	1.7209	1.7896	2.4205	0.7278	2.1596	1.8355		1.5542	1.5251	1.4915	1.3726	0.6869	1.3699	0.9099	1.0499	1.5619	0.3443	1.4647	1.3429		
		0.9594	1.1238	1.3003	2.1673	0.9136	2.2461	2.3966	0.9346	1.9996	2.3779	1.227	2.0373		0.3413	0.5063	0.562	1.5136	0.4315	1.6576	1.5173	0.4101	1.2181	1.5524	0.6232	1.2521		
		1.7584	0.9848	2.1636	2.4477	1.8483	1.2213	1.063	1.5377	0.764	0.8643	1.7628	1.824		0.8272	0.6	1.0273	1.0918	0.9892	0.653	0.6024	0.4631	0.3719	0.4887	1.0228	0.924		
		1.8757	2.0718	1.3016	1.5439	1.3249	2.3974	0.6196	1.2541	0.469	0.7939	1.5956	1.6632		1.0264	1.4121	0.7416	0.8066	0.677	0.9957	0.3114	0.725	0.2283	0.4008	0.7115	0.8008		
		0.9223	0.8845	1.7679	1.3312	0.8664	0.7765	1.3695	0.9184	0.5564	0.8567	0.7566	0.5658		0.4075	0.4056	1.2017	0.5169	0.459	0.3106	0.5351	0.4098	0.2432	0.3768	0.2724	0.2416		
		
~End
Copyright © 2003 Molecular Devices. All rights reserved.
