##BLOCKS= 1          
Plate:	Plate#1	1.3	PlateFormat	Endpoint	Absorbance	Raw	FALSE	1						2	490 750	1	12	96	1	8	None	
	Temperature(¡C)	1	2	3	4	5	6	7	8	9	10	11	12		1	2	3	4	5	6	7	8	9	10	11	12		
	21.70	1.171	2.0803	0.8564	2.4704	1.2012	1.5854	1.4064	1.4514	2.5483	0.5678	1.2254	2.2487		0.5472	1.0254	0.3535	1.6083	0.4461	0.9211	0.6315	0.7617	1.6485	0.3564	0.6422	1.2565		
		0.5898	2.1435	2.0573	1.2199	2.4481	1.0511	2.4808	1.1071	2.2906	1.054	0.1729	2.3577		0.4987	1.567	1.3844	0.4799	1.4976	0.5012	1.5146	0.7506	1.3377	0.5549	0.1111	1.383		
		0.8134	0.1547	1.3337	2.1379	1.7609	1.9617	1.447	2.2575	1.9308	2.2885	2.045	2.1263		0.402	0.1187	0.7812	1.3444	1.0477	1.3437	0.8326	1.6417	1.4026	1.5604	1.4174	1.2982		
		1.9065	1.9336	2.0891	2.1423	1.2698	2.1606	2.209	2.378	2.1251	1.577	1.9889	2.0357		1.3917	1.2701	1.481	1.498	0.7105	1.5505	1.3033	1.3873	1.386	0.774	1.4511	1.4222		
		0.953	1.5254	0.5099	2.1961	0.887	2.1842	2.0884	1.084	2.2106	2.5071	1.1889	2.4082		0.3991	0.6776	0.1916	1.4746	0.4561	1.4822	1.301	0.414	1.2695	1.717	0.596	1.5113		
		1.568	1.1593	2.3071	2.7165	1.7467	1.6735	1.228	1.1638	1.273	1.0954	1.5729	1.2427		0.8225	0.6902	1.1046	1.2294	0.896	0.939	0.681	0.4176	0.5662	0.5712	0.9302	0.5853		
		1.7886	2.1318	1.1756	1.3906	0.8009	1.6954	0.5803	2.5844	0.6801	0.8514	2.3757	1.3025		1.0651	1.4158	0.6796	0.7351	0.4429	0.7908	0.2825	1.7041	0.3042	0.4437	1.0641	0.6593		
		2.0376	1.079	0.8751	1.2177	0.5633	1.0702	0.5097	0.7916	0.6091	0.7455	0.8396	0.5871		1.0339	0.4869	0.4836	0.4919	0.2822	0.4225	0.2306	0.3394	0.2445	0.3017	0.3	0.2564		
		
~End
Copyright © 2003 Molecular Devices. All rights reserved.
