##BLOCKS= 1          
Plate:	Plate#1	1.3	PlateFormat	Endpoint	Absorbance	Raw	FALSE	1						2	490 750	1	12	96	1	8	None	
	Temperature(¡C)	1	2	3	4	5	6	7	8	9	10	11	12		1	2	3	4	5	6	7	8	9	10	11	12		
	23.40	0.2593	1.766	0.2691	2.2481	0.3958	1.6089	1.3872	0.6185	1.1906	0.9628	1.6919	1.7252		0.166	0.8159	0.1631	1.0098	0.2189	1.0776	0.6076	0.3794	0.6732	0.7421	0.9301	1.0889		
		0.4582	0.3795	2.0024	1.4919	1.5561	1.1319	1.8599	0.7992	1.6684	0.5755	0.6963	2.1071		0.3779	0.2475	1.0727	0.9158	0.9839	0.6724	1.1593	0.4776	1.0006	0.3259	0.4858	1.0734		
		0.5564	0.2663	0.8822	1.722	1.6853	1.4648	1.4867	1.1763	0.4783	1.4037	2.1849	1.878		0.3347	0.1428	0.4902	1.0091	0.8532	0.9379	0.6668	0.7353	0.2336	0.9203	1.2469	1.055		
		1.935	2.0822	2.0555	1.4924	1.6741	0.4759	1.7121	1.5807	1.4258	0.454	2.3099	1.3452		1.232	1.2132	1.1507	0.946	1.0164	0.2561	1.1314	0.9778	0.8607	0.2404	1.306	0.7526		
		0.6143	1.5522	2.0101	2.3492	2.0034	1.9222	2.3656	1.2185	2.3083	1.9176	0.4598	1.7901		0.2978	0.4535	1.0287	1.1985	1.1624	1.0313	1.2408	0.7587	1.3003	0.9623	0.246	1.0286		
		0.4554	1.7507	1.0412	2.2042	2.4362	1.2447	1.2104	0.5122	0.3316	2.0923	1.6491	2.1536		0.313	0.5737	0.3941	0.8347	0.8823	0.5889	0.5452	0.2837	0.1889	0.8646	0.564	0.7408		
		1.8175	1.7945	0.8991	1.5285	0.231	1.7021	0.3188	0.3468	0.2359	0.3488	0.2756	0.2234		0.5498	0.9268	0.4367	0.5744	0.1547	0.4383	0.1883	0.1789	0.1372	0.1923	0.16	0.138		
		0.2718	0.3894	0.2531	0.3875	0.4924	0.5461	0.3969	0.3944	0.3608	1.076	0.2386	0.265		0.1706	0.2109	0.1519	0.1945	0.2946	0.2557	0.2047	0.1828	0.1812	0.9876	0.1468	0.1584		
		
~End
Copyright © 2003 Molecular Devices. All rights reserved.
