##BLOCKS= 1          
Plate:	Plate#1	1.3	PlateFormat	Endpoint	Absorbance	Raw	FALSE	1						2	490 750	1	12	96	1	8	None	
	Temperature(¡C)	1	2	3	4	5	6	7	8	9	10	11	12		1	2	3	4	5	6	7	8	9	10	11	12		
	23.40	0.2329	1.6204	0.2823	2.4719	0.3718	1.5526	1.3401	0.8201	1.3455	0.84	2.2962	1.6271		0.1431	0.8302	0.1686	1.1782	0.2362	1.0847	0.5899	0.5618	0.7628	0.6878	1.3698	1.0046		
		0.5563	0.38	2.1458	1.4039	1.5799	1.1273	1.6328	0.7603	1.6839	0.6927	1.6462	1.6678		0.4086	0.2463	1.073	0.9177	1.0059	0.6629	1.0682	0.4478	1.0638	0.3731	0.9808	0.9073		
		0.5737	0.2958	0.7092	1.9285	1.5692	1.2596	0.816	1.5417	0.3642	1.9396	1.7618	1.9547		0.3605	0.1651	0.3816	1.1402	0.6964	0.8156	0.3718	0.9834	0.1932	1.2326	1.0634	1.1136		
		2.5003	1.947	2.1203	1.6168	1.6533	0.6938	1.9053	1.5154	1.8331	0.4328	2.5261	1.3937		1.5015	1.0412	1.1728	1.0244	1.0264	0.3849	1.2725	0.9235	1.0968	0.2379	1.3915	0.7621		
		0.5933	1.4221	1.9801	1.8631	1.4866	2.0405	2.2945	1.112	2.5427	2.4824	0.2327	1.9606		0.3055	0.4535	1.0443	1.0583	0.9145	1.1268	1.269	0.693	1.3309	1.2926	0.1363	1.0551		
		0.4126	1.5334	1.8768	1.7432	2.1515	1.6311	1.6538	0.3664	0.4588	1.2793	1.9606	1.243		0.2889	0.4952	0.6674	0.7029	0.8055	0.7665	0.7668	0.2109	0.2469	0.5092	1.1596	0.4472		
		1.6727	1.5755	1.0774	1.1346	0.9014	1.5614	0.2511	0.3019	0.239	0.4174	0.4142	0.3104		0.4934	0.7872	0.5618	0.4568	0.5879	0.5042	0.1459	0.168	0.1425	0.2229	0.2455	0.1886		
		0.3142	0.3513	0.366	0.2816	0.3903	0.3086	0.3732	0.2925	0.3548	0.2612	0.2821	0.2369		0.2067	0.1827	0.2022	0.1577	0.2566	0.1553	0.21	0.1578	0.1901	0.1583	0.1804	0.1386		
		
~End
Copyright © 2003 Molecular Devices. All rights reserved.
