##BLOCKS= 1          
Plate:	Plate#1	1.3	PlateFormat	Endpoint	Absorbance	Raw	FALSE	1						2	490 750	1	12	96	1	8	None	
	Temperature(¡C)	1	2	3	4	5	6	7	8	9	10	11	12		1	2	3	4	5	6	7	8	9	10	11	12		
	23.40	0.2908	1.1047	0.2895	2.1065	0.3919	0.4071	0.6738	1.0366	1.58	1.3517	1.6931	1.6129		0.1971	0.7467	0.1939	1.3012	0.2723	0.275	0.4426	0.7601	1.2378	1.0573	1.1313	1.2757		
		0.6584	0.4286	1.4569	0.3821	1.2729	1.7251	1.6143	0.9776	1.3751	0.4535	1.3138	1.5322		0.5293	0.3009	1.0345	0.2535	0.8581	1.1975	1.208	0.7384	1.0464	0.2986	0.9439	1.1843		
		1.2903	0.4412	1.4987	1.6655	1.2784	1.3007	1.5251	1.716	1.7425	1.2744	1.3801	1.5486		0.7875	0.2896	0.9791	1.21	0.8594	0.838	0.9272	1.2621	1.2949	0.8845	1.012	1.1464		
		1.805	1.7899	0.3831	1.957	0.3917	0.5679	0.3364	1.5562	0.3543	0.4825	1.9925	1.6452		1.3267	1.3329	0.267	1.3174	0.2656	0.3903	0.2193	1.0613	0.233	0.3203	1.2983	1.154		
		1.9371	1.1163	0.3152	0.7631	1.1563	2.0737	1.868	0.3514	1.8808	0.3637	0.3111	2.2957		1.2768	0.6186	0.2091	0.4887	0.7672	1.3224	1.3532	0.231	1.1829	0.2258	0.1959	1.1054		
		0.8477	0.9315	0.8723	1.1336	1.359	1.404	1.4343	0.4728	0.5238	0.652	0.8613	1.6328		0.5288	0.5804	0.5206	0.7888	0.9106	0.797	0.7152	0.3084	0.3335	0.4028	0.5132	0.775		
		0.9065	1.4411	1.1099	0.8486	1.1829	0.3164	0.5938	1.5797	0.8947	1.3269	0.7751	1.2281		0.544	0.9336	0.7813	0.4747	0.7459	0.2271	0.3794	0.9583	0.5712	0.8895	0.4823	0.798		
		1.0604	1.4927	2.3195	1.8936	1.2873	1.3739	1.2111	0.3962	0.3279	0.2912	0.2621	0.3184		0.6274	0.8441	1.1577	1.0383	0.807	0.7994	0.7508	0.2362	0.2096	0.1895	0.171	0.1959		
		
~End
Copyright © 2003 Molecular Devices. All rights reserved.
