##BLOCKS= 1          
Plate:	Plate#1	1.3	PlateFormat	Endpoint	Absorbance	Raw	FALSE	1						2	490 750	1	12	96	1	8	None	
	Temperature(¡C)	1	2	3	4	5	6	7	8	9	10	11	12		1	2	3	4	5	6	7	8	9	10	11	12		
	23.40	0.3249	1.2712	0.2614	2.0486	0.3265	0.4578	0.7834	1.0248	1.661	1.1761	1.9512	1.361		0.2	0.8682	0.1745	1.2489	0.22	0.3141	0.525	0.7547	1.3125	0.9055	1.3496	1.0372		
		0.6378	0.3455	1.4949	0.3549	1.0125	1.7853	1.5902	0.9549	1.4346	0.4879	1.3985	1.4609		0.519	0.2518	1.0789	0.2338	0.6547	1.2387	1.1721	0.7094	1.0956	0.3193	0.999	1.119		
		1.2022	0.3896	1.4474	1.6882	1.2193	1.282	1.514	1.7096	1.6724	1.1555	1.547	1.5638		0.7355	0.2474	0.9394	1.2316	0.7953	0.8199	0.9231	1.2379	1.2139	0.7871	1.1371	1.1444		
		1.6783	1.6295	0.3075	2.0039	0.3699	0.5793	0.3555	1.719	0.3425	0.4583	1.904	1.89		1.2895	1.1963	0.2032	1.3341	0.2491	0.4002	0.2392	1.1372	0.221	0.2989	1.2295	1.2085		
		1.9324	1.1617	0.2996	0.8142	1.039	2.0808	1.6416	0.3424	2.0098	0.4039	0.3509	2.3063		1.2779	0.6268	0.2	0.5204	0.6756	1.318	1.1895	0.2279	1.2442	0.2522	0.221	1.1137		
		0.7409	0.9387	0.7798	1.1496	1.293	1.5882	1.2623	0.4362	0.4961	0.8588	0.8113	1.3124		0.5016	0.5755	0.4613	0.7692	0.8681	0.9127	0.5964	0.2837	0.3156	0.5448	0.461	0.5901		
		0.8935	1.5849	1.3074	0.9549	1.2554	0.3179	0.5467	1.5701	0.8859	1.3387	0.7555	1.2636		0.4869	1.0373	0.9166	0.5471	0.7888	0.2302	0.3415	0.9094	0.5641	0.874	0.4756	0.8364		
		1.0917	1.3773	1.9906	1.7499	1.195	1.3452	1.2354	0.4511	0.2873	0.2684	0.2623	0.3228		0.6739	0.7779	0.9222	0.9575	0.7356	0.7577	0.7641	0.2729	0.1866	0.1759	0.1692	0.2059		
		
~End
Copyright © 2003 Molecular Devices. All rights reserved.
