##BLOCKS= 1          
Plate:	Plate#1	1.3	PlateFormat	Endpoint	Absorbance	Raw	FALSE	1						2	490 750	1	12	96	1	8	None	
	Temperature(¡C)	1	2	3	4	5	6	7	8	9	10	11	12		1	2	3	4	5	6	7	8	9	10	11	12		
	23.40	0.3277	1.1757	0.2727	2.2113	0.248	2.5104	0.8725	0.6346	2.0653	1.1891	2.8702	2.2129		0.2449	0.6925	0.1978	1.2354	0.1871	1.8191	0.5604	0.4325	1.3421	0.7978	1.3232	1.128		
		0.4459	0.2517	2.1469	0.431	2.2335	0.7303	2.1311	0.9594	2.2655	0.3433	1.4147	1.8392		0.3048	0.1821	1.2443	0.2907	1.2752	0.4725	1.1372	0.5994	1.1342	0.2294	0.7805	0.9711		
		0.3989	0.1818	0.8058	0.7741	1.3382	1.7173	2.4312	0.5859	0.3336	1.9607	2.1089	2.0035		0.2799	0.1482	0.5118	0.5325	0.8464	0.8009	0.9032	0.4037	0.2313	1.1175	1.0871	1.0684		
		2.7491	2.2431	2.067	2.2818	0.5687	2.0786	2.6672	2.0209	2.1508	0.6105	2.0708	2.0731		1.8613	1.1486	1.1172	1.1474	0.4048	1.4052	1.6944	1.152	1.18	0.3772	1.0465	1.2808		
		2.4263	1.1071	0.2398	2.3691	1.6907	2.1622	2.2625	0.6912	2.216	2.3199	0.302	2.3971		1.5544	0.3875	0.1645	1.2155	1.0003	1.1376	1.184	0.4108	1.1839	1.1803	0.2071	1.1731		
		1.7638	0.8754	1.3278	1.479	1.5325	1.6834	1.2936	0.4175	0.4583	1.1506	1.0145	1.7221		1.0832	0.5883	0.7413	0.9672	0.9807	0.9943	0.6698	0.2838	0.3261	0.6633	0.5204	0.8178		
		1.0561	2.0014	1.0078	0.9902	1.2695	0.6561	0.5305	1.7725	1.5439	1.7583	1.2214	1.4383		0.5957	1.1521	0.7431	0.5684	0.731	0.4318	0.3534	0.7961	0.7172	0.7856	0.6495	0.7155		
		0.3143	1.971	0.674	0.5698	1.3266	1.4954	0.4443	0.2715	1.5033	0.2351	0.2709	0.2784		0.2004	1.0592	0.4176	0.4038	0.8535	0.7599	0.2826	0.1936	0.7953	0.1761	0.1817	0.187		
		
~End
Copyright © 2003 Molecular Devices. All rights reserved.
