##BLOCKS= 1          
Plate:	Plate#1	1.3	PlateFormat	Endpoint	Absorbance	Raw	FALSE	1						2	490 750	1	12	96	1	8	None	
	Temperature(¡C)	1	2	3	4	5	6	7	8	9	10	11	12		1	2	3	4	5	6	7	8	9	10	11	12		
	23.40	0.2573	1.1934	0.373	2.2114	0.2572	2.3962	0.6556	0.4453	2.357	1.0378	2.7666	2.1186		0.177	0.6851	0.2792	1.2476	0.1872	1.6588	0.3475	0.298	1.5192	0.6715	1.2498	1.0445		
		0.5862	0.2716	2.2372	0.3443	2.2484	1.0044	2.1211	1.0147	2.242	0.4163	1.3258	1.9251		0.4739	0.1951	1.34	0.2395	1.2371	0.5644	1.1293	0.6234	1.0832	0.2769	0.6955	1.0183		
		0.5142	0.233	0.6982	0.5574	1.2752	1.5107	1.8295	0.4565	0.3083	2.0549	2.1647	2.0819		0.3701	0.1817	0.4316	0.3856	0.7978	0.7518	0.6994	0.3219	0.2101	1.1003	1.1062	1.0904		
		2.7997	2.2128	2.2908	2.3828	0.8851	2.2941	2.8141	2.0166	1.9829	0.5651	2.1634	2.245		1.9152	1.0918	1.2097	1.1753	0.6071	1.4708	1.767	1.1361	1.0916	0.3453	1.0776	1.4219		
		2.5099	1.0669	0.2849	2.3765	1.7238	2.4405	2.285	0.56	2.2728	2.6206	0.3412	2.2716		1.6277	0.387	0.2098	1.2943	1.0406	1.2399	1.1926	0.3301	1.1933	1.305	0.2306	1.1566		
		1.8017	0.8935	1.1903	1.5075	1.4829	1.7658	1.0037	0.3536	0.5176	1.2149	1.2985	1.9379		1.155	0.6121	0.6542	0.9806	0.9661	1.0432	0.5373	0.2454	0.3744	0.6942	0.6173	0.8673		
		1.1759	1.9951	0.7175	0.892	1.2964	0.6902	0.3441	2.0269	1.5083	1.5187	1.1743	1.3383		0.6361	1.1461	0.5246	0.5618	0.743	0.4599	0.229	0.9231	0.7093	0.6801	0.6086	0.6625		
		0.305	1.6868	0.4612	0.7454	1.3899	1.3592	0.5352	0.1883	1.5891	0.2105	0.2903	0.3846		0.2156	0.9766	0.3128	0.5228	0.9172	0.6661	0.3801	0.1434	0.822	0.1639	0.1905	0.2869		
		
~End
Copyright © 2003 Molecular Devices. All rights reserved.
