##BLOCKS= 1          
Plate:	Plate#1	1.3	PlateFormat	Endpoint	Absorbance	Raw	FALSE	1						2	490 750	1	12	96	1	8	None	
	Temperature(¡C)	1	2	3	4	5	6	7	8	9	10	11	12		1	2	3	4	5	6	7	8	9	10	11	12		
	23.50	0.2274	1.1087	0.2784	2.1148	0.2955	2.8267	0.4645	0.5862	2.1043	0.7133	2.9596	2.0369		0.1685	0.645	0.21	1.2152	0.2077	1.9514	0.2334	0.3968	1.3405	0.4963	1.4312	1.029		
		0.4803	0.2309	2.1735	0.4104	2.1962	0.9816	2.1681	0.9686	2.3165	0.3433	1.2731	2.0551		0.3836	0.1688	1.3134	0.2841	1.2078	0.5647	1.1167	0.6014	1.1383	0.2379	0.7202	1.0477		
		0.4236	0.1603	0.8041	0.652	1.2808	1.5733	2.0364	0.5792	0.278	2.1566	2.242	2.0781		0.3175	0.1272	0.4321	0.4655	0.8044	0.7771	0.7626	0.3996	0.203	1.1615	1.1581	1.0845		
		2.7027	2.4784	2.3657	2.5191	0.9134	2.416	2.8939	2.0023	2.1188	0.5318	2.2842	2.1578		1.855	1.2586	1.2007	1.2415	0.6018	1.5206	1.8042	1.1278	1.1286	0.4034	1.144	1.3487		
		2.4366	1.0111	0.315	2.4468	1.8352	2.2036	2.3753	0.8121	2.291	2.5775	0.2345	2.2418		1.5493	0.3706	0.2414	1.2912	1.0838	1.1564	1.2349	0.4899	1.2188	1.2741	0.1752	1.086		
		1.7784	0.9086	1.2556	1.5106	1.457	1.8373	1.3025	0.3644	0.4856	1.1324	1.4247	1.9292		1.1221	0.6035	0.6939	0.9988	0.9376	1.1288	0.7706	0.2514	0.3485	0.6638	0.73	0.8733		
		0.9927	2.3548	0.8163	1.2442	1.4888	0.7453	0.5204	1.9517	1.5925	1.6766	1.1364	1.2867		0.5876	1.2709	0.5986	0.7557	0.8597	0.5075	0.36	0.9086	0.7583	0.7655	0.6127	0.626		
		0.4427	1.7454	0.5838	0.8107	1.65	1.4821	0.3317	0.2595	1.635	0.2481	0.2169	0.2655		0.311	0.977	0.3979	0.5484	1.1065	0.743	0.1831	0.1779	0.8564	0.193	0.1637	0.1801		
		
~End
Copyright © 2003 Molecular Devices. All rights reserved.
