##BLOCKS= 1          
Plate:	Plate#1	1.3	PlateFormat	Endpoint	Absorbance	Raw	FALSE	1						2	490 750	1	12	96	1	8	None	
	Temperature(¡C)	1	2	3	4	5	6	7	8	9	10	11	12		1	2	3	4	5	6	7	8	9	10	11	12		
	22.60	0.2789	1.6223	0.2917	2.8682	0.3436	0.5869	0.7702	0.4764	1.4245	0.3731	2.4472	1.8542		0.1716	0.7471	0.1824	1.7017	0.2152	0.3491	0.4416	0.3117	0.7656	0.2346	0.8183	1.1473		
		0.3061	0.2021	1.864	1.9776	2.0986	0.7948	2.5651	1.0294	1.9778	0.467	0.6209	1.9522		0.2303	0.1504	1.2308	1.3086	1.068	0.446	1.2954	0.7018	1.1702	0.2952	0.3534	0.96		
		0.6014	0.1999	1.2359	0.8231	1.0094	1.6979	1.5376	2.5515	0.4229	1.6649	2.4111	2.08		0.3173	0.1343	0.5803	0.3902	0.637	0.7936	0.656	1.5319	0.265	1.3268	1.333	1.0689		
		1.5951	1.9537	2.2175	2.6513	0.3498	2.6187	0.3292	1.8558	0.8573	0.486	3.1265	1.4739		0.938	1.069	1.0365	1.3057	0.2049	1.4215	0.1974	0.9401	0.509	0.2628	1.2318	0.8869		
		0.6567	0.8258	0.2989	2.1499	1.2399	2.1164	2.5492	0.326	2.5926	1.1094	0.356	1.9913		0.3497	0.403	0.1749	1.0768	0.7995	1.0822	1.1133	0.2091	1.2786	0.6988	0.211	0.9856		
		1.7367	0.7956	1.1291	1.5032	1.8367	1.6988	1.6151	0.351	0.324	0.8436	0.7456	1.2155		1.1382	0.4275	0.4985	0.814	0.8065	0.6288	0.7415	0.2449	0.207	0.4311	0.3447	0.4977		
		0.2705	2.1016	0.3387	0.8963	1.505	1.9969	0.4107	0.9529	1.1276	0.6334	0.5468	0.7572		0.1788	0.9925	0.2288	0.3605	0.7587	0.905	0.2139	0.4907	0.572	0.3181	0.2666	0.3584		
		0.5288	0.523	0.4782	0.6143	0.5589	1.6883	0.4568	0.2851	1.9398	0.2963	0.2364	0.319		0.2999	0.271	0.2097	0.3141	0.3773	0.7184	0.1836	0.1543	0.8602	0.1858	0.1569	0.187		
		
~End
Copyright © 2003 Molecular Devices. All rights reserved.
