##BLOCKS= 1          
Plate:	Plate#1	1.3	PlateFormat	Endpoint	Absorbance	Raw	FALSE	1						2	490 750	1	12	96	1	8	None	
	Temperature(¡C)	1	2	3	4	5	6	7	8	9	10	11	12		1	2	3	4	5	6	7	8	9	10	11	12		
	22.60	0.3378	1.5632	0.2785	1.0629	0.3756	0.5454	0.8319	0.6147	1.7967	0.4566	2.5683	1.9984		0.188	0.7338	0.168	0.689	0.2113	0.3287	0.4157	0.3894	0.8442	0.3084	1.0113	1.0855		
		0.402	0.2154	1.8015	2.5415	2.2336	0.8258	1.8665	1.4547	1.8962	0.4145	1.2177	2.567		0.3049	0.1552	1.1705	1.6004	1.1076	0.4743	0.9281	1.0254	1.0697	0.2686	0.7649	1.2648		
		0.6684	0.2237	1.2767	0.8496	1.1698	1.6206	1.6567	2.5731	0.4421	1.8784	2.4248	2.0188		0.3312	0.1462	0.6176	0.5273	0.7259	0.8556	0.7344	1.4856	0.2475	1.46	1.3109	1.0346		
		1.9709	2.2693	2.4192	2.0433	0.4368	2.3577	0.3889	2.1709	0.7194	0.5249	1.7544	1.5377		1.0343	1.113	1.2079	1.0377	0.2268	1.3451	0.1961	1.0877	0.4146	0.2692	0.8331	0.8591		
		0.5609	1.1302	0.316	2.1291	1.1819	1.9089	2.7604	0.5842	2.3665	1.0366	0.3237	2.048		0.2813	0.5522	0.1799	1.2012	0.7668	0.9624	1.3683	0.4645	1.2176	0.6535	0.1721	0.9478		
		1.597	0.8015	1.2801	1.3337	1.879	1.8161	1.2858	0.3286	0.3214	1.1242	1.1381	1.5563		1.1027	0.4447	0.5712	0.7913	0.8358	0.7321	0.6131	0.2274	0.215	0.6476	0.4722	0.5525		
		0.2003	1.2261	0.4095	1.3068	1.6244	2.1082	0.5328	1.1377	1.0069	0.7128	0.5939	1.0672		0.1422	0.6518	0.2816	0.4814	0.782	0.8131	0.2755	0.5778	0.5059	0.3716	0.2785	0.5354		
		0.3335	0.5471	0.8307	0.6789	0.701	2.4638	0.4602	0.3278	1.5497	0.2632	0.3011	0.2974		0.2109	0.2772	0.3611	0.3474	0.4973	1.0069	0.1874	0.1699	0.7043	0.163	0.18	0.1887		
		
~End
Copyright © 2003 Molecular Devices. All rights reserved.
