##BLOCKS= 1          
Plate:	Plate#1	1.3	PlateFormat	Endpoint	Absorbance	Raw	FALSE	1						2	490 750	1	12	96	1	8	None	
	Temperature(¡C)	1	2	3	4	5	6	7	8	9	10	11	12		1	2	3	4	5	6	7	8	9	10	11	12		
	23.20	0.6167	1.8493	0.3793	2.8672	0.4135	0.5751	1.8124	0.7563	2.0717	1.9409	2.4244	2.5151		0.3006	1.0894	0.2226	1.5192	0.2607	0.3589	0.6718	0.5843	1.2971	1.5408	1.527	1.3859		
		0.6192	2.1063	2.7134	0.442	2.7227	1.1591	2.3903	1.183	2.7852	0.8065	2.0281	2.743		0.4884	1.6435	1.5196	0.2612	1.5758	0.719	1.3615	0.9344	1.6591	0.5488	1.2703	1.4833		
		1.1756	0.1503	1.4666	1.2086	2.392	2.492	2.2364	2.0828	2.3986	2.0902	2.4496	2.6205		0.792	0.1198	1.0314	0.7543	1.0678	1.5071	0.8877	1.6439	1.8214	1.4638	1.4876	1.438		
		2.376	2.5142	2.5442	2.5846	0.6822	1.9575	0.9252	2.4708	2.2509	0.5365	2.6437	1.862		1.4717	1.4791	1.603	1.507	0.4695	1.2626	0.6285	1.405	1.3446	0.2978	1.3943	1.0884		
		0.5835	1.6776	0.3081	1.8224	1.7146	2.1949	2.4805	0.7663	2.8312	2.183	0.4509	2.6664		0.3202	0.5536	0.1875	1.0837	1.0501	1.4108	1.4608	0.505	1.6245	1.1835	0.2644	1.4467		
		2.477	1.0857	1.0772	2.4397	2.5704	2.1716	1.0738	0.4037	0.6733	1.6685	1.3526	2.434		1.1724	0.665	0.7892	1.2894	1.0992	1.4212	0.5321	0.3018	0.4377	0.8649	0.7309	1.0883		
		1.5561	2.0987	0.5274	0.8275	1.4786	0.7797	0.6877	1.7403	0.7332	1.4248	1.1184	2.2802		0.7364	1.4632	0.405	0.5746	0.8792	0.5784	0.377	1.0607	0.4516	0.723	0.6013	0.9221		
		0.7023	0.7721	1.6098	0.834	1.1343	0.8105	0.5076	0.3903	1.0049	0.3334	0.8372	0.4066		0.4628	0.4644	1.0303	0.5877	0.8328	0.4703	0.2417	0.2384	0.6385	0.1984	0.409	0.2266		
		
~End
Copyright © 2003 Molecular Devices. All rights reserved.
