##BLOCKS= 1          
Plate:	Plate#1	1.3	PlateFormat	Endpoint	Absorbance	Raw	FALSE	1						2	490 750	1	12	96	1	8	None	
	Temperature(¡C)	1	2	3	4	5	6	7	8	9	10	11	12		1	2	3	4	5	6	7	8	9	10	11	12		
	23.60	0.3881	1.2274	0.4283	2.7954	0.417	0.5508	0.3327	0.3917	0.6015	0.6315	1.1204	1.8877		0.2104	0.9272	0.2767	1.8994	0.2613	0.2578	0.1838	0.2401	0.3292	0.3782	0.4501	1.3449		
		0.6297	1.9943	1.5274	2.2289	1.5199	0.3858	1.0728	0.2696	1.1304	0.4552	0.9792	1.7125		0.4935	1.6039	1.1047	1.7147	0.9874	0.2241	0.6971	0.1795	0.6393	0.3096	0.6838	1.1734		
		0.5856	0.2562	1.3424	2.5122	1.2468	1.2966	1.3971	1.3679	1.5413	1.8843	1.7762	1.7555		0.3854	0.1509	0.8396	1.8029	0.8249	0.7511	0.8104	0.8559	1.1156	1.4583	1.3577	1.3197		
		1.4265	1.7722	1.9923	1.3158	0.4535	1.957	1.2057	1.3194	1.9834	0.5945	1.5945	2.0117		1.0059	1.1864	1.4394	0.9065	0.2843	1.4288	0.8119	0.8122	1.4372	0.3944	1.0896	1.4703		
		0.702	0.8322	2.1201	2.0718	1.8772	1.4734	2.1549	0.3374	2.0576	2.3413	0.3818	2.5517		0.374	0.341	1.4993	1.4644	1.1909	1.0345	1.4637	0.207	1.3472	1.579	0.2453	1.2328		
		1.8533	1.092	1.473	1.9296	1.1704	2.1114	1.6515	0.3168	0.3671	1.83	1.3836	1.7664		1.2756	0.603	0.7557	1.2289	0.7347	1.3891	0.9319	0.2303	0.2529	0.9612	0.6765	0.9353		
		1.222	2.0568	0.6075	1.6336	1.6357	1.2474	0.5272	0.8855	0.5869	0.9337	0.9954	1.2764		0.6425	1.4917	0.4409	0.8963	1.0195	0.629	0.3245	0.4438	0.3343	0.5508	0.5896	0.7217		
		0.6908	0.6873	1.1841	0.6784	0.4171	0.6267	0.3199	0.2831	0.3536	0.3524	0.2983	0.3136		0.5312	0.4549	0.6064	0.4857	0.2981	0.3712	0.2019	0.1848	0.2239	0.2317	0.1782	0.1916		
		
~End
Copyright © 2003 Molecular Devices. All rights reserved.
