##BLOCKS= 1          
Plate:	Plate#1	1.3	PlateFormat	Endpoint	Absorbance	Raw	FALSE	1						2	490 750	1	12	96	1	8	None	
	Temperature(¡C)	1	2	3	4	5	6	7	8	9	10	11	12		1	2	3	4	5	6	7	8	9	10	11	12		
	23.60	0.4033	1.4501	0.3746	2.6974	0.3728	0.4575	0.3132	0.2911	0.9232	0.6824	1.1745	1.8218		0.234	1.0424	0.2118	1.8361	0.2169	0.2216	0.1683	0.1679	0.526	0.3704	0.4958	1.2212		
		0.6269	1.9859	1.6455	2.022	1.1677	0.3586	1.2112	0.2341	1.3508	0.4508	0.6381	1.6345		0.4911	1.5804	1.1728	1.5251	0.7899	0.2011	0.7542	0.1593	0.7456	0.2962	0.4148	1.0671		
		0.6091	0.2925	1.6538	2.068	1.2463	1.1439	1.2687	1.5846	1.0143	1.8707	1.8516	1.7045		0.3268	0.1636	0.9328	1.413	0.8247	0.7041	0.7347	1.0125	0.6633	1.4129	1.3732	1.239		
		1.6596	1.6327	1.8245	1.6251	0.5539	1.9627	1.3243	1.7496	1.6471	0.4924	1.7113	1.7321		1.2166	1.0387	1.3486	1.1312	0.3472	1.4212	0.8748	1.0654	1.142	0.2876	1.1781	1.2348		
		0.7176	1.3063	2.5185	2.0538	1.6438	1.975	2.1818	0.4529	1.9316	2.693	0.4107	2.4751		0.4122	0.4883	1.7342	1.3947	1.0623	1.417	1.4704	0.267	1.2103	1.7895	0.2351	1.2201		
		1.7584	1.0453	2.2265	1.8897	1.0573	1.9752	1.1086	0.3653	0.503	2.0042	0.9189	2.0265		1.1754	0.5708	1.1013	1.2255	0.6647	1.2375	0.6189	0.2583	0.3392	1.0565	0.4514	1.02		
		1.3852	1.6881	0.6121	1.1566	1.432	0.9136	0.3969	1.1188	0.6176	1.0924	0.9729	1.4821		0.7632	1.2044	0.4368	0.6305	0.9298	0.4415	0.2403	0.5087	0.3286	0.6463	0.5753	0.907		
		0.5651	0.8807	1.2587	0.7844	0.516	0.7677	0.4071	0.3711	0.4653	0.5906	0.3595	0.4189		0.4215	0.5614	0.6091	0.5216	0.3794	0.4326	0.2297	0.2448	0.2626	0.4454	0.2014	0.2302		
		
~End
Copyright © 2003 Molecular Devices. All rights reserved.
