##BLOCKS= 1          
Plate:	Plate#1	1.3	PlateFormat	Endpoint	Absorbance	Raw	FALSE	1						2	490 750	1	12	96	1	8	None	
	Temperature(¡C)	1	2	3	4	5	6	7	8	9	10	11	12		1	2	3	4	5	6	7	8	9	10	11	12		
	23.60	0.2676	1.7045	0.4383	2.7934	0.4331	0.6218	0.4367	0.3518	0.8783	0.9389	1.5982	2.0551		0.1723	1.1128	0.2143	1.8485	0.2196	0.2455	0.1962	0.1901	0.4743	0.476	0.8518	1.185		
		0.6162	2.0004	1.5599	2.2924	1.6799	0.5971	1.5616	0.4737	1.4911	0.5959	0.5523	2.0556		0.4846	1.5683	1.1033	1.6587	1.0499	0.2858	0.9016	0.2923	0.7416	0.3617	0.3708	1.3321		
		0.7439	0.4446	1.5711	2.4439	1.5817	1.1521	1.5951	1.4223	1.8172	1.9143	1.6814	1.7957		0.3428	0.2903	0.8559	1.6801	0.9736	0.652	0.8778	0.8963	1.2677	1.4039	1.1867	1.3073		
		1.7491	1.9905	1.8674	1.462	0.5963	2.2005	1.4703	1.9971	1.979	0.7842	1.4667	1.674		1.2143	1.2348	1.3079	0.9344	0.3311	1.555	0.9296	1.1502	1.3594	0.4537	0.9932	1.1812		
		0.7755	1.1888	1.9549	2.007	1.8546	1.8515	1.9742	0.3969	2.0523	2.4583	0.48	2.5288		0.4267	0.4305	1.2693	1.3803	1.1124	1.274	1.3044	0.2284	1.2824	1.6137	0.2653	1.3296		
		1.7108	0.9716	1.6977	1.9121	0.9952	2.0555	1.7425	0.3561	0.3872	1.5788	1.1567	2.0231		1.1906	0.5404	0.8698	1.2383	0.6147	1.1342	1.0033	0.2493	0.271	0.8214	0.5882	1.0686		
		1.3793	1.7529	0.7637	1.3532	1.329	1.2564	0.7457	1.3154	0.5735	0.9883	0.9951	0.9931		0.6835	1.2315	0.5339	0.7195	0.8438	0.601	0.4241	0.6061	0.3156	0.5365	0.5855	0.5361		
		0.7141	0.7013	1.3253	0.5039	0.3948	0.5828	0.5895	0.3001	0.5009	0.51	0.4962	0.3107		0.4875	0.4519	0.596	0.3105	0.2843	0.3483	0.3146	0.207	0.2578	0.31	0.2614	0.195		
		
~End
Copyright © 2003 Molecular Devices. All rights reserved.
