##BLOCKS= 1          
Plate:	Plate#1	1.3	PlateFormat	Endpoint	Absorbance	Raw	FALSE	1						2	490 750	1	12	96	1	8	None	
	Temperature(¡C)	1	2	3	4	5	6	7	8	9	10	11	12		1	2	3	4	5	6	7	8	9	10	11	12		
	22.10	0.2478	1.1331	0.2014	3.1695	0.2582	3.0974	0.4504	0.6261	1.879	1.3296	2.6706	2.5447		0.1897	0.7799	0.1551	2.0355	0.1909	2.4046	0.3021	0.469	1.3225	0.9956	1.3373	1.6147		
		0.5399	2.1961	2.5099	3.2749	2.44	0.8929	2.2612	1.0763	2.1625	0.4051	1.5771	2.3947		0.4291	1.4641	1.5926	2.411	1.5161	0.6511	1.4888	0.7406	1.3196	0.274	1.0422	1.4389		
		0.5318	0.1368	0.7938	2.0591	1.5206	1.868	1.9927	2.6333	0.397	2.3849	2.0464	2.0703		0.3614	0.1092	0.5253	1.2559	0.9955	1.2154	0.8736	1.7862	0.2819	1.6114	1.3669	1.3461		
		2.526	2.3569	2.2885	2.1314	0.4335	3.1802	2.3595	2.1306	1.743	0.4861	1.9338	1.8476		1.8354	1.5259	1.4097	1.4255	0.3068	2.4941	1.5231	1.4299	1.1647	0.3305	1.238	1.2607		
		2.2088	1.3164	0.2623	3.2048	1.0912	1.9911	2.0463	0.3519	2.2193	2.2503	0.3132	2.6231		1.4139	0.7775	0.1847	2.4327	0.7864	1.3605	1.2732	0.2567	1.4785	1.4699	0.2318	1.658		
		2.3486	1.039	1.4265	2.1398	1.9984	2.4137	1.0444	0.3279	0.3403	1.2098	1.5741	1.998		1.6443	0.6851	0.9244	1.4075	1.2521	1.589	0.6313	0.2326	0.2511	0.7962	0.8468	0.9768		
		1.2289	1.9646	1.3114	1.171	0.9204	0.6774	0.5774	2.1159	0.8665	1.7232	1.124	1.9458		0.625	1.4736	0.8793	0.7889	0.5771	0.4849	0.3677	1.2137	0.5631	0.9163	0.6944	1.113		
		0.3994	2.4006	0.6158	0.6965	2.418	1.5758	0.3087	0.253	1.4563	0.2038	0.2311	0.2736		0.2891	1.4777	0.3896	0.4792	1.5739	0.8123	0.2103	0.1608	0.9319	0.1562	0.1791	0.2081		
		
~End
Copyright © 2003 Molecular Devices. All rights reserved.
