##BLOCKS= 1          
Plate:	Plate#1	1.3	PlateFormat	Endpoint	Absorbance	Raw	FALSE	1						2	490 750	1	12	96	1	8	None	
	Temperature(¡C)	1	2	3	4	5	6	7	8	9	10	11	12		1	2	3	4	5	6	7	8	9	10	11	12		
	22.20	0.2342	1.0632	0.2024	2.8765	0.2657	2.9306	0.6309	0.5297	1.6698	0.7007	2.6198	2.1984		0.1746	0.7453	0.1555	1.9157	0.2016	2.1213	0.4572	0.3776	1.1385	0.489	1.1617	1.4445		
		0.5104	2.7252	2.29	2.2159	2.0031	0.8171	2.1157	1.1819	2.0606	0.4005	1.5973	1.816		0.4016	1.8952	1.4479	1.5988	1.3106	0.5828	1.3576	0.8095	1.3226	0.2713	1.0878	1.1772		
		0.5546	0.1471	0.6525	1.3068	1.4507	1.5358	1.9762	2.8847	0.4377	1.964	1.886	1.6653		0.3293	0.1194	0.4309	0.8193	0.9337	1.0194	0.8395	1.9105	0.3124	1.3562	1.2461	1.0911		
		2.4159	2.118	2.1443	2.2729	0.5191	3.1371	1.7394	2.0198	2.097	0.3794	2.022	1.9449		1.6695	1.3706	1.3542	1.5051	0.3589	2.2391	1.1329	1.3517	1.3435	0.2495	1.2808	1.3807		
		1.9153	1.2662	0.2717	3.1177	1.1195	1.9381	1.8124	0.2724	2.2549	1.7678	0.272	2.1257		1.2343	0.7149	0.1926	2.1944	0.8075	1.2935	1.1303	0.1974	1.5221	1.1688	0.2043	1.3836		
		2.1041	0.9775	1.4189	2.0769	2.0255	2.2573	1.4414	0.4162	0.4099	1.1124	1.473	2.4848		1.4945	0.6237	0.8913	1.3773	1.2322	1.4536	0.8892	0.3011	0.2974	0.7254	0.8268	1.286		
		1.2397	2.5795	1.3935	1.0492	1.4637	0.7713	0.5457	2.6387	0.9417	1.8515	1.1359	1.7176		0.6312	1.8537	0.9174	0.6888	0.9757	0.5594	0.3707	1.7854	0.619	0.9273	0.6861	0.989		
		0.2978	1.8259	0.8091	0.6171	1.9509	1.4921	0.3125	0.2528	1.6045	0.2106	0.1957	0.2262		0.1997	1.0869	0.5173	0.4327	1.2634	0.7799	0.2222	0.1764	1.0273	0.1621	0.1516	0.1743		
		
~End
Copyright © 2003 Molecular Devices. All rights reserved.
