##BLOCKS= 1          
Plate:	Plate#1	1.3	PlateFormat	Endpoint	Absorbance	Raw	FALSE	1						2	490 750	1	12	96	1	8	None	
	Temperature(¡C)	1	2	3	4	5	6	7	8	9	10	11	12		1	2	3	4	5	6	7	8	9	10	11	12		
	23.50	1.2997	2.6512	1.2612	2.9537	0.5484	2.0639	2.4806	1.0826	2.1703	1.6183	3.1727	2.7378		0.312	0.9709	0.3255	1.6351	0.193	0.9169	1.1714	0.5415	1.3344	0.65	1.2397	1.3121		
		0.568	2.1751	2.5907	2.2628	2.3	0.8635	2.4824	1.4471	2.3177	0.9322	2.1523	2.8436		0.4179	1.5605	1.4122	1.1064	1.1526	0.3171	1.321	0.9703	1.1853	0.4029	1.1306	1.3404		
		1.7709	0.317	1.5662	2.4617	2.7296	2.2909	2.2821	2.4709	2.5192	2.7804	2.6608	2.8312		1.0843	0.1753	0.7796	1.5912	1.1796	1.1638	0.9738	1.3651	1.5616	1.4347	1.4744	1.3553		
		2.741	2.8497	2.7803	2.7068	1.6581	2.7117	2.7523	2.6689	2.7404	0.884	2.8047	2.4044		1.6205	1.4266	1.4028	1.4461	0.6146	1.4809	1.2824	1.3503	1.3506	0.2671	1.2108	1.29		
		0.7622	1.8416	2.6113	2.7067	1.7246	2.7735	2.8538	1.3807	2.9535	2.5887	2.0547	2.7634		0.4303	0.5793	1.4027	1.3433	0.9827	1.4017	1.49	0.4326	1.4057	1.4304	0.5879	1.3687		
		0.9799	1.0411	3.0429	2.3015	0.8015	2.2875	2.3822	0.4223	0.4399	2.0922	2.2484	2.1424		0.6833	0.6366	1.2804	0.8689	0.5425	1.1299	1.0441	0.2925	0.2672	1.1461	0.7099	0.7634		
		2.0411	2.1974	2.2426	2.6481	2.2376	2.9429	0.5577	1.8178	0.9976	1.7893	0.7117	1.6358		1.1863	1.4006	1.3613	0.9582	1.1781	1.5753	0.2737	1.0297	0.3819	0.8751	0.4719	1.1499		
		0.5258	1.3626	1.4605	0.3725	0.379	0.9926	0.7486	0.239	0.9262	1.0182	0.9261	0.8677		0.2407	0.5379	0.9451	0.2577	0.2811	0.3176	0.239	0.1675	0.2839	0.3578	0.2467	0.2583		
		
~End
Copyright © 2003 Molecular Devices. All rights reserved.
