##BLOCKS= 1          
Plate:	Plate#1	1.3	PlateFormat	Endpoint	Absorbance	Raw	FALSE	1						2	490 750	1	12	96	1	8	None	
	Temperature(¡C)	1	2	3	4	5	6	7	8	9	10	11	12		1	2	3	4	5	6	7	8	9	10	11	12		
	23.40	0.9938	2.1027	0.8066	2.9233	0.9131	2.1846	2.2653	1.1033	1.9906	1.2939	3.1156	3.0197		0.2548	0.9591	0.2347	1.6285	0.2804	1.0183	0.784	0.5706	1.2094	0.5469	0.8363	1.4616		
		0.7159	2.0578	2.3952	2.4449	2.577	0.863	2.277	1.1831	2.5515	0.6746	2.2149	2.8202		0.5304	1.5158	1.282	1.2821	1.3815	0.3417	1.2175	0.7759	1.3052	0.341	1.1011	1.2821		
		1.8016	0.4141	2.1186	2.3498	2.3508	2.1846	2.4924	2.4557	2.464	2.8465	2.543	2.5479		1.0264	0.2102	1.0331	1.5353	1.0307	1.0691	1.1566	1.3991	1.4799	1.3975	1.349	1.228		
		2.732	2.8233	2.7942	2.7691	1.2309	2.7276	2.5628	2.7113	2.7284	0.8122	2.8194	2.5344		1.4842	1.375	1.4662	1.4537	0.5096	1.4281	1.165	1.2938	1.2868	0.2609	1.4997	1.2899		
		0.9531	2.3807	2.4636	2.7366	1.3037	2.499	2.9618	1.0116	2.9264	2.7281	1.1438	2.8991		0.527	0.7259	1.3764	1.5189	0.7668	1.3334	1.3801	0.3094	1.5024	1.3981	0.3931	1.4462		
		0.6872	1.3041	2.6893	2.5066	0.7712	1.8781	2.7531	0.4567	0.7886	1.8185	2.1204	2.3756		0.4418	0.7534	0.9854	1.0877	0.534	0.8929	1.4667	0.3195	0.4192	0.9167	0.5009	0.8692		
		2.0206	2.4181	1.6617	2.5277	2.0026	2.1854	0.9228	2.3655	1.1794	1.1276	0.7489	1.3237		1.1299	1.5335	0.981	0.9248	0.983	1.0003	0.398	1.2534	0.3718	0.5899	0.5052	0.8677		
		0.9396	1.5048	1.4962	0.3531	0.2605	1.698	0.8346	0.2745	1.3979	0.6228	1.0617	0.6866		0.3258	0.6777	0.7785	0.1943	0.1998	0.4464	0.2505	0.1915	0.4128	0.217	0.2576	0.2221		
		
~End
Copyright © 2003 Molecular Devices. All rights reserved.
