##BLOCKS= 1          
Plate:	Plate#1	1.3	PlateFormat	Endpoint	Absorbance	Raw	FALSE	1						2	490 750	1	12	96	1	8	None	
	Temperature(¡C)	1	2	3	4	5	6	7	8	9	10	11	12		1	2	3	4	5	6	7	8	9	10	11	12		
	23.50	0.3192	1.1068	0.3469	2.8134	0.3491	2.102	1.1466	1.2921	1.4393	1.5006	1.3209	1.714		0.2125	0.732	0.2018	1.8599	0.2102	1.5343	0.5971	0.9496	0.9148	0.9965	0.4125	1.0076		
		0.4521	1.847	1.7015	1.9923	1.5663	1.0141	1.6194	1.1703	1.5082	0.8462	1.3875	1.5898		0.339	1.3234	1.0834	1.4246	0.9906	0.6553	1.0774	0.6361	0.8785	0.5809	0.8776	0.8989		
		0.3957	0.2724	1.2338	2.3808	1.2976	1.4524	1.6364	1.7929	1.9055	1.841	1.8267	1.9597		0.2644	0.1645	0.8174	1.6634	0.8285	0.9972	0.9808	1.1591	1.3159	1.2342	1.1908	1.2648		
		2.0682	1.7878	1.6639	1.6932	0.574	1.6905	2.3359	1.8948	1.5313	0.5196	1.6833	1.54		1.5034	1.1766	1.0682	1.1483	0.3507	1.1289	1.5013	1.0773	1.0186	0.3045	1.224	1.096		
		0.7805	1	0.3437	2.2142	1.5574	1.7977	2.3372	0.5208	2.0266	1.8687	0.3647	2.4469		0.4299	0.3648	0.2023	1.4332	1.0307	1.2221	1.5571	0.3203	1.3167	1.2483	0.2355	1.4601		
		2.0331	1.225	1.2093	1.9297	1.5124	2.6302	1.1743	0.5193	0.5414	1.7837	1.3264	1.5575		1.3643	0.6994	0.7068	1.313	1.1133	1.6963	0.6624	0.3518	0.3667	1.1645	0.735	0.9563		
		1.4773	1.3807	0.8067	1.5742	1.4052	1.7047	0.7001	1.7269	0.3727	0.8639	1.057	1.1199		0.8884	0.9692	0.591	0.8788	1.0302	1.0009	0.4581	1.2147	0.2534	0.6442	0.7161	0.7029		
		0.4748	1.2007	1.015	0.7021	0.557	0.3186	0.3631	0.288	0.3399	0.303	0.2793	0.3351		0.336	0.9075	0.7098	0.5241	0.3861	0.2029	0.2322	0.1914	0.224	0.1865	0.1674	0.2017		
		
~End
Copyright © 2003 Molecular Devices. All rights reserved.
