##BLOCKS= 1          
Plate:	Plate#1	1.3	PlateFormat	Endpoint	Absorbance	Raw	FALSE	1						2	490 750	1	12	96	1	8	None	
	Temperature(¡C)	1	2	3	4	5	6	7	8	9	10	11	12		1	2	3	4	5	6	7	8	9	10	11	12		
	23.50	0.306	1.112	0.3738	2.8735	0.3574	1.9986	1.4454	1.115	1.4443	0.9978	1.6565	1.6485		0.178	0.7175	0.2182	1.9329	0.2057	1.4372	0.8735	0.7703	0.8949	0.6466	0.5894	0.9987		
		0.4212	1.8194	1.8439	1.7882	1.7152	0.8683	1.8243	1.0038	1.7178	0.8739	1.6506	1.6329		0.3205	1.333	1.1874	1.2528	1.1723	0.5463	1.2248	0.523	1.0752	0.5861	1.057	0.9052		
		0.4258	0.2999	1.1472	2.5539	1.3011	1.2789	1.3755	1.4839	1.8761	1.691	1.7004	1.6124		0.2685	0.1752	0.7537	1.8267	0.8237	0.8784	0.8077	1.0115	1.3244	1.1101	1.1289	0.9942		
		1.9541	1.7548	1.7265	1.7105	0.6021	1.618	1.8464	1.7937	1.6179	0.46	1.2984	1.5881		1.3854	1.1108	1.1255	1.1679	0.368	1.0765	1.2081	0.9564	1.1003	0.2737	0.853	1.0887		
		0.8772	0.9646	0.391	2.2706	1.5155	1.94	1.4935	0.3712	1.8287	2.1465	0.3798	1.943		0.4099	0.3268	0.232	1.436	0.9886	1.3494	0.9267	0.2342	1.1754	1.4839	0.238	1.0973		
		2.1641	1.1767	1.5998	2.1088	1.2709	2.6725	1.0857	0.4879	0.681	1.8883	1.1235	1.5107		1.5031	0.7008	0.9293	1.4493	0.9164	1.7656	0.6144	0.3297	0.4778	1.2399	0.6087	0.9217		
		1.6575	1.9167	0.6547	1.4771	1.5159	1.4703	0.5797	1.2162	0.4329	0.755	1.0275	1.8385		0.8979	1.3547	0.4749	0.8384	1.1186	0.8563	0.3874	0.886	0.2959	0.541	0.6779	1.2168		
		0.4621	1.1443	1.672	0.4341	0.4661	0.3629	0.4047	0.3714	0.3889	0.3956	0.2649	0.2956		0.3715	0.88	1.235	0.3097	0.3275	0.233	0.2631	0.2483	0.2526	0.2467	0.1586	0.1724		
		
~End
Copyright © 2003 Molecular Devices. All rights reserved.
