##BLOCKS= 1          
Plate:	Plate#1	1.3	PlateFormat	Endpoint	Absorbance	Raw	FALSE	1						2	490 750	1	12	96	1	8	None	
	Temperature(¡C)	1	2	3	4	5	6	7	8	9	10	11	12		1	2	3	4	5	6	7	8	9	10	11	12		
	23.50	0.3257	1.2663	0.3874	2.7279	0.3289	2.1249	1.4205	0.8407	1.2938	0.9961	1.3807	1.8733		0.1796	0.8358	0.2247	1.787	0.199	1.5406	0.8277	0.6004	0.7989	0.6358	0.4692	1.1061		
		0.5417	1.8757	1.6506	1.6846	1.6188	1.2048	1.6302	1	1.3449	0.9333	1.4163	1.4759		0.4115	1.3606	1.0849	1.1883	1.1534	0.8268	1.1087	0.5568	0.7373	0.6228	0.9078	0.832		
		0.5387	0.2261	1.1204	2.1441	1.2472	1.2118	1.6068	1.2082	1.6517	1.536	1.8209	1.5724		0.3496	0.1378	0.7401	1.4989	0.7827	0.8178	0.9548	0.7465	1.1282	1.0024	1.1736	1.0061		
		2.0189	1.7693	1.6076	1.8769	0.6595	1.766	2.0093	1.435	1.3236	0.5171	1.3591	1.7766		1.4936	1.181	1.0325	1.2662	0.4181	1.1591	1.2856	0.7322	0.8636	0.3174	0.9209	1.2344		
		0.7703	0.8466	0.3776	2.1584	1.9022	1.8683	2.161	0.4177	1.4957	2.0422	0.481	2.0406		0.3833	0.2915	0.2233	1.352	1.2888	1.2634	1.4423	0.2605	0.8832	1.4086	0.2978	1.2066		
		2.135	0.9963	1.8359	1.7347	1.5794	2.6357	1.545	0.4495	0.3692	2.1724	0.8407	1.4528		1.4917	0.6272	1.0812	1.1789	1.1523	1.6647	0.868	0.3019	0.2491	1.4505	0.4994	0.8965		
		1.0628	1.7291	0.8993	1.2612	1.0522	1.56	0.6798	1.64	0.4814	0.5939	1.2769	1.5112		0.6159	1.2316	0.6612	0.7235	0.7159	0.8991	0.4499	1.1192	0.3306	0.445	0.8795	1.0156		
		0.5341	0.9024	0.9499	0.502	0.4484	0.348	0.4845	0.4095	0.3299	0.2582	0.4056	0.3656		0.3674	0.6637	0.6834	0.3623	0.3104	0.2335	0.3066	0.2906	0.2128	0.1701	0.2343	0.2281		
		
~End
Copyright © 2003 Molecular Devices. All rights reserved.
