##BLOCKS= 1          
Plate:	Plate#1	1.3	PlateFormat	Endpoint	Absorbance	Raw	FALSE	1						2	490 750	1	12	96	1	8	None	
	Temperature(¡C)	1	2	3	4	5	6	7	8	9	10	11	12		1	2	3	4	5	6	7	8	9	10	11	12		
	21.80	0.942	2.4003	1.2835	2.2819	1.2295	3.33	3.2328	2.6981	3.3576	3.5199	2.8818	3.5918		0.3309	1.0157	0.4212	1.3259	0.4442	2.2471	2.1211	1.9722	2.1728	2.6876	1.8201	1.7721		
		0.522	3.1725	2.6121	3.2729	3.2488	2.5785	2.9678	2.025	3.4918	2.4848	2.6611	3.4765		0.4671	2.1752	1.4896	2.1742	1.854	1.7253	1.714	1.3733	2.1684	1.4407	1.6854	1.7554		
		1.5716	0.2402	2.3788	3.5238	2.8117	2.4853	2.022	3.0707	3.207	3.1793	3.3104	3.4218		0.7921	0.148	1.3119	2.5943	1.2444	1.3144	0.7902	1.9333	2.0009	1.8022	1.6822	2.1115		
		3.2717	3.1704	3.3284	3.4265	1.9197	3.2671	2.6967	3.2965	3.2903	2.0336	3.269	2.6209		2.1935	1.7906	2.0651	1.9583	0.9414	2.0665	1.6624	2.0129	1.8335	0.9178	1.6833	1.4448		
		3.2662	1.9684	1.6108	3.2494	1.7528	2.9379	3.2939	1.442	3.3614	2.5373	1.3975	2.5708		2.6217	0.5546	0.6152	2.0859	1.064	1.6975	2.01	0.6004	1.8625	1.5888	0.6299	1.3909		
		1.8818	1.5586	1.669	2.2803	2.0383	2.7216	2.0639	0.4533	1.256	1.9907	1.5041	2.7427		1.2621	0.6828	0.8705	1.3159	1.2795	1.1292	1.0695	0.3036	0.5262	1.012	0.8115	1.2493		
		1.5927	3.2075	1.0531	1.5278	1.5503	1.1952	1.6825	2.1507	1.4265	1.5232	1.4508	2.2304		0.7929	2.1815	0.6784	0.8472	0.8688	0.765	0.9574	1.078	0.7656	0.7823	0.7081	0.8911		
		1.3697	2.4489	2.3383	1.7763	2.07	2.0453	1.5219	0.3337	2.3242	1.1542	0.883	0.8651		0.7203	1.3291	1.4325	1.1765	0.9996	0.9905	0.7359	0.1993	0.9552	0.7306	0.2739	0.3223		
		
~End
Copyright © 2003 Molecular Devices. All rights reserved.
