##BLOCKS= 1          
Plate:	Plate#1	1.3	PlateFormat	Endpoint	Absorbance	Raw	FALSE	1						2	490 750	1	12	96	1	8	None	
	Temperature(¡C)	1	2	3	4	5	6	7	8	9	10	11	12		1	2	3	4	5	6	7	8	9	10	11	12		
	21.80	0.5887	2.4581	1.1479	2.8206	1.0168	3.4198	2.735	2.4472	2.8939	3.6528	2.8813	3.5638		0.2276	0.9975	0.38	1.5881	0.3635	2.5226	1.372	1.8694	1.8455	2.8403	1.7608	1.6897		
		0.4536	3.175	2.8186	3.3362	3.5224	2.9071	3.3198	1.7919	3.3893	2.3272	2.9109	3.5788		0.3601	2.2499	1.6143	2.498	1.9817	1.9488	1.9404	1.2006	1.867	1.2782	1.808	1.8639		
		1.25	0.2146	2.4155	3.3067	2.7701	2.9544	2.7525	3.0689	3.0646	3.3129	3.4017	3.3597		0.7128	0.1383	1.2319	2.4223	1.1787	1.4916	1.0994	1.9175	1.9729	2.0113	1.8363	1.8962		
		3.0769	3.2941	3.4075	3.3589	1.7664	3.0604	2.7334	2.9459	3.3415	1.8012	3.1481	2.6955		1.9942	2.0014	2.3966	2.0005	0.826	1.9566	1.7345	1.4997	2.0759	0.8498	1.5522	1.496		
		3.2207	1.2108	1.014	3.2211	2.205	2.6117	3.0291	1.1124	3.2261	2.6796	2.1432	3.338		2.5942	0.3427	0.3421	2.0619	1.3836	1.5261	1.4775	0.4887	1.8104	1.6753	1.3039	2.0307		
		1.9549	2.012	1.8976	2.1537	2.0554	2.5736	1.7758	0.4206	1.1693	1.5882	2.0243	2.2885		1.336	0.8711	1.08	1.2635	1.3369	1.0775	0.9587	0.2834	0.5437	0.8535	1.1926	0.9674		
		1.6093	3.2068	1.6124	1.8068	2.095	1.5954	1.6441	1.7217	1.4107	1.6717	1.0794	2.0553		0.6519	2.2958	1.0704	0.9689	1.1353	0.9857	0.953	0.9791	0.8261	0.843	0.5107	0.9108		
		1.2632	2.136	2.2564	1.6625	2.4503	1.7796	1.0348	0.5714	1.0712	0.8635	0.8911	0.975		0.5946	1.1753	1.2913	1.0364	1.0689	0.8412	0.4781	0.2184	0.4366	0.3398	0.339	0.4034		
		
~End
Copyright © 2003 Molecular Devices. All rights reserved.
