##BLOCKS= 1          
Plate:	Plate#1	1.3	PlateFormat	Endpoint	Absorbance	Raw	FALSE	1						2	490 750	1	12	96	1	8	None	
	Temperature(¡C)	1	2	3	4	5	6	7	8	9	10	11	12		1	2	3	4	5	6	7	8	9	10	11	12		
	23.10	0.3653	1.2209	0.3847	2.3102	0.3306	0.5682	1.2639	0.5035	1.3165	0.3048	2.0115	1.7407		0.2121	0.7909	0.2397	1.376	0.2134	0.3611	0.7912	0.3011	0.6725	0.2473	0.7439	1.1279		
		0.7759	1.9776	2.0941	0.4577	1.7436	0.4638	1.8951	1.171	2.3548	0.6	0.2832	1.9768		0.59	1.4095	1.0986	0.2849	0.9571	0.2815	1.0457	0.7551	1.2268	0.3731	0.1986	1.1183		
		0.9047	0.1884	0.5478	1.6412	1.1729	1.3613	1.476	2.1623	2.1202	1.8544	1.8912	1.7972		0.496	0.1331	0.3178	1.0655	0.6796	0.9122	0.8004	1.1714	1.223	1.1358	1.1215	1.0237		
		2.4286	2.19	2.26	2.4414	0.6278	2.2935	1.2744	2.0496	2.3028	1.0657	2.3579	1.809		1.2647	1.1199	1.1722	1.1872	0.3778	1.2279	0.6606	1.0326	1.1455	0.6205	1.1234	0.8982		
		0.9864	1.0187	0.3339	2.2612	0.8794	2.2483	2.4197	0.779	2.4277	2.5598	0.4378	2.4244		0.5065	0.528	0.2164	1.2346	0.476	1.2149	1.2526	0.4964	1.2077	1.383	0.2699	1.11		
		1.6114	0.8235	1.789	2.1724	1.4812	2.5475	1.8329	0.4548	0.7371	1.2618	1.1974	1.7661		1.1238	0.4731	0.7972	0.8941	0.7606	0.8538	0.9384	0.2899	0.3716	0.5631	0.5579	0.9099		
		0.8632	1.8689	0.5829	1.3107	1.3929	1.5985	0.5013	1.1408	0.882	0.371	0.4499	1.031		0.4116	1.0978	0.3606	0.6213	0.7544	1.0297	0.3621	0.806	0.6361	0.2441	0.262	0.6449		
		0.342	0.4294	2.2067	1.0416	1.2989	0.8594	0.2615	0.3405	0.3814	0.3453	0.2677	0.4046		0.2175	0.2672	1.117	0.5501	0.7998	0.508	0.1704	0.2127	0.238	0.2315	0.1818	0.2747		
		
~End
Copyright © 2003 Molecular Devices. All rights reserved.
