##BLOCKS= 1          
Plate:	Plate#1	1.3	PlateFormat	Endpoint	Absorbance	Raw	FALSE	1						2	490 750	1	12	96	1	8	None	
	Temperature(¡C)	1	2	3	4	5	6	7	8	9	10	11	12		1	2	3	4	5	6	7	8	9	10	11	12		
	21.60	1.4139	2.4406	0.7897	2.6292	0.7018	3.0038	1.5956	0.6159	2.1578	2.2578	1.5093	2.6708		0.4373	0.9111	0.196	1.2382	0.212	1.3574	0.484	0.2601	1.3378	1.1046	0.3122	1.0044		
		0.4448	0.4994	2.1045	2.23	2.4947	2.7495	2.8749	1.3434	2.4022	2.2165	2.4836	2.4358		0.3365	0.2143	1.0447	1.2353	1.1374	1.421	1.5169	0.8079	1.1798	0.9983	1.177	1.0384		
		0.8198	0.1823	1.5661	2.0158	2.4119	0.7083	1.0409	2.3624	1.2378	1.1928	2.8054	2.7955		0.3063	0.1333	0.6473	1.1017	0.8907	0.197	0.2882	1.3413	0.4156	0.3533	1.4504	1.4007		
		2.465	2.7314	1.5789	2.3945	1.096	2.4206	1.0398	2.4853	0.9224	1.6386	2.9254	2.8351		1.1923	1.1557	0.4135	1.247	0.2872	1.2116	0.4529	1.2157	0.2431	0.5287	1.5242	1.2289		
		3.0244	1.9761	0.8547	2.3077	0.9281	2.6928	1.6368	1.6528	3.0117	1.4711	1.147	1.8436		1.7007	0.565	0.2436	0.9968	0.2888	1.3235	0.3792	0.4328	1.6832	0.4535	0.2922	0.8596		
		2.0519	1.2274	2.1377	1.9249	0.9298	0.4843	2.0109	0.5251	0.9954	1.0517	2.0734	1.9161		0.6813	0.6622	0.724	0.8057	0.4885	0.1478	0.6256	0.2456	0.3106	0.3469	0.6601	0.5182		
		0.7555	1.7376	0.5865	1.9033	1.8577	0.7804	0.9858	1.4158	0.8782	1.2843	0.8287	1.6381		0.2125	0.8294	0.3563	0.5108	0.5246	0.2261	0.2846	0.6312	0.2943	0.457	0.2602	0.5493		
		1.214	1.2856	1.0164	1.6274	1.8543	2.0072	1.0702	0.2847	0.8743	0.7712	0.9228	1.6142		0.335	0.3935	0.2419	0.5097	0.5436	0.5386	0.2676	0.1381	0.2528	0.2242	0.2518	0.4289		
		
~End
Copyright © 2003 Molecular Devices. All rights reserved.
