##BLOCKS= 1          
Plate:	Plate#1	1.3	PlateFormat	Endpoint	Absorbance	Raw	FALSE	1						2	490 750	1	12	96	1	8	None	
	Temperature(¡C)	1	2	3	4	5	6	7	8	9	10	11	12		1	2	3	4	5	6	7	8	9	10	11	12		
	23.00	0.5793	1.489	0.5772	3.1769	0.6277	1.2269	2.5301	0.7067	1.0981	0.7987	3.2475	2.8035		0.2846	0.8774	0.2844	2.329	0.3326	0.7585	1.6616	0.4913	0.5917	0.5205	1.2094	1.838		
		0.5573	0.3018	1.5511	0.7473	1.7278	0.8124	1.4584	1.671	1.3272	0.7282	2.2654	1.5514		0.4543	0.199	0.9083	0.4314	1.1281	0.5119	0.8842	1.097	0.75	0.4527	1.4728	0.8643		
		1.1071	0.1836	1.8039	2.3202	1.0031	2.225	0.4327	2.383	2.2686	2.5526	2.444	2.531		0.6639	0.1379	1.1882	1.6068	0.5705	1.5158	0.2644	1.6045	1.5262	1.6821	1.6646	1.6756		
		1.801	1.5908	2.9517	2.4246	0.927	1.2964	1.2568	1.6299	2.9324	1.1679	1.7113	2.0136		1.0981	0.8945	1.8961	1.5698	0.5275	0.7893	0.7465	0.873	1.9461	0.7297	1.0264	1.1525		
		1.2854	2.6404	0.4687	2.5486	1.2591	2.6721	1.5283	0.8549	2.2577	2.9817	0.9794	1.4827		0.8523	1.4633	0.2571	1.5751	0.7701	1.9056	0.9019	0.5117	1.3499	2.0619	0.568	0.9235		
		0.7818	1.3677	0.8604	1.3276	1.8368	2.0797	0.7145	0.4937	0.5335	2.65	1.8706	1.8879		0.5484	0.8813	0.5986	0.9687	1.2887	1.2888	0.3867	0.3253	0.3359	1.668	1.187	1.2016		
		0.5106	2.3005	1.1436	1.0886	1.5655	0.3628	0.7464	2.35	0.7069	1.2359	0.8605	1.4053		0.3146	1.6421	0.8215	0.7453	1.0806	0.2532	0.4227	1.6051	0.4305	0.7071	0.5245	0.7828		
		0.8245	0.8488	0.7924	1.036	0.3179	0.8348	0.3699	0.3563	0.5019	0.3695	0.5352	0.5841		0.5493	0.5236	0.5452	0.7259	0.2181	0.5106	0.2094	0.2327	0.2564	0.2208	0.28	0.2956		
		
~End
Copyright © 2003 Molecular Devices. All rights reserved.
