##BLOCKS= 1          
Plate:	Plate#1	1.3	PlateFormat	Endpoint	Absorbance	Raw	FALSE	1						2	490 750	1	12	96	1	8	None	
	Temperature(¡C)	1	2	3	4	5	6	7	8	9	10	11	12		1	2	3	4	5	6	7	8	9	10	11	12		
	23.30	0.3114	1.2219	0.2263	2.0733	0.3462	0.5505	0.6019	1.1806	1.844	1.0598	1.9077	1.7088		0.1744	0.7182	0.147	1.1394	0.2307	0.3388	0.2503	0.8642	1.3481	0.7121	1.075	1.1568		
		0.672	1.8436	2.1666	0.4245	2.07	1.6034	1.9334	1.2787	1.6643	0.7455	1.952	1.6825		0.5091	1.3808	1.3698	0.2461	1.2794	1.0704	1.4628	0.8605	1.1357	0.481	1.3912	1.1787		
		1.4474	0.2687	1.8352	1.9349	1.6727	1.82	0.3361	1.8802	2.1255	2.0438	1.7997	1.6372		0.7998	0.186	0.8224	1.349	1.0768	1.1447	0.2143	1.1323	1.3032	1.2289	1.1803	1.087		
		2.2977	2.5756	0.3688	2.1442	0.4124	1.9573	0.3536	1.6888	0.9753	0.5295	2.3311	2.0869		1.5729	1.8509	0.2035	1.3478	0.2504	1.2043	0.2143	0.9299	0.5632	0.3196	1.3032	1.3404		
		2.1614	1.2467	0.2774	2.2712	2.321	0.6535	2.2699	0.3898	1.7518	2.0452	0.4402	2.2949		1.2562	0.4308	0.1715	1.5406	1.4176	0.3924	1.4785	0.2365	1.1369	1.3166	0.254	1.1301		
		1.2849	1.8016	1.5304	1.4215	0.7429	0.4617	1.3744	0.4296	0.4452	1.1276	1.2949	1.7616		0.7928	0.5998	0.7108	0.8823	0.4732	0.2471	0.6104	0.2693	0.2655	0.6091	0.6181	0.7001		
		0.7695	1.0428	0.9088	1.408	1.8107	0.319	1.0392	1.8034	0.6657	1.1702	0.9784	1.5454		0.3996	0.6926	0.6082	0.6878	0.994	0.212	0.517	0.9638	0.3858	0.7364	0.5789	0.7758		
		0.8314	1.5939	2.0844	1.711	1.92	1.5133	1.4564	0.2632	0.2524	0.279	0.3077	0.2869		0.5043	0.8976	1.0901	0.8119	0.9911	0.7171	0.7488	0.132	0.1609	0.1813	0.1907	0.1578		
		
~End
Copyright © 2003 Molecular Devices. All rights reserved.
