##BLOCKS= 1          
Plate:	Plate#1	1.3	PlateFormat	Endpoint	Absorbance	Raw	FALSE	1						2	490 750	1	12	96	1	8	None	
	Temperature(¡C)	1	2	3	4	5	6	7	8	9	10	11	12		1	2	3	4	5	6	7	8	9	10	11	12		
	23.50	0.2749	1.1821	0.284	2.0074	0.228	0.5254	0.8512	0.6484	1.4805	1.003	2.2458	1.3666		0.2065	0.9209	0.2172	1.3063	0.1785	0.4085	0.3853	0.505	1.1453	0.8377	1.2511	0.9077		
		0.63	1.5517	1.4379	1.2025	1.1147	0.3658	1.0991	0.8785	0.8411	0.3676	0.7144	1.2591		0.4997	1.2859	1.0083	0.9668	0.8289	0.2644	0.7888	0.6911	0.6038	0.2696	0.555	0.8298		
		0.9876	0.2882	0.8702	0.8784	1.0704	1.2012	2.0177	1.3306	1.5013	1.1438	1.4085	1.5569		0.8259	0.2116	0.6016	0.6509	0.6917	0.9279	0.6735	1.071	1.2213	0.9176	1.0683	1.1034		
		1.3052	1.613	1.0534	1.3871	0.3647	0.8265	0.2752	1.1078	1.6307	0.2964	1.3673	1.1071		0.986	1.1766	0.8072	1.0599	0.2756	0.6615	0.2016	0.7299	1.1802	0.2156	1.0289	0.7953		
		0.5833	0.745	0.2954	1.813	1.2091	1.2706	1.5457	0.3707	1.9944	1.334	0.3419	1.1697		0.3324	0.4289	0.2239	1.1639	0.8768	0.9395	1.1519	0.2737	1.3574	0.9708	0.266	0.8494		
		0.6892	0.8161	0.9589	1.0908	0.8295	1.2238	1.086	0.3405	0.3282	1.2109	1.125	2.0856		0.6001	0.623	0.7387	0.861	0.6534	0.863	0.7543	0.2552	0.2503	0.7969	0.8705	0.8707		
		1.151	1.3561	0.3656	0.7543	0.9306	0.608	0.5553	1.5784	0.3732	1.1107	0.6177	1.1064		0.6479	1.0145	0.287	0.5805	0.6351	0.4646	0.4163	0.9557	0.2617	0.7218	0.4737	0.7923		
		0.2998	0.9497	1.1752	1.3729	0.8531	0.9573	0.2772	0.2438	0.5555	0.2469	0.2699	0.2126		0.2343	0.737	0.8644	1.0158	0.6517	0.5744	0.1892	0.1692	0.4184	0.1875	0.2064	0.1554		
		
~End
Copyright © 2003 Molecular Devices. All rights reserved.
