##BLOCKS= 1          
Plate:	Plate#1	1.3	PlateFormat	Endpoint	Absorbance	Raw	FALSE	1						2	490 750	1	12	96	1	8	None	
	Temperature(¡C)	1	2	3	4	5	6	7	8	9	10	11	12		1	2	3	4	5	6	7	8	9	10	11	12		
	23.40	0.8712	2.3957	1.0403	3.0952	0.9983	1.5653	0.6653	2.0841	2.6394	1.4145	3.2098	2.0248		0.2324	1.1115	0.302	2.0581	0.3103	0.9076	0.2515	1.2465	1.3667	1.063	1.7446	1.0632		
		0.6197	2.1118	2.0069	2.2432	2.2947	1.0088	2.0195	1.0249	2.4876	1.2973	0.4763	2.1584		0.4742	1.5282	1.1197	1.5016	1.3668	0.4769	1.3016	0.662	1.2848	0.6095	0.1608	1.1334		
		0.9622	0.2521	1.4252	2.4313	1.7662	1.9806	2.4798	2.4123	2.4157	2.6229	2.3968	2.5216		0.5667	0.1702	0.7222	1.6983	0.9093	1.2602	1.0388	1.5714	1.5576	1.6258	1.508	1.5152		
		2.3737	2.6837	2.316	2.4801	2.3436	2.3564	2.3881	1.6171	2.3369	1.5576	2.4695	2.0765		1.5149	1.4885	1.5366	1.5062	1.436	1.5266	1.6322	0.8844	1.3548	0.5462	1.3469	1.3694		
		0.8015	1.6191	2.4477	2.4716	1.8685	2.3651	2.583	2.5969	2.2353	2.4641	1.2265	2.6004		0.3798	0.6313	1.5285	1.5642	1.2021	1.5899	1.5597	0.7877	1.138	1.5274	0.5655	1.3088		
		0.6636	1.1541	2.4852	2.6802	1.8952	2.5469	2.273	0.4294	1.5216	2.2467	2.1802	2.7428		0.4374	0.7347	0.8597	1.1789	0.9311	1.3703	0.9779	0.2814	0.6595	1.2696	0.7814	0.94		
		1.3816	2.4908	2.3708	2.5905	0.9331	0.5236	0.8263	2.2436	0.6159	0.7325	0.563	1.9218		0.7138	1.6847	1.0999	0.8727	0.4785	0.363	0.4282	1.3266	0.2847	0.4026	0.275	0.9331		
		1.2103	0.6102	0.9393	1.1718	0.2634	0.833	0.9895	0.49	0.4228	0.7798	0.7448	0.8647		0.4355	0.2516	0.4842	0.6959	0.1941	0.3071	0.3447	0.287	0.1697	0.344	0.2972	0.3341		
		
~End
Copyright © 2003 Molecular Devices. All rights reserved.
