##BLOCKS= 1          
Plate:	Plate#1	1.3	PlateFormat	Endpoint	Absorbance	Raw	FALSE	1						2	490 750	1	12	96	1	8	None	
	Temperature(¡C)	1	2	3	4	5	6	7	8	9	10	11	12		1	2	3	4	5	6	7	8	9	10	11	12		
	23.40	1.4194	2.4952	0.9611	3.0794	1.0827	2.3792	1.5355	2.3282	2.7143	2.3454	3.2892	2.5732		0.3948	1.1068	0.2786	2.0726	0.311	1.3055	0.7627	1.4354	1.4618	1.4941	1.9408	1.176		
		0.6605	2.0719	2.3426	2.4493	2.531	1.873	2.3736	1.1551	2.4945	1.4031	0.4452	2.2694		0.5	1.5341	1.0804	1.6165	1.5053	0.7654	1.2751	0.714	1.1878	0.6804	0.1635	1.0599		
		1.4755	0.3835	2.0005	2.6693	1.6268	1.8701	2.6291	2.4022	2.4418	2.6332	2.4206	2.6863		0.7778	0.2117	0.9603	1.8409	0.7668	1.2135	1.0307	1.4805	1.5483	1.549	1.4547	1.3493		
		2.5894	2.7749	2.558	2.6529	2.2316	2.3245	2.442	2.1803	2.4082	2.0057	2.5668	2.5848		1.5411	1.417	1.4108	1.4222	1.3893	1.4124	1.5398	1.1442	1.3957	0.6221	1.5808	1.4321		
		0.9081	1.9182	2.5904	2.5536	1.426	2.3184	2.652	1.5129	2.5982	2.6436	2.2596	2.5545		0.3958	0.5635	1.3886	1.4811	0.8865	1.3389	1.5138	0.4581	1.2963	1.5769	1.0116	1.2111		
		0.7338	1.0095	2.5165	2.7013	1.9646	2.6145	1.58	0.4313	1.4406	2.1235	2.4006	2.7921		0.4827	0.6176	0.8316	1.1933	0.9702	1.4001	0.7929	0.2819	0.5993	1.2254	0.9364	1.2155		
		2.0389	2.4233	1.9941	2.1157	2.2201	0.5262	1.0384	2.3933	0.5595	1.7604	0.8858	1.725		0.8891	1.6229	0.9851	0.7703	1.1261	0.3575	0.4989	1.337	0.2559	0.8341	0.4281	0.6824		
		1.3129	0.8302	1.2934	0.8831	0.2903	1.3161	0.7035	0.5658	0.4859	0.7515	1.3831	1.644		0.5153	0.2511	0.6314	0.4912	0.2118	0.4693	0.3097	0.3595	0.1832	0.3031	0.4869	0.4034		
		
~End
Copyright © 2003 Molecular Devices. All rights reserved.
