##BLOCKS= 1          
Plate:	Plate#1	1.3	PlateFormat	Endpoint	Absorbance	Raw	FALSE	1						2	490 750	1	12	96	1	8	None	
	Temperature(¡C)	1	2	3	4	5	6	7	8	9	10	11	12		1	2	3	4	5	6	7	8	9	10	11	12		
	23.20	0.2942	1.2642	0.2461	2.9467	0.2556	1.2746	0.2376	0.5845	2.7349	0.4831	2.4056	2.2137		0.2201	0.9161	0.1885	2.001	0.1904	0.8621	0.1748	0.4215	1.8292	0.3658	1.5092	1.5877		
		0.5348	2.6338	2.3103	2.8615	2.6209	0.9009	2.5055	1.2862	2.476	0.442	2.1819	2.0705		0.417	1.8679	1.495	2.1136	1.6469	0.6417	1.6969	0.8905	1.6605	0.3221	1.4713	1.3906		
		0.4976	0.1414	0.5163	1.1661	1.246	1.9789	1.6116	2.5691	1.1607	2.2457	2.2453	2.1437		0.341	0.115	0.3537	0.8044	0.8154	1.1463	0.6898	1.7814	0.8074	1.4591	1.4098	1.4003		
		2.5421	2.3691	2.5095	2.2044	0.5709	2.7391	2.6468	2.0564	2.0901	0.428	2.2635	2.0233		1.7587	1.526	1.5611	1.427	0.4171	1.8513	1.7662	1.4083	1.3	0.2782	1.3757	1.2918		
		2.9207	1.2545	0.2638	2.4219	1.4369	2.3854	2.4268	0.2623	2.6289	2.0734	0.3165	2.4269		2.0389	0.8159	0.1948	1.5794	1.0534	1.5792	1.5084	0.191	1.7359	1.292	0.2376	1.4597		
		1.7407	0.6948	0.6974	1.655	1.6197	2.257	0.7529	0.3813	0.4165	0.8863	1.238	1.3548		1.0438	0.4793	0.5265	1.0175	0.9391	1.5718	0.5037	0.2886	0.3079	0.6007	0.8575	0.8641		
		1.1742	1.9855	1.435	1.3138	1.2637	0.6345	0.607	2.1907	1.976	1.5233	0.7379	1.9555		0.6495	1.2574	0.9424	0.932	0.6492	0.4566	0.425	1.4014	1.2965	0.8825	0.4921	1.3748		
		0.4411	1.4071	1.9942	2.3589	0.3838	1.6731	0.4312	0.2509	1.431	0.2818	0.2992	0.2997		0.3226	0.974	1.4513	1.5946	0.2834	1.0447	0.3234	0.1657	0.8498	0.2205	0.2251	0.2247		
		
~End
Copyright © 2003 Molecular Devices. All rights reserved.
