##BLOCKS= 1          
Plate:	Plate#1	1.3	PlateFormat	Endpoint	Absorbance	Raw	FALSE	1						2	490 750	1	12	96	1	8	None	
	Temperature(¡C)	1	2	3	4	5	6	7	8	9	10	11	12		1	2	3	4	5	6	7	8	9	10	11	12		
	23.20	0.3297	1.3398	0.2906	2.7379	0.3293	1.8707	0.2767	0.5651	2.713	0.4607	2.6268	2.438		0.2552	0.9815	0.2225	1.8593	0.242	1.2787	0.2046	0.401	1.8326	0.3518	1.5554	1.7118		
		0.8757	2.6379	2.3977	2.5959	2.092	0.8139	2.4306	1.1738	2.1893	0.3486	1.901	2.1314		0.705	1.8759	1.5722	1.9216	1.3668	0.5751	1.5679	0.8094	1.4955	0.259	1.2413	1.35		
		0.519	0.1641	0.6902	0.7686	1.3626	1.4704	1.7267	2.5876	1.2967	2.2001	2.0843	2.125		0.3679	0.1329	0.4963	0.5434	0.9025	0.8901	0.8	1.7946	0.8926	1.4505	1.3625	1.3869		
		2.6889	2.0089	2.3432	2.1365	0.4791	2.7584	2.3862	2.3035	2.4155	0.362	1.9638	1.8161		2.0186	1.3468	1.465	1.4285	0.3506	1.8791	1.5934	1.5458	1.446	0.237	1.2407	1.1818		
		2.6268	1.0212	0.2937	2.5907	1.5243	2.368	2.6347	0.3542	2.4743	2.4296	0.5067	2.2321		1.761	0.6625	0.2212	1.6947	1.104	1.5611	1.6416	0.2589	1.6662	1.4776	0.3712	1.2997		
		1.7896	0.6833	0.553	1.7448	1.5727	1.9192	0.7378	0.3706	0.3855	0.8279	1.0907	1.562		1.0023	0.4701	0.3963	1.0575	0.8931	1.3537	0.5027	0.2803	0.2892	0.55	0.7393	0.9763		
		1.4091	1.6123	1.4909	1.1683	0.9433	0.8004	0.5421	2.4555	1.7905	1.7885	0.9304	1.6742		0.8316	1.0563	1.009	0.8206	0.5103	0.5822	0.3694	1.6513	1.2275	1.0571	0.647	1.1689		
		0.4116	1.4426	2.2643	2.211	0.3916	1.5935	0.2777	0.2612	1.2703	0.2698	0.3027	0.2451		0.3058	1.0158	1.5944	1.488	0.29	0.9502	0.2104	0.1824	0.7448	0.2066	0.229	0.186		
		
~End
Copyright © 2003 Molecular Devices. All rights reserved.
