##BLOCKS= 1          
Plate:	Plate#1	1.3	PlateFormat	Endpoint	Absorbance	Raw	FALSE	1						2	490 750	1	12	96	1	8	None	
	Temperature(¡C)	1	2	3	4	5	6	7	8	9	10	11	12		1	2	3	4	5	6	7	8	9	10	11	12		
	22.80	0.1929	1.6883	0.1678	2.6212	0.2213	0.2724	1.2943	1.2303	2.2859	0.5447	2.5057	2.4829		0.1434	0.908	0.1219	1.4693	0.1547	0.1852	0.8146	0.7625	1.5327	0.3357	1.0584	1.3605		
		0.2737	0.2123	2.4611	0.4625	3.127	2.1909	2.6285	1.8538	2.7065	0.7954	2.3615	2.7139		0.2078	0.1499	1.3878	0.3178	1.6038	1.5224	1.5512	0.9079	1.5177	0.4706	1.3639	1.4151		
		1.0022	0.1361	1.5391	0.5669	2.0168	1.9705	0.2813	2.2482	2.5483	2.651	2.6717	2.6704		0.5024	0.1065	0.5999	0.3807	1.128	1.3416	0.1925	1.2172	1.5414	1.886	1.6614	1.6503		
		2.8053	2.9232	2.3177	2.203	0.348	2.6118	2.3491	2.557	1.3261	0.5112	2.2773	1.8607		1.7686	1.6381	1.5534	1.4003	0.2393	1.7151	1.5227	1.43	0.9095	0.3643	1.5659	1.1834		
		2.8205	1.2868	0.1789	0.462	0.2158	2.4734	2.3177	0.2999	2.2977	2.3592	0.1914	2.8031		1.6902	0.6161	0.1224	0.3188	0.157	1.6438	1.324	0.2165	1.4175	1.5276	0.1331	1.4942		
		1.7933	0.9626	1.8016	1.5868	0.5438	0.3642	1.2367	0.3526	0.5531	1.8869	1.6819	1.367		1.0816	0.5933	0.9481	0.9525	0.3222	0.2052	0.6386	0.2297	0.339	0.7895	0.9034	0.7094		
		0.5207	1.3976	0.7565	1.7254	1.5886	1.0256	0.4079	1.8974	0.5431	1.1015	1.1672	1.3451		0.2412	0.9147	0.492	0.7338	0.8541	0.4032	0.2378	1.0269	0.3334	0.626	0.6433	0.6123		
		0.4201	2.0269	1.8377	0.5128	1.1097	1.3688	0.2542	0.2158	0.215	0.1805	0.2485	0.2093		0.264	1.1626	1.0741	0.2933	0.7823	0.7032	0.1417	0.1433	0.1372	0.1192	0.1607	0.1314		
		
~End
Copyright © 2003 Molecular Devices. All rights reserved.
