##BLOCKS= 1          
Plate:	Plate#1	1.3	PlateFormat	Endpoint	Absorbance	Raw	FALSE	1						2	490 750	1	12	96	1	8	None	
	Temperature(¡C)	1	2	3	4	5	6	7	8	9	10	11	12		1	2	3	4	5	6	7	8	9	10	11	12		
	22.80	0.2692	1.5961	0.1663	2.2649	0.2715	0.2493	1.3523	1.2496	2.1547	0.571	2.9774	2.5288		0.1883	0.8953	0.1177	1.144	0.1903	0.1703	0.8856	0.7943	1.4311	0.3581	1.1269	1.3927		
		0.3583	0.264	2.5577	0.5163	3.5414	2.1292	2.3099	1.6844	2.9908	1.0955	2.234	2.8032		0.2686	0.1814	1.4248	0.3541	2.0288	1.4746	1.2609	0.8594	1.7334	0.654	1.2903	1.4194		
		0.8508	1.5216	1.5568	0.6054	2.0088	1.8248	0.2694	2.5801	2.2825	2.4582	2.3883	2.6686		0.4265	0.8551	0.6465	0.3852	1.1422	1.2315	0.1794	1.5578	1.333	1.764	1.4449	1.6153		
		2.8294	2.8871	2.2719	2.5192	0.3478	2.7088	2.4691	2.7185	1.3569	0.5569	2.1513	2.1811		1.7909	1.5251	1.5228	1.639	0.2375	1.8946	1.5921	1.5456	0.9372	0.3947	1.4987	1.3459		
		2.5787	1.3374	0.1999	0.3822	0.2069	2.216	2.5978	0.2642	2.2195	2.3377	0.2196	2.6695		1.5344	0.6369	0.1372	0.2546	0.1474	1.5062	1.5879	0.19	1.384	1.509	0.1486	1.4043		
		1.6818	0.8729	1.7432	1.5484	0.5048	0.3899	1.4333	0.3696	0.5779	1.6412	1.4296	1.587		0.9955	0.5481	0.8866	0.9517	0.2885	0.1932	0.7529	0.2404	0.3535	0.7251	0.7474	0.7909		
		0.5945	1.6038	0.7612	1.5057	1.3465	0.8633	0.3482	1.4936	0.3972	1.2386	1.0424	1.3705		0.245	1.043	0.4965	0.6006	0.732	0.3846	0.2087	0.8154	0.2466	0.6653	0.5729	0.6334		
		0.4305	1.5094	1.6573	0.5025	1.1175	1.4945	0.2677	0.2497	0.2068	0.1985	0.198	0.1922		0.3052	0.9518	0.9483	0.2754	0.7673	0.7172	0.1465	0.161	0.129	0.1271	0.129	0.1273		
		
~End
Copyright © 2003 Molecular Devices. All rights reserved.
