##BLOCKS= 1          
Plate:	Plate#1	1.3	PlateFormat	Endpoint	Absorbance	Raw	FALSE	1						2	490 750	1	12	96	1	8	None	
	Temperature(¡C)	1	2	3	4	5	6	7	8	9	10	11	12		1	2	3	4	5	6	7	8	9	10	11	12		
	22.80	0.229	1.5826	0.1618	2.383	0.2246	0.2457	1.4022	1.2666	2.1072	0.591	2.1986	2.2811		0.1565	0.8914	0.1175	1.2509	0.1583	0.1684	0.9207	0.79	1.3863	0.3526	0.9592	1.2894		
		0.3407	0.2185	2.3716	0.5234	3.0725	2.143	2.5581	1.6396	2.826	0.755	2.2327	2.709		0.2631	0.1574	1.3537	0.364	1.677	1.4299	1.5587	0.8376	1.5896	0.4504	1.2654	1.4185		
		0.9618	0.1394	1.5129	0.7209	1.9213	1.8417	0.2931	2.5468	2.2995	2.5631	2.6194	2.4966		0.4629	0.1098	0.5951	0.4684	1.0964	1.2489	0.2004	1.5354	1.3355	1.8257	1.6457	1.5304		
		2.7047	2.7897	2.4519	2.3576	0.3387	2.4112	2.5312	2.7321	1.4703	0.5194	2.2129	1.8892		1.8113	1.4961	1.6301	1.5236	0.2268	1.5744	1.6207	1.5177	1.003	0.368	1.5034	1.1899		
		2.2444	1.307	0.1668	0.425	0.2165	2.266	2.6706	0.273	2.3343	2.3463	0.2047	2.7002		1.2126	0.6379	0.1136	0.287	0.1552	1.5537	1.6287	0.1969	1.4517	1.5317	0.1401	1.3861		
		1.7248	0.9153	2.1436	1.627	0.5688	0.3768	1.4083	0.4352	0.5334	1.7211	1.6368	1.1293		1.0054	0.5794	1.1611	1.0039	0.3357	0.2021	0.7474	0.2819	0.3243	0.7364	0.8898	0.5604		
		0.4826	1.4716	0.8228	1.3909	1.7712	0.9799	0.3599	1.619	0.471	1.2365	1.3335	1.399		0.249	0.9266	0.5273	0.5575	1.0079	0.3939	0.2145	0.8581	0.2858	0.658	0.6759	0.6656		
		0.3314	1.7845	1.558	0.4785	1.0799	1.2879	0.276	0.1986	0.1994	0.2193	0.2454	0.2239		0.2353	1.0736	0.8871	0.2703	0.7504	0.6179	0.1506	0.1287	0.1265	0.1463	0.1599	0.1421		
		
~End
Copyright © 2003 Molecular Devices. All rights reserved.
