##BLOCKS= 1          
Plate:	Plate#1	1.3	PlateFormat	Endpoint	Absorbance	Raw	FALSE	1						2	490 750	1	12	96	1	8	None	
	Temperature(¡C)	1	2	3	4	5	6	7	8	9	10	11	12		1	2	3	4	5	6	7	8	9	10	11	12		
	23.20	0.8936	2.1948	2.9062	2.4133	0.9532	0.8599	1.569	0.7828	2.5602	0.844	2.5175	2.1904		0.2548	0.8546	1.6016	1.4397	0.3423	0.3492	0.675	0.4043	1.1826	0.4755	0.78	1.0789		
		0.5914	0.8153	2.4502	0.9362	2.2667	0.6577	2.3494	1.0114	2.2395	1.3462	0.2156	2.4098		0.4839	0.5097	1.29	0.3518	1.2633	0.266	1.3815	0.5972	1.2371	0.5259	0.1363	1.1176		
		0.5754	0.2261	1.1311	1.0608	1.72	2.0263	1.8055	2.3907	2.1748	2.6209	2.2009	2.367		0.3001	0.1548	0.6528	0.6208	0.8734	1.2091	0.8219	1.4	1.3215	1.3947	1.3344	1.0619		
		2.361	2.3321	2.1101	2.2511	0.6455	2.1617	2.5173	2.3124	2.5368	1.4214	2.3322	2.3897		1.4541	1.2119	1.0894	1.3288	0.2366	1.245	1.4212	1.1583	1.2589	0.5065	1.2062	1.2323		
		0.8183	1.1165	1.8988	2.0664	1.0136	2.3917	2.4929	0.7819	2.5046	2.3426	1.3133	2.4042		0.3142	0.4482	1.0821	1.167	0.7319	1.349	1.3164	0.2907	1.1733	1.2758	0.4951	1.118		
		0.8122	1.1	2.3203	1.9418	1.563	1.8267	1.7109	0.2942	0.6699	2.3783	2.3151	2.393		0.5842	0.7313	0.9285	0.8523	0.8491	0.8143	0.938	0.2043	0.2566	1.4212	1.0086	1.1822		
		2.2692	2.473	2.0607	2.2984	0.9684	1.3643	0.7422	2.0309	0.5066	1.1266	0.9358	1.1527		1.3482	1.695	1.1488	0.907	0.5751	0.9539	0.3273	1.0739	0.2061	0.6244	0.3835	0.5178		
		1.4755	0.6333	0.6325	0.6719	0.3356	0.8804	0.8591	0.5765	0.7191	0.862	0.456	1.222		0.3822	0.2263	0.3695	0.3431	0.2448	0.3121	0.2969	0.2541	0.2741	0.3914	0.1845	0.4506		
		
~End
Copyright © 2003 Molecular Devices. All rights reserved.
