##BLOCKS= 1          
Plate:	Plate#1	1.3	PlateFormat	Endpoint	Absorbance	Raw	FALSE	1						2	490 750	1	12	96	1	8	None	
	Temperature(¡C)	1	2	3	4	5	6	7	8	9	10	11	12		1	2	3	4	5	6	7	8	9	10	11	12		
	23.20	1.2699	2.1217	2.7945	2.0925	1.1411	0.8627	2.0302	0.8378	2.6559	1.4886	2.5052	2.61		0.3728	0.8	1.5294	1.2499	0.3329	0.3304	0.8725	0.3564	1.2482	0.8112	0.8785	1.2534		
		0.6923	0.7962	2.1024	0.6183	2.0166	0.594	2.282	1.128	2.2218	1.0787	0.2105	2.4062		0.5642	0.5114	1.1538	0.236	1.0878	0.2376	1.2084	0.702	1.2431	0.519	0.1316	1.1528		
		1.5278	0.1584	1.3595	1.8147	1.9462	1.5659	2.0628	2.3888	2.2162	2.6024	1.8735	2.5258		0.7742	0.1212	0.7468	1.0195	0.9011	0.8682	0.908	1.4536	1.1005	1.4186	1.047	1.1968		
		2.6073	2.1544	2.4102	2.1288	1.2896	2.0452	2.3779	2.2941	2.5322	0.9949	2.6456	2.0708		1.5205	1.2375	1.3433	1.1676	0.3995	1.1293	1.4041	1.1632	1.1742	0.3567	1.3468	1.1277		
		0.9456	1.2017	2.4197	2.528	1.0343	2.3867	2.2033	1.1649	2.6643	2.3673	1.3352	2.4256		0.3875	0.3948	1.2811	1.4945	0.5334	1.3952	1.1474	0.4449	1.3598	1.1372	0.4119	1.1838		
		0.5319	1.2393	2.2269	2.735	1.9356	1.5944	1.1123	0.4018	1.3739	1.5147	1.8629	2.1109		0.3083	0.8426	0.9709	1.1538	1.0875	0.7832	0.6242	0.2796	0.4662	0.8714	0.8096	0.8011		
		2.5118	2.4017	1.8613	2.6473	1.9162	1.0802	0.5221	2.2832	0.7558	1.1618	0.8694	1.3298		1.4146	1.635	1.0001	1.0203	1.1697	0.7238	0.2548	1.4157	0.3282	0.6646	0.3555	0.6048		
		1.7153	0.5258	0.9644	0.9848	0.4259	0.8742	0.5349	0.4561	0.6731	0.578	0.5708	0.9969		0.5214	0.2283	0.5876	0.3789	0.2906	0.307	0.2128	0.2306	0.264	0.2573	0.2251	0.3808		
		
~End
Copyright © 2003 Molecular Devices. All rights reserved.
