##BLOCKS= 1          
Plate:	Plate#1	1.3	PlateFormat	Endpoint	Absorbance	Raw	FALSE	1						2	490 750	1	12	96	1	8	None	
	Temperature(¡C)	1	2	3	4	5	6	7	8	9	10	11	12		1	2	3	4	5	6	7	8	9	10	11	12		
	22.80	0.3737	1.1352	0.3304	2.2059	0.2583	2.061	0.1793	0.6983	1.5326	0.4526	1.4104	2.2343		0.2674	0.7497	0.2412	1.249	0.1811	1.3269	0.1212	0.4918	0.9975	0.3218	0.794	1.2932		
		0.6382	2.2124	2.0588	1.5101	1.776	1.1607	1.3738	0.8699	2.2408	0.3756	1.4946	1.5319		0.5096	1.4602	1.2844	1.0673	1.1168	0.8004	0.8704	0.6093	1.3061	0.2483	0.872	0.9173		
		0.6054	0.1463	0.6761	1.5373	1.3056	1.1362	1.6322	1.2774	0.3207	1.8083	2.3135	1.9246		0.361	0.1162	0.3644	0.9919	0.837	0.698	0.7279	0.8347	0.229	1.0789	1.3821	1.109		
		1.775	1.9497	1.8319	1.6736	1.0679	1.8384	1.7112	2.0338	1.7657	0.6536	1.7643	1.7574		1.1682	1.1315	1.1205	1.0338	0.7788	1.1411	1.0913	1.2105	1.0304	0.442	1.0608	1.0629		
		2.3883	0.8764	0.2385	2.0176	0.7392	1.9697	1.8926	0.3162	2.0832	1.9815	0.3569	1.8016		1.729	0.3574	0.1469	1.2149	0.5172	1.2507	1.1625	0.211	1.2977	1.266	0.2394	1.0628		
		1.9278	0.9641	1.1412	1.3538	1.4356	2.0449	1.7275	0.5416	0.3043	0.8335	1.2162	1.9394		1.0025	0.5192	0.4993	0.9111	0.8535	0.8479	0.886	0.3331	0.2106	0.4208	0.5786	0.8649		
		1.245	1.483	0.9092	1.5038	0.1567	0.4838	1.0068	1.1903	2.4834	0.8431	0.815	1.3459		0.6103	1.1414	0.5667	0.7144	0.1272	0.3292	0.5352	0.5507	1.1207	0.4826	0.4575	0.698		
		0.5161	1.1659	1.2515	1.4682	0.6701	1.324	0.6895	0.2309	1.3145	0.4027	0.2515	0.2593		0.3227	0.6125	0.8146	0.9411	0.4778	0.6423	0.385	0.1222	0.6562	0.284	0.1475	0.1716		
		
~End
Copyright © 2003 Molecular Devices. All rights reserved.
