##BLOCKS= 1          
Plate:	Plate#1	1.3	PlateFormat	Endpoint	Absorbance	Raw	FALSE	1						2	490 750	1	12	96	1	8	None	
	Temperature(¡C)	1	2	3	4	5	6	7	8	9	10	11	12		1	2	3	4	5	6	7	8	9	10	11	12		
	22.70	0.4139	1.907	0.3568	2.6511	0.3423	0.7629	0.8894	0.7452	0.9842	2.2852	0.6523	2.3714		0.2632	1.04	0.2165	1.7644	0.2184	0.539	0.5814	0.5701	0.5645	1.7673	0.3965	1.369		
		0.5043	1.8007	1.6619	1.2508	2.0711	1.0939	1.4825	0.4765	1.8488	0.4371	1.4866	1.8713		0.4028	1.4751	0.9852	0.8982	1.2958	0.7456	0.9875	0.3236	1.1076	0.26	1.0105	1.1879		
		1.109	0.2073	1.1456	1.6901	1.4493	1.2394	2.4466	1.8112	1.5852	2.0078	1.7752	1.6298		0.7963	0.1407	0.741	1.2372	0.7407	0.8612	0.9759	1.4418	1.2229	1.4478	1.2435	0.8494		
		1.7034	2.4027	1.8636	1.7175	0.7433	1.7135	0.3685	1.7169	2.1094	0.807	1.6956	1.4879		1.1618	1.4365	1.2972	1.1139	0.4859	1.3305	0.2387	0.9989	1.526	0.3826	1.1501	0.9255		
		0.5948	1.0363	0.2702	1.7599	1.277	1.2708	2.6873	0.7334	2.5059	1.8577	0.4915	1.986		0.3571	0.3732	0.1812	1.1093	0.8258	0.8907	1.5947	0.4678	1.5957	1.2715	0.2794	1.3449		
		1.3753	1.0512	1.0224	1.8498	1.1705	2.2038	0.7208	0.3431	0.4316	1.7306	1.0848	2.3376		1.0784	0.7734	0.7358	1.1167	0.8435	1.297	0.3849	0.2578	0.322	0.9722	0.7394	1.122		
		0.9675	1.768	0.544	1.0166	0.3091	1.9918	0.621	1.4293	0.9268	0.925	0.8484	1.78		0.4917	1.2309	0.4256	0.7531	0.1802	0.9852	0.3977	0.9959	0.4578	0.5708	0.569	0.9573		
		0.3376	0.9033	1.8841	1.4653	1.3003	1.4273	0.3765	0.2807	1.1628	0.3208	0.3155	0.3798		0.2377	0.5415	1.3366	1.1176	0.9469	0.7393	0.2037	0.1751	0.7742	0.1989	0.1711	0.2016		
		
~End
Copyright © 2003 Molecular Devices. All rights reserved.
