##BLOCKS= 1          
Plate:	Plate#1	1.3	PlateFormat	Endpoint	Absorbance	Raw	FALSE	1						2	490 750	1	12	96	1	8	None	
	Temperature(¡C)	1	2	3	4	5	6	7	8	9	10	11	12		1	2	3	4	5	6	7	8	9	10	11	12		
	22.70	0.2836	1.7264	0.3907	2.8216	0.2362	0.7764	1.1431	0.6946	1.0579	0.7009	1.1712	2.5271		0.1939	0.9336	0.2349	1.9516	0.1698	0.5539	0.6544	0.5411	0.6665	0.5297	0.9341	1.569		
		0.5607	1.8039	1.8664	1.4204	1.9003	1.1823	1.9968	0.5649	2.0367	0.4163	2.164	1.9759		0.4581	1.4797	1.1478	1.0745	1.2918	0.8174	1.3547	0.402	1.3539	0.3025	1.6407	1.1957		
		1.3076	0.2712	1.2287	1.4017	1.2117	1.6258	2.5793	1.7784	1.6702	1.596	1.7938	2.0738		0.8419	0.1783	0.7744	1.118	0.7026	1.026	1.1156	1.4125	1.297	1.2656	1.202	0.9786		
		1.2343	2.3849	1.9853	1.5454	0.6534	1.6179	0.559	1.8346	1.6919	0.4694	1.5554	1.3774		0.7927	1.4334	1.3101	1.0227	0.4389	1.2539	0.3236	1.0664	1.2188	0.2458	0.9885	0.8785		
		0.6705	1.1732	0.4632	2.0291	1.6155	1.5411	2.6006	0.701	1.959	1.5539	0.3057	1.7282		0.3767	0.4653	0.2571	1.4622	1.1113	1.1085	1.5544	0.4907	1.2017	1.1523	0.1972	1.1388		
		1.4165	0.8359	1.3911	1.4303	1.0657	2.2863	0.7649	0.3189	0.3971	1.726	0.9195	2.2102		1.028	0.6048	0.9975	0.9057	0.7803	1.2847	0.4369	0.2422	0.303	1.01	0.6457	0.8733		
		1.0385	1.8491	0.4648	0.8144	0.347	1.1067	1.0179	1.3081	0.5054	1.6384	0.9824	1.5638		0.4784	1.3299	0.3611	0.6042	0.2128	0.8062	0.5959	0.8872	0.2936	1.0501	0.6798	0.8288		
		0.3073	0.723	1.5721	1.2218	1.3485	1.7657	0.6567	0.3176	1.287	0.4227	0.2883	0.5731		0.2025	0.4263	1.2017	0.8967	1.0179	0.9555	0.3126	0.1774	0.8678	0.3178	0.1707	0.3095		
		
~End
Copyright © 2003 Molecular Devices. All rights reserved.
