##BLOCKS= 1          
Plate:	Plate#1	1.3	PlateFormat	Endpoint	Absorbance	Raw	FALSE	1						2	490 750	1	12	96	1	8	None	
	Temperature(¡C)	1	2	3	4	5	6	7	8	9	10	11	12		1	2	3	4	5	6	7	8	9	10	11	12		
	23.30	0.3985	1.2871	0.3271	0.9553	0.3656	0.9153	1.7797	1.1094	2.021	1.3451	3.7117	1.8627		0.1821	0.5092	0.161	0.4437	0.1799	0.3647	0.7492	0.4432	0.9836	0.4575	1.5638	0.8504		
		0.498	1.8625	1.7428	2.2495	2.0375	0.6954	1.7494	1.3867	2.0154	0.495	2.5039	1.9149		0.4004	1.2725	0.7374	1.0002	0.9573	0.3625	0.9145	0.5811	0.8912	0.2282	1.0208	0.8821		
		0.6963	0.2592	1.2047	1.8763	1.7091	1.5029	1.0477	0.7238	0.4762	1.8344	1.9806	2.2156		0.3729	0.1546	0.573	0.7869	0.7125	0.7397	0.5555	0.2566	0.2065	0.8298	1.0249	1.1835		
		1.4699	2.2061	0.3197	0.5098	0.5059	0.6282	0.4522	1.7307	1.5375	0.9144	0.8019	1.8598		0.7037	1.0888	0.1368	0.2315	0.2129	0.2499	0.1901	0.7004	0.6314	0.3335	0.38	0.9186		
		0.9015	2.1073	0.3252	0.9235	0.9405	0.4395	2.0885	0.6484	2.0098	0.8133	0.6464	1.7628		0.3933	0.8581	0.1473	0.3553	0.5898	0.1892	0.814	0.2869	0.9607	0.3734	0.2783	0.7453		
		0.6395	1.2183	1.4042	1.374	1.9641	0.6504	1.2213	0.4447	0.5747	0.6772	0.9796	3.3387		0.2146	0.511	0.64	0.6407	0.9034	0.2341	0.4541	0.1912	0.2565	0.2504	0.5963	1.4323		
		1.1891	1.8127	1.0001	1.2305	0.1698	0.4435	0.4501	1.258	0.477	0.4565	0.6463	0.7395		0.4969	0.8756	0.4453	0.4064	0.1426	0.1907	0.212	0.5045	0.2329	0.213	0.2219	0.2559		
		0.3649	0.9115	0.5755	0.6591	1.9645	0.3318	0.3409	0.2454	0.3928	0.3284	0.3058	0.2952		0.1519	0.3588	0.2404	0.2529	0.8889	0.152	0.1707	0.1526	0.1961	0.1716	0.1532	0.1521		
		
~End
Copyright © 2003 Molecular Devices. All rights reserved.
