##BLOCKS= 1          
Plate:	Plate#1	1.3	PlateFormat	Endpoint	Absorbance	Raw	FALSE	1						2	490 750	1	12	96	1	8	None	
	Temperature(¡C)	1	2	3	4	5	6	7	8	9	10	11	12		1	2	3	4	5	6	7	8	9	10	11	12		
	23.30	0.295	1.4422	0.3703	1.2033	0.345	0.7817	1.868	1.0664	1.6985	1.0768	3.6964	2.1966		0.1415	0.543	0.1737	0.5373	0.1701	0.3111	0.7688	0.4343	0.7654	0.3804	1.8603	0.9395		
		0.4812	1.8809	1.8159	2.3288	2.0663	0.7342	1.8673	1.3926	1.9014	0.764	2.0758	2.1311		0.3368	1.2654	0.7445	1.0626	1.0141	0.3776	0.9915	0.6878	0.8691	0.3166	0.879	0.9293		
		0.6656	0.2031	1.0952	1.8689	1.6568	1.65	0.9824	0.6218	0.4583	2.0407	2.059	2.3575		0.3315	0.1295	0.5031	0.8126	0.6831	0.8559	0.5433	0.2243	0.2055	0.9161	1.0109	1.2111		
		1.3536	1.8105	0.2847	0.4366	0.3878	0.4949	0.4142	1.3434	1.4684	1.018	0.6951	1.6805		0.6104	0.8897	0.1296	0.2108	0.1736	0.2285	0.1773	0.5586	0.58	0.3388	0.3495	0.727		
		0.7696	1.8235	0.359	1.012	1.1076	0.4818	2.0429	0.6546	1.9361	1.0161	0.508	1.8478		0.3236	0.6987	0.1615	0.3952	0.7138	0.2012	0.7627	0.2919	0.885	0.4692	0.2517	0.8728		
		0.6533	1.1056	1.7695	1.4998	1.7238	0.6801	1.6051	0.4196	0.7662	0.9272	1.3326	2.9023		0.2229	0.4808	0.6524	0.7366	0.8346	0.2387	0.5906	0.1841	0.3264	0.3735	0.4774	0.7282		
		1.1469	2.035	0.9105	1.4759	0.1735	0.4335	0.4522	1.4885	0.4642	0.5161	0.6478	0.895		0.5418	0.9605	0.4299	0.4867	0.1459	0.1881	0.2108	0.5942	0.2226	0.2422	0.2188	0.3584		
		0.3815	0.8731	0.6133	0.8714	1.6935	0.3485	0.3692	0.2448	0.3559	0.3138	0.3565	0.3309		0.1629	0.3821	0.2452	0.3119	0.7941	0.1601	0.1794	0.1556	0.1876	0.1633	0.1669	0.1629		
		
~End
Copyright © 2003 Molecular Devices. All rights reserved.
