##BLOCKS= 1          
Plate:	Plate#1	1.3	PlateFormat	Endpoint	Absorbance	Raw	FALSE	1						2	490 750	1	12	96	1	8	None	
	Temperature(¡C)	1	2	3	4	5	6	7	8	9	10	11	12		1	2	3	4	5	6	7	8	9	10	11	12		
	22.60	0.2777	1.8385	0.3985	2.5848	0.3973	1.2409	0.2757	0.9359	1.5023	1.2173	0.8697	1.9513		0.154	1.1332	0.2502	1.5403	0.2841	1.0421	0.1949	0.6006	1.2426	0.9756	0.3145	1.335		
		0.4548	1.74	2.0351	0.9457	2.0203	0.2432	1.9093	1.4215	1.9356	0.6196	0.1719	2.247		0.3535	1.4175	1.4312	0.5443	1.4048	0.188	1.3659	1.0049	1.3194	0.3429	0.1144	1.4664		
		0.5318	0.179	1.328	1.5393	1.7038	0.6627	1.3733	2.0517	2.0475	1.0717	0.5082	2.0163		0.3749	0.1428	0.9261	1.1797	1.0641	0.4111	1.0595	1.4328	1.4306	0.6571	0.334	1.3491		
		1.8348	1.8995	2.1113	1.7704	1.5881	2.1401	0.5764	1.5411	1.5779	0.8428	1.6657	1.7502		1.3573	1.3097	1.4785	1.2145	1.1062	1.5132	0.3707	1.0395	1.0971	0.4797	1.1196	1.1861		
		1.0336	0.508	0.3162	2.0646	1.4023	2.1462	1.4612	1.9629	1.9314	1.7875	2.1074	2.1222		0.5483	0.2671	0.2089	1.5258	1.0898	1.4715	1.0354	1.3148	1.2943	1.2542	1.489	1.3829		
		1.5382	0.9711	0.9592	1.4878	0.8709	0.7913	0.3686	0.6064	0.3968	0.6619	0.4867	1.3684		1.0626	0.6658	0.6416	1.0991	0.6193	0.4788	0.2436	0.4186	0.2665	0.4484	0.3279	0.7667		
		1.2704	0.13	1.0927	0.8426	0.1369	0.449	0.3727	0.9599	0.7557	0.6718	0.5412	0.9021		0.7499	0.1071	0.7882	0.5723	0.1163	0.3119	0.2738	0.6543	0.5389	0.4699	0.3838	0.6015		
		0.5932	0.4526	0.8822	0.9521	0.5106	0.5945	0.3005	0.1309	0.3057	0.3572	0.2899	0.2577		0.3841	0.3298	0.604	0.5668	0.3519	0.4152	0.2351	0.1069	0.2092	0.2516	0.181	0.1761		
		
~End
Copyright © 2003 Molecular Devices. All rights reserved.
