##BLOCKS= 1          
Plate:	Plate#1	1.3	PlateFormat	Endpoint	Absorbance	Raw	FALSE	1						2	490 750	1	12	96	1	8	None	
	Temperature(¡C)	1	2	3	4	5	6	7	8	9	10	11	12		1	2	3	4	5	6	7	8	9	10	11	12		
	22.60	0.5832	1.7677	0.3822	2.6042	0.2729	1.8198	0.2971	0.8703	1.7187	0.6598	1.6828	1.9853		0.2553	1.0303	0.2482	1.5479	0.1925	1.4944	0.1992	0.5342	1.428	0.5263	0.8824	1.343		
		0.637	1.7264	2.2384	0.5686	1.7633	0.2261	1.908	1.2477	1.8352	1.204	0.1797	2.049		0.5115	1.4318	1.5794	0.3554	1.227	0.1722	1.319	0.8585	1.2641	0.6468	0.1179	1.3833		
		0.7084	0.1717	1.0043	1.6569	1.581	1.0003	1.4941	1.9381	2.0491	0.4042	0.35	1.9489		0.5062	0.1372	0.7058	1.2744	1.0354	0.6544	1.082	1.3558	1.4263	0.2605	0.2331	1.312		
		1.9633	1.928	2.0293	1.8729	1.1815	1.9398	0.4196	1.4657	1.5554	0.7222	1.9669	1.7623		1.4541	1.3056	1.4054	1.3081	0.8197	1.3486	0.2406	1.0127	1.0843	0.4112	1.353	1.2172		
		1.0994	0.7443	0.3679	2.1135	1.525	1.8039	1.4258	2.1737	2.0894	1.7657	2.256	2.087		0.6269	0.383	0.2331	1.5094	1.1635	1.2345	0.9937	1.4808	1.3961	1.2485	1.5737	1.3609		
		1.3732	0.5295	1.1009	1.291	0.8307	0.8227	0.4757	0.38	0.3984	0.5776	0.6874	1.6332		0.9047	0.3513	0.7674	0.9129	0.6042	0.492	0.3109	0.2412	0.2607	0.3921	0.4811	0.9426		
		1.6918	0.1322	0.8888	0.6828	0.1875	0.3129	0.3411	0.6946	0.4904	0.6241	0.7389	1.2094		1.0307	0.1101	0.6032	0.4689	0.1677	0.2118	0.2416	0.4911	0.3452	0.4678	0.5233	0.8905		
		0.3069	0.4209	1.3233	0.7456	0.3607	0.7486	0.2173	0.142	0.3425	0.2854	0.322	0.415		0.182	0.3121	0.9309	0.449	0.247	0.5198	0.1737	0.1163	0.2262	0.2095	0.1956	0.3014		
		
~End
Copyright © 2003 Molecular Devices. All rights reserved.
