##BLOCKS= 1          
Plate:	Plate#1	1.3	PlateFormat	Endpoint	Absorbance	Raw	FALSE	1						2	490 750	1	12	96	1	8	None	
	Temperature(¡C)	1	2	3	4	5	6	7	8	9	10	11	12		1	2	3	4	5	6	7	8	9	10	11	12		
	22.50	0.4227	1.6083	0.3505	2.2071	0.3548	1.5835	0.344	0.9632	1.4866	0.718	1.3316	1.6972		0.2646	0.937	0.2405	1.3831	0.2483	1.3205	0.2629	0.6028	1.2421	0.59	0.5505	1.1642		
		0.5071	1.6978	1.896	0.7218	2.1281	0.2535	1.9053	1.3766	1.6991	0.7116	0.1712	1.8904		0.4128	1.3864	1.3827	0.4455	1.4738	0.1925	1.3534	0.9695	1.1765	0.4049	0.1199	1.2874		
		0.6603	0.195	0.8547	1.3434	1.5802	1.1754	1.2857	1.9128	2.0841	0.55	0.4255	1.9252		0.4487	0.1522	0.6006	1.011	1.0371	0.7983	0.9847	1.3373	1.4996	0.3527	0.2809	1.2968		
		1.6712	2.117	2.1541	1.9854	1.2656	2.0874	0.4159	1.5313	1.7338	0.9689	1.6196	2.0118		1.2099	1.4411	1.5149	1.4052	0.8872	1.4589	0.2765	1.0521	1.2136	0.5579	1.115	1.4284		
		1.0862	0.3887	0.4093	1.9749	1.252	1.7854	1.8054	2.2293	1.7244	1.6598	1.5742	2.034		0.6505	0.2154	0.2661	1.4483	0.9448	1.2426	1.2979	1.5634	1.1791	1.164	1.1178	1.3343		
		1.1328	0.6459	0.7125	1.3338	0.7598	0.8876	0.4147	0.7119	0.6333	0.5348	1.0679	1.4968		0.848	0.467	0.4783	0.9624	0.537	0.5279	0.2735	0.4715	0.4002	0.3596	0.7912	0.8177		
		1.0981	0.1679	1.1939	0.9229	0.1306	0.2903	0.3392	0.849	0.2039	0.7412	0.5633	0.9039		0.6575	0.1434	0.8686	0.6449	0.1119	0.1988	0.2402	0.606	0.1496	0.5611	0.3701	0.6137		
		0.324	0.2783	1.1283	0.9705	0.5393	0.6009	0.3179	0.1384	0.6457	0.191	0.3915	0.3496		0.1979	0.2011	0.8092	0.593	0.3551	0.4238	0.2503	0.1126	0.4163	0.1431	0.2347	0.2269		
		
~End
Copyright © 2003 Molecular Devices. All rights reserved.
