##BLOCKS= 1          
Plate:	Plate#1	1.3	PlateFormat	Endpoint	Absorbance	Raw	FALSE	1						2	490 750	1	12	96	1	8	None	
	Temperature(¡C)	1	2	3	4	5	6	7	8	9	10	11	12		1	2	3	4	5	6	7	8	9	10	11	12		
	23.00	0.2758	1.2213	0.2382	2.6186	0.2353	1.8609	1.3661	0.3839	1.9962	1.7744	1.8759	2.2947		0.187	0.7568	0.157	1.5008	0.1559	1.0926	0.8059	0.2507	1.1797	1.2677	0.943	1.3412		
		0.3999	2.261	2.2445	2.6373	2.0599	1.802	1.9512	1.2484	2.2202	0.3488	1.5837	2.1285		0.299	1.5205	1.3074	1.8739	1.2916	1.1917	1.1921	0.7848	1.3651	0.2235	0.8844	1.2763		
		0.5939	0.1628	0.7057	2.7097	1.2573	1.4394	1.587	2.0147	0.5052	2.4079	2.1004	1.9321		0.3466	0.1312	0.385	1.919	0.7908	0.8905	0.6457	1.2679	0.3366	1.6091	1.3036	1.1831		
		2.0438	2.5805	2.2474	2.3112	0.4367	1.931	2.006	2.2934	1.9379	0.4905	1.8649	1.439		1.1552	1.6751	1.3285	1.472	0.2946	1.1525	1.324	1.3815	1.1593	0.32	1.0595	0.8079		
		2.6595	1.122	0.2072	2.2007	1.7865	1.9032	2.0707	0.3485	2.3016	1.8315	0.3495	2.0012		1.6023	0.5012	0.1312	1.2851	1.1479	1.1466	1.3115	0.2213	1.4912	1.1262	0.2341	1.3001		
		2.2355	0.7934	1.4668	1.8036	1.6132	1.8822	1.421	0.3435	0.4134	1.3413	1.5057	1.9523		1.3353	0.5128	0.7985	1.2642	1.0843	1.2129	0.761	0.2265	0.2787	0.7481	0.6631	0.9904		
		1.4532	2.033	1.373	1.3817	1.5766	0.8593	1.205	1.4363	1.115	1.3293	1.0553	1.319		0.5744	1.4482	0.9122	0.6651	0.9879	0.5727	0.6988	0.8013	0.6586	0.6911	0.6268	0.7363		
		0.3528	1.5193	1.7864	1.5448	1.0245	1.3094	0.3938	0.2299	1.4938	0.2092	0.231	0.2638		0.2329	1.0628	1.103	1.1114	0.7336	0.6845	0.2071	0.1298	0.7833	0.1472	0.1546	0.1707		
		
~End
Copyright © 2003 Molecular Devices. All rights reserved.
