##BLOCKS= 1          
Plate:	Plate#1	1.3	PlateFormat	Endpoint	Absorbance	Raw	FALSE	1						2	490 750	1	12	96	1	8	None	
	Temperature(¡C)	1	2	3	4	5	6	7	8	9	10	11	12		1	2	3	4	5	6	7	8	9	10	11	12		
	23.10	0.3896	0.9264	0.3057	1.4673	0.2905	0.964	0.2606	0.3364	1.2058	0.7761	2.9303	1.4167		0.2634	0.7218	0.226	1.0003	0.2145	0.7806	0.191	0.2316	0.958	0.6339	1.4447	1.0329		
		0.5029	0.4348	1.5277	1.3166	0.7969	0.3706	1.1521	0.8174	1.3917	0.3564	1.496	1.6195		0.415	0.2962	1.1358	1.0164	0.5992	0.265	0.8811	0.6472	1.0053	0.2671	1.1832	1.1777		
		0.6796	0.1848	1.0369	1.8521	1.3272	0.8976	0.7199	0.626	0.3094	1.5584	1.1281	1.5487		0.4838	0.1465	0.6494	1.4465	1.0145	0.6813	0.4612	0.4627	0.2307	1.2535	0.849	1.1338		
		1.0337	1.3904	1.8271	1.9735	0.3782	0.7878	1.3878	1.1804	1.7601	0.2926	1.4487	1.1478		0.8759	1.0875	1.3624	1.5306	0.283	0.6169	1.0799	0.8661	1.3756	0.2147	1.0469	0.9208		
		0.4065	0.5783	0.2651	1.4227	0.8598	1.5591	1.5022	0.207	1.3807	1.5501	0.2497	1.1072		0.3086	0.384	0.192	1.1161	0.6251	1.1986	1.0897	0.1519	1.0475	1.08	0.1814	0.7718		
		0.8189	0.9123	0.4865	0.8625	1.5418	0.6347	0.3653	0.4465	0.3187	0.5005	0.374	1.8291		0.5895	0.6334	0.3311	0.4584	1.0985	0.3352	0.2149	0.3512	0.2427	0.3562	0.2626	0.8161		
		0.2791	1.265	0.374	0.5316	1.6123	0.3814	0.3466	0.8021	0.3091	0.4922	0.338	0.4988		0.206	0.864	0.2928	0.3857	1.1098	0.2975	0.2455	0.5498	0.2109	0.3477	0.2385	0.3402		
		0.4153	0.4698	0.3972	0.3154	0.3012	0.4265	0.3147	0.2273	0.5664	0.2844	0.2099	0.2319		0.2591	0.3442	0.2642	0.2244	0.2293	0.2817	0.2139	0.1552	0.3791	0.2006	0.152	0.1633		
		
~End
Copyright © 2003 Molecular Devices. All rights reserved.
