##BLOCKS= 1          
Plate:	Plate#1	1.3	PlateFormat	Endpoint	Absorbance	Raw	FALSE	1						2	490 750	1	12	96	1	8	None	
	Temperature(¡C)	1	2	3	4	5	6	7	8	9	10	11	12		1	2	3	4	5	6	7	8	9	10	11	12		
	22.00	0.4834	1.9056	0.7643	2.9381	0.5399	2.7945	1.087	1.7033	2.3191	2.6991	2.2305	3.063		0.3221	0.8684	0.3888	1.9561	0.2594	1.7053	0.5332	1.172	1.4201	1.9112	0.4505	1.7446		
		0.7508	2.6487	2.1782	1.5407	2.6756	0.5973	2.6138	1.6836	2.4524	0.7424	0.6434	2.5365		0.5576	1.7591	1.3381	0.9173	1.7614	0.3394	1.6865	1.0032	1.3754	0.4633	0.4497	1.4522		
		0.9594	0.1759	1.4623	2.2249	1.1628	1.8603	1.6067	2.4733	2.4712	2.5535	2.3075	2.853		0.5144	0.1302	0.9081	1.5885	0.7421	1.1778	0.7442	1.5208	1.6877	1.7015	1.4892	1.7614		
		2.6082	2.6001	2.6001	3.0025	1.4805	2.3436	2.3598	2.4151	3.0995	1.1571	3.0196	2.6055		1.7279	1.5955	1.5696	1.9677	0.9152	1.5421	1.3799	1.3455	1.9697	0.6538	1.8489	1.5382		
		0.7194	1.0206	0.3902	2.8835	2.0166	2.9312	2.2697	0.5161	3.0508	2.2345	0.7678	2.134		0.3785	0.2952	0.2148	1.9085	1.3941	1.8988	1.3205	0.2681	1.7683	1.3328	0.4003	1.154		
		2.0417	1.5979	2.1492	1.9463	1.2194	1.7308	1.2722	0.4347	0.5727	1.8722	0.8543	1.8366		1.2424	0.725	0.8976	1.141	0.7789	1.0653	0.6021	0.2994	0.337	0.7746	0.4025	0.8098		
		1.551	2.5524	1.0473	1.9813	1.7395	1.225	1.1144	2.8536	0.5024	1.7269	1.8609	2.0645		0.7504	1.4822	0.644	0.9163	0.8725	0.7753	0.6185	1.8945	0.2883	0.923	0.7002	0.9412		
		0.5504	2.5487	1.8042	1.0236	0.7554	0.6308	0.4126	0.2271	0.3933	0.228	0.4474	0.3941		0.3342	1.4667	0.9154	0.6108	0.4804	0.3587	0.2447	0.1459	0.202	0.1446	0.2081	0.2002		
		
~End
Copyright © 2003 Molecular Devices. All rights reserved.
