##BLOCKS= 1          
Plate:	Plate#1	1.3	PlateFormat	Endpoint	Absorbance	Raw	FALSE	1						2	490 750	1	12	96	1	8	None	
	Temperature(¡C)	1	2	3	4	5	6	7	8	9	10	11	12		1	2	3	4	5	6	7	8	9	10	11	12		
	22.40	0.5214	2.1491	0.6111	1.7588	0.3954	0.9376	2.7537	1.052	2.622	1.5058	2.7031	2.5779		0.2137	1.1229	0.271	1.0316	0.1894	0.4891	1.3655	0.5682	1.3249	0.8543	0.7539	1.2123		
		0.7518	0.3699	2.7525	2.2361	2.9412	1.4606	2.0613	1.99	2.3513	1.6078	0.3377	2.6473		0.6004	0.2087	1.4629	1.0954	1.431	0.716	1.2023	1.0576	1.1453	0.8368	0.1779	1.3032		
		1.2048	0.1392	2.5725	2.1193	2.2353	2.5224	2.886	2.607	1.4814	2.6509	2.9346	2.9157		0.6013	0.1088	0.9967	0.9587	1.0505	1.2667	1.1133	1.3217	0.6262	1.3367	1.5168	1.3745		
		2.7836	2.6077	2.9894	2.9574	0.8429	2.6251	0.6995	2.9527	3.0872	1.3607	2.7948	2.9753		1.4195	1.3421	1.4668	1.4927	0.4194	1.2979	0.3273	1.3815	1.4436	0.621	1.304	1.3678		
		1.2152	2.1435	0.5096	2.656	1.7672	2.9464	2.9094	0.6922	3.2659	2.8832	0.6599	2.7092		0.4887	0.7225	0.2536	1.1298	0.8251	1.4541	1.4655	0.3626	1.6187	1.4496	0.2959	1.3638		
		1.7714	1.7363	2.3063	1.9175	1.6899	1.7702	2.0169	0.8082	1.1942	2.7446	2.0743	2.4494		0.9649	0.6152	0.8313	0.882	0.8571	0.8643	0.9135	0.3454	0.5684	1.1874	0.6838	1.0328		
		2.4797	1.6703	1.587	2.3007	1.8611	0.5731	0.6628	2.3743	1.2463	2.0595	1.8602	1.5242		1.0606	1.0683	0.6888	0.7649	0.9245	0.3024	0.298	1.2071	0.6071	0.9895	0.799	0.724		
		0.6039	1.2153	1.2473	1.8215	0.589	1.044	0.6277	0.5016	2.3321	0.3829	0.5528	0.4325		0.251	0.5608	0.6056	0.4964	0.3411	0.4773	0.3444	0.2194	1.0668	0.209	0.2674	0.2068		
		
~End
Copyright © 2003 Molecular Devices. All rights reserved.
