##BLOCKS= 1          
Plate:	Plate#1	1.3	PlateFormat	Endpoint	Absorbance	Raw	FALSE	1						2	490 750	1	12	96	1	8	None	
	Temperature(¡C)	1	2	3	4	5	6	7	8	9	10	11	12		1	2	3	4	5	6	7	8	9	10	11	12		
	22.40	0.5878	2.158	0.6858	1.896	0.429	1.1127	2.4816	1.366	2.5769	1.1887	2.6309	2.8879		0.2244	1.1078	0.2848	1.0738	0.1999	0.5685	1.2636	0.6816	1.3537	0.6513	0.6852	1.4135		
		0.6093	0.4311	2.7089	2.3102	3.061	1.1725	1.7678	2.0989	2.0233	1.476	0.3094	2.6446		0.4799	0.2473	1.4337	1.0816	1.4422	0.5593	1.0486	1.1658	0.8817	0.7178	0.1553	1.3199		
		1.2396	0.1481	2.3994	2.282	2.2928	2.6188	2.6675	1.8136	1.8743	2.5731	2.8219	2.8625		0.6348	0.1149	0.9007	1.0415	1.0828	1.2905	1.0144	0.8194	0.8382	1.2981	1.3995	1.4031		
		2.8329	2.5082	2.8605	3.093	0.9051	2.6375	0.7085	2.9185	3.0151	1.1596	2.8778	3.0927		1.4176	1.3129	1.3851	1.5212	0.4432	1.3033	0.3281	1.3061	1.3438	0.514	1.368	1.4389		
		1.1708	2.0475	0.7192	2.5786	1.8726	3.0154	2.9373	0.601	3.3042	2.8955	0.7675	2.5156		0.4968	0.6225	0.3425	1.1207	0.9385	1.5018	1.4778	0.2989	1.5436	1.4274	0.3359	1.3071		
		1.7087	1.7662	2.455	2.0327	1.8876	1.968	1.4384	0.6494	0.8612	2.6463	2.4975	2.463		0.9053	0.5715	0.7729	0.882	0.9365	0.9625	0.6948	0.2862	0.4077	1.005	0.7662	0.9649		
		2.0309	1.6528	1.5658	2.1501	2.6775	0.5621	0.625	2.1839	0.785	2.2541	1.9123	1.6983		0.8209	1.0302	0.6959	0.7449	1.2706	0.2807	0.2929	1.0947	0.4273	1.0579	0.8211	0.7622		
		0.6821	1.2228	1.0233	2.1079	0.4652	1.078	0.311	0.5193	2.6641	0.3902	0.5224	0.4869		0.3339	0.5467	0.5087	0.5735	0.2355	0.5012	0.1753	0.2369	1.2198	0.2163	0.255	0.2327		
		
~End
Copyright © 2003 Molecular Devices. All rights reserved.
