##BLOCKS= 1          
Plate:	Plate#1	1.3	PlateFormat	Endpoint	Absorbance	Raw	FALSE	1						2	490 750	1	12	96	1	8	None	
	Temperature(¡C)	1	2	3	4	5	6	7	8	9	10	11	12		1	2	3	4	5	6	7	8	9	10	11	12		
	22.40	0.5791	2.134	0.4949	1.7696	0.3895	0.9015	2.6003	0.9768	2.7458	1.3863	2.7815	3.0311		0.2236	1.1112	0.2176	0.9891	0.1906	0.473	1.3278	0.5195	1.381	0.7871	0.7822	1.4743		
		0.6893	0.4163	2.8136	2.2679	3.2177	1.425	2.1866	1.9855	2.5504	1.6445	0.3395	2.9255		0.5814	0.2428	1.5089	1.0441	1.5313	0.6929	1.2694	1.0508	1.194	0.8425	0.1791	1.4309		
		1.3678	0.1521	2.3747	1.7718	1.9896	2.6598	2.7581	2.7893	1.3848	2.2799	2.8449	2.9669		0.7133	0.1194	0.9113	0.7791	0.9454	1.2939	1.0819	1.4274	0.5416	1.1253	1.4625	1.4083		
		2.7747	2.677	2.8103	2.8577	0.8961	2.7056	0.7678	2.926	3.2023	1.4563	3.0027	3.0943		1.4295	1.4	1.4248	1.3667	0.4494	1.365	0.3501	1.3223	1.5434	0.7223	1.4046	1.49		
		1.1588	2.4077	0.5103	2.8063	2.0138	2.877	2.7276	0.7547	3.249	2.9065	0.6636	2.2765		0.5054	0.764	0.2648	1.2329	0.9912	1.4329	1.3748	0.3751	1.6154	1.4322	0.3066	1.1786		
		1.7469	1.5465	2.474	1.8495	1.7835	2.0643	1.6505	0.5942	0.9601	2.7135	2.5755	2.6113		0.9013	0.5845	0.8706	0.8251	0.8866	0.9983	0.7852	0.2688	0.4553	1.0548	0.7725	1.021		
		1.9704	1.1992	1.6233	2.5267	0.7764	0.5922	0.7838	2.527	1.0275	1.9647	1.8266	2.0823		0.7976	0.7777	0.6926	0.7896	0.4	0.2861	0.3614	1.2714	0.5284	0.9289	0.7943	0.9828		
		0.6521	1.1887	1.1119	1.7277	0.5283	0.9898	0.401	0.437	2.3966	0.4525	0.5174	0.4786		0.2945	0.5526	0.5673	0.4817	0.2637	0.4613	0.2308	0.2108	1.1396	0.2401	0.2326	0.2277		
		
~End
Copyright © 2003 Molecular Devices. All rights reserved.
