##BLOCKS= 1          
Plate:	Plate#1	1.3	PlateFormat	Endpoint	Absorbance	Raw	FALSE	1						2	490 750	1	12	96	1	8	None	
	Temperature(¡C)	1	2	3	4	5	6	7	8	9	10	11	12		1	2	3	4	5	6	7	8	9	10	11	12		
	23.70	0.215	1.2497	0.2773	1.7068	0.2238	0.5586	0.5745	0.3274	1.6003	0.8891	1.9871	1.7251		0.1564	0.8245	0.1979	1.1233	0.1673	0.3367	0.2498	0.2174	1.1681	0.4882	0.6097	1.2185		
		0.6383	0.289	1.8196	0.2595	2.198	0.4871	2.3411	1.337	1.9031	0.2789	0.2044	1.8848		0.483	0.1914	1.2112	0.1856	1.3977	0.3194	1.3913	1.0202	1.2928	0.1927	0.1476	1.3213		
		0.263	0.1798	0.2438	0.2397	1.4851	2.0383	1.3351	0.3273	0.2687	1.9297	1.9215	1.7855		0.1905	0.1262	0.1779	0.186	0.8444	1.2155	0.8603	0.2266	0.1869	1.4397	1.3432	1.2752		
		1.8249	1.8829	1.719	2.1263	0.2685	0.3927	0.361	1.6742	1.8789	0.3971	1.8805	1.7779		1.2543	1.2781	1.2397	1.426	0.1871	0.2692	0.2517	1.1628	1.3581	0.2584	1.3299	1.2578		
		1.6666	1.7497	0.2588	2.449	1.8639	0.2314	1.8826	0.2505	1.8295	1.9581	0.2435	1.8547		1.1866	0.5351	0.1974	1.3519	1.1544	0.168	1.286	0.2012	1.3017	1.2675	0.1778	1.2319		
		0.3241	0.8277	1.1892	1.1172	1.0509	0.3831	0.9048	0.3786	0.2894	1.0763	0.6274	1.1386		0.2353	0.5861	0.7825	0.8238	0.672	0.2423	0.6089	0.2658	0.2072	0.7658	0.4124	0.6454		
		1.1583	0.6402	0.6562	0.8328	0.5467	1.6597	0.3628	0.3756	0.3268	0.2523	0.3184	0.2842		0.8094	0.4371	0.4542	0.5692	0.413	1.1376	0.2494	0.2401	0.2239	0.1747	0.2123	0.1827		
		0.2195	0.2685	0.2787	0.256	0.2446	0.318	0.2201	0.2345	0.2134	0.6719	0.1885	0.2635		0.1603	0.1811	0.1928	0.1736	0.1786	0.2058	0.1541	0.1605	0.1559	0.621	0.1426	0.1837		
		
~End
Copyright © 2003 Molecular Devices. All rights reserved.
