##BLOCKS= 1          
Plate:	Plate#1	1.3	PlateFormat	Endpoint	Absorbance	Raw	FALSE	1						2	490 750	1	12	96	1	8	None	
	Temperature(¡C)	1	2	3	4	5	6	7	8	9	10	11	12		1	2	3	4	5	6	7	8	9	10	11	12		
	23.70	0.2041	1.282	0.294	2.6809	0.2527	0.7099	0.5285	0.3436	2.7783	0.9006	2.2697	1.8328		0.1502	0.8338	0.2186	1.5552	0.185	0.4265	0.2361	0.2351	2.1099	0.5229	0.6191	1.3298		
		0.6041	0.3044	1.9662	0.2542	1.4832	0.5017	1.8995	1.2022	1.9388	0.3672	0.1911	1.7424		0.4703	0.1999	1.2832	0.1788	1.0079	0.3253	1.3113	0.9019	1.3922	0.2317	0.1415	1.1959		
		0.2617	0.1746	0.283	0.2919	1.4271	1.8449	1.3168	0.2847	0.2762	1.763	1.7386	1.8027		0.182	0.1172	0.1945	0.2181	0.8837	1.1492	0.8202	0.1915	0.1853	1.354	1.2685	1.2172		
		1.941	1.7555	1.6918	1.9797	0.2676	0.5794	0.3061	1.9436	1.9606	0.3156	1.8193	1.6475		1.3007	1.2198	1.2482	1.4436	0.1867	0.3898	0.2091	1.2941	1.3917	0.2066	1.2955	1.2315		
		1.6209	1.5192	0.2318	2.3508	2.0623	0.5854	2.0784	0.2275	1.9351	2.0157	0.4187	1.8967		1.1654	0.4367	0.1673	1.3598	1.2062	0.4082	1.3793	0.1683	1.3243	1.361	0.2961	1.2212		
		0.2632	0.811	1.1562	1.0926	1.1095	0.4126	0.9452	0.4728	0.2431	1.1144	1.1459	1.1034		0.1957	0.5671	0.7824	0.8005	0.7262	0.2585	0.6195	0.3405	0.1731	0.7804	0.8393	0.6546		
		1.2203	0.7403	0.6891	0.976	0.6331	1.3045	0.2703	0.4017	0.3368	0.293	0.2646	0.3414		0.879	0.5126	0.4682	0.7071	0.5043	0.8839	0.1877	0.2482	0.2283	0.2037	0.1761	0.2209		
		0.2867	0.2869	0.3264	0.3131	0.2569	0.2547	0.2063	0.1801	0.2271	0.209	0.2111	0.2441		0.1978	0.1927	0.2198	0.2168	0.189	0.1687	0.149	0.1387	0.1633	0.1569	0.1551	0.1722		
		
~End
Copyright © 2003 Molecular Devices. All rights reserved.
