##BLOCKS= 1          
Plate:	Plate#1	1.3	PlateFormat	Endpoint	Absorbance	Raw	FALSE	1						2	490 750	1	12	96	1	8	None	
	Temperature(¡C)	1	2	3	4	5	6	7	8	9	10	11	12		1	2	3	4	5	6	7	8	9	10	11	12		
	23.70	0.2052	1.0721	0.3074	2.4741	0.2428	0.2903	0.8311	0.3814	1.3239	0.301	2.8168	2.2103		0.152	0.7276	0.2283	1.4894	0.1886	0.215	0.4965	0.2741	0.834	0.2429	0.9798	1.3382		
		0.5814	2.003	1.8557	0.3824	2.143	0.3056	1.8706	1.2224	2.4055	0.4417	0.6542	1.8873		0.4702	1.5397	1.1551	0.2866	1.3065	0.2121	1.1901	0.7792	1.3742	0.2963	0.4868	1.1911		
		1.0993	0.1559	0.5863	0.9991	1.0395	2.0323	1.3363	2.2072	1.9548	1.6182	1.9236	1.9642		0.6939	0.1206	0.3776	0.6456	0.6527	1.2215	0.7702	1.2892	1.3037	1.1833	1.2986	1.2336		
		2.1697	2.1563	2.0397	2.1695	0.4446	1.9621	0.9178	2.0298	1.8951	1.1754	1.9093	1.6415		1.4038	1.3212	1.3103	1.2866	0.2956	1.1805	0.6033	1.2575	1.2398	0.8248	1.2234	0.9435		
		0.7803	1.4512	2.2195	0.707	0.7099	2.4388	1.9643	0.393	2.2049	2.023	0.2518	2.1351		0.3564	0.7145	1.3508	0.4872	0.4586	1.5055	1.3073	0.2719	1.3411	1.299	0.1802	1.1607		
		1.4817	0.8601	1.6478	2.0011	1.5251	1.6446	0.9185	0.3431	0.4426	1.7692	1.0114	1.7429		1.0049	0.5052	0.8185	0.9711	0.6872	0.6424	0.5294	0.2226	0.2895	0.8779	0.4913	0.8238		
		1.1377	1.3559	0.6619	1.1447	1.3344	0.9428	0.4606	0.8071	0.5367	0.4339	0.7622	1.104		0.4737	1.0271	0.4335	0.6081	0.7932	0.5834	0.3362	0.5895	0.404	0.2897	0.4982	0.7543		
		0.6139	0.6121	1.9528	1.2461	1.2857	0.5468	0.2665	0.2926	0.3391	0.2913	0.2699	0.2429		0.4082	0.4098	1.1694	0.7439	0.7738	0.3754	0.1937	0.1817	0.2315	0.207	0.1935	0.1722		
		
~End
Copyright © 2003 Molecular Devices. All rights reserved.
