##BLOCKS= 1          
Plate:	Plate#1	1.3	PlateFormat	Endpoint	Absorbance	Raw	FALSE	1						2	490 750	1	12	96	1	8	None	
	Temperature(¡C)	1	2	3	4	5	6	7	8	9	10	11	12		1	2	3	4	5	6	7	8	9	10	11	12		
	23.70	0.1906	0.9219	0.2231	2.525	0.2271	0.3532	1.2731	0.4567	1.4024	0.2764	3.1585	2.1099		0.1549	0.6374	0.1661	1.5027	0.1747	0.2621	0.7867	0.3179	0.8733	0.2215	0.9671	1.3078		
		0.4802	2.0832	2.0375	0.3033	2.0398	0.2391	1.8159	1.1637	2.2962	0.4322	0.2416	2.1233		0.3722	1.5703	1.2241	0.1981	1.246	0.1688	1.1264	0.7495	1.3468	0.2996	0.143	1.3251		
		1.1154	0.1364	0.6102	0.6705	1.2753	1.8952	1.522	2.3464	1.8578	1.6549	1.7503	2.0169		0.7401	0.1051	0.3951	0.4674	0.7893	1.1174	0.8566	1.3629	1.2945	1.1891	1.1833	1.2455		
		1.9629	2.1801	2.1212	2.3051	0.514	2.1467	0.7134	1.805	1.7188	0.9803	1.7858	2.0674		1.2848	1.3286	1.3437	1.3813	0.3626	1.3141	0.4787	1.0567	1.0981	0.6731	1.1198	1.1525		
		0.8026	0.8566	2.122	0.6716	0.9051	2.3091	1.9367	0.408	2.1032	1.9025	0.2752	2.4021		0.3163	0.4157	1.3139	0.4691	0.5743	1.3999	1.2499	0.2967	1.2756	1.2279	0.1914	1.302		
		1.4908	0.8406	1.1439	1.7963	1.5801	1.7485	0.8691	0.3448	0.3627	1.1304	1.2946	2.2105		1.0533	0.5288	0.6567	0.8812	0.7018	0.7473	0.4776	0.2341	0.247	0.545	0.6781	1.1444		
		1.2615	1.5458	0.5335	1.0167	1.0423	1.3659	0.3705	0.6488	0.986	0.4897	0.7471	1.7786		0.5397	1.0902	0.3498	0.5294	0.5954	0.9581	0.2586	0.4493	0.7478	0.3298	0.4668	1.1445		
		0.6039	0.4234	1.9685	1.5666	1.2224	0.452	0.221	0.2729	0.3394	0.2355	0.3759	0.2561		0.455	0.3165	1.0757	0.9388	0.8252	0.284	0.1588	0.1779	0.2376	0.1698	0.2764	0.1771		
		
~End
Copyright © 2003 Molecular Devices. All rights reserved.
