##BLOCKS= 1          
Plate:	Plate#1	1.3	PlateFormat	Endpoint	Absorbance	Raw	FALSE	1						2	490 750	1	12	96	1	8	None	
	Temperature(¡C)	1	2	3	4	5	6	7	8	9	10	11	12		1	2	3	4	5	6	7	8	9	10	11	12		
	23.50	0.2618	0.5996	0.405	0.7448	0.2465	0.2368	0.4023	0.2482	1.4667	0.2214	1.2445	1.0988		0.1855	0.4377	0.312	0.5443	0.1905	0.1876	0.2627	0.1826	1.2002	0.173	0.6177	0.8008		
		0.6109	0.2981	1.2359	0.1765	1.3408	0.218	1.2483	1.208	1.1758	0.4102	0.169	1.5303		0.4502	0.2074	0.9164	0.14	1.0617	0.1673	0.9896	0.9218	0.8836	0.2918	0.1223	1.1402		
		0.6108	0.1498	0.2538	0.2355	0.9182	0.2117	0.3773	1.3226	0.4071	1.7065	1.1963	1.7297		0.4275	0.1188	0.1888	0.173	0.6731	0.1581	0.2937	1.0641	0.3078	1.4453	0.8878	1.3839		
		1.5474	1.7796	1.4764	1.305	0.302	0.3635	0.3519	0.5006	1.2988	0.2042	1.5685	1.4445		1.1743	1.4029	1.1648	0.9744	0.2242	0.2746	0.2601	0.3394	0.9949	0.1514	1.2694	1.1072		
		0.4334	1.5886	0.2565	0.6443	0.6652	1.1286	1.3838	0.2534	1.5482	1.4241	0.2075	1.631		0.2049	0.926	0.1917	0.4711	0.5132	0.8885	1.091	0.1977	1.2431	1.148	0.1596	1.2218		
		0.3224	1.0777	2.0958	0.6067	0.2572	0.3184	0.345	0.3808	0.2273	1.4642	0.4069	1.3354		0.2253	0.6941	1.28	0.407	0.2011	0.223	0.2119	0.2665	0.1702	0.8172	0.2699	0.7186		
		0.2221	0.1804	0.3437	1.7341	0.2351	0.3144	0.2619	0.1624	0.2386	0.2511	0.2324	0.5431		0.1598	0.1391	0.2549	1.0916	0.1794	0.2326	0.1988	0.1255	0.1697	0.182	0.1646	0.3632		
		0.2262	0.2966	0.2259	0.3183	0.3095	0.2023	0.1826	0.1645	0.2097	0.1982	0.1509	0.2304		0.1843	0.2106	0.1653	0.2154	0.2277	0.1499	0.1391	0.1206	0.1496	0.1473	0.1183	0.1642		
		
~End
Copyright © 2003 Molecular Devices. All rights reserved.
