##BLOCKS= 1          
Plate:	Plate#1	1.3	PlateFormat	Endpoint	Absorbance	Raw	FALSE	1						2	490 750	1	12	96	1	8	None	
	Temperature(¡C)	1	2	3	4	5	6	7	8	9	10	11	12		1	2	3	4	5	6	7	8	9	10	11	12		
	22.90	0.5219	1.977	0.4056	3.0863	0.2867	1.8553	2.2685	1.1264	1.82	2.9644	2.3126	2.3304		0.2508	0.9513	0.2092	1.6946	0.1499	1.1728	1.0148	0.6096	0.8687	1.7688	0.6484	0.9736		
		0.3781	0.3452	3.2488	2.8032	2.6352	1.9837	2.6619	2.0166	2.4708	2.3301	2.3934	3.2478		0.2949	0.2034	1.4532	1.2083	0.9975	1.0639	1.3478	0.9318	1.2188	1.0298	1.3658	1.5217		
		1.5955	0.1713	2.4686	2.5973	2.4881	2.2477	2.7416	2.9986	2.565	1.7428	3.1918	3.1537		0.8509	0.1353	0.7726	1.2536	0.7554	0.892	0.9846	1.5502	1.1088	0.9337	1.5304	1.371		
		2.5653	2.9245	2.6731	3.1803	1.2087	2.9102	0.6273	2.9571	1.4202	1.2279	3.0677	3.0534		1.354	1.3483	1.397	1.554	0.6134	1.4701	0.2701	1.2312	0.6918	0.5341	1.4576	1.5987		
		1.5108	1.0057	0.5237	2.6012	2.1501	2.7096	2.8933	0.6525	2.8152	0.4307	0.5606	2.7476		0.5702	0.4706	0.2865	1.2048	1.0607	1.4069	1.5365	0.3157	1.5073	0.2218	0.2757	1.306		
		2.5567	1.7028	2.5766	1.6035	1.9744	2.1145	2.2923	0.6848	1.0489	2.9676	2.2172	2.4773		1.3263	0.5562	0.9293	0.8689	1.1526	0.8794	0.9201	0.267	0.4691	1.0699	0.6858	0.9957		
		1.828	2.0553	1.5803	2.5062	2.3393	0.4093	0.7077	2.6239	1.973	1.9062	2.3229	1.5918		0.7671	1.1257	0.8923	0.6937	1.1539	0.256	0.3717	1.2472	0.9419	0.8145	0.9014	0.6958		
		0.586	2.1243	0.5998	1.461	0.3949	2.0296	0.3311	0.3952	2.0241	0.3196	0.3344	0.4116		0.2716	0.9071	0.312	0.5285	0.2576	0.8227	0.1916	0.1773	0.9211	0.1944	0.1959	0.2326		
		
~End
Copyright © 2003 Molecular Devices. All rights reserved.
