##BLOCKS= 1          
Plate:	Plate#1	1.3	PlateFormat	Endpoint	Absorbance	Raw	FALSE	1						2	490 750	1	12	96	1	8	None	
	Temperature(¡C)	1	2	3	4	5	6	7	8	9	10	11	12		1	2	3	4	5	6	7	8	9	10	11	12		
	23.40	0.2884	1.4911	0.2625	2.8871	0.3078	0.502	1.4921	0.4184	2.2034	0.3296	2.6492	2.5496		0.1917	0.9214	0.1668	1.3856	0.2044	0.2982	0.7313	0.2599	1.0828	0.2524	0.7445	1.3534		
		0.5966	0.9188	1.9754	0.3705	2.0598	0.474	1.875	1.2183	2.4052	0.6695	0.736	1.9948		0.4799	0.6468	1.1007	0.2279	1.0413	0.2946	1.0815	0.7078	1.1154	0.4139	0.5423	1.0715		
		1.5716	0.1584	0.7791	1.6345	1.4934	2.0009	1.549	2.6729	2.0026	2.3275	2.3105	2.2238		0.8023	0.1168	0.4122	1.0091	0.7487	1.0052	0.6624	1.2915	1.3045	1.3325	1.3683	1.2085		
		2.0965	2.4852	2.4564	2.5229	0.5344	2.1987	0.9847	2.1926	2.2898	0.9403	2.584	1.8544		1.2724	1.3669	1.2797	1.3019	0.2968	1.2663	0.5701	1.06	1.1633	0.5112	1.228	0.9235		
		0.9024	2.1599	0.45	0.5273	1.0867	1.8548	2.2477	1.031	2.7836	2.2349	0.3335	1.851		0.3086	0.8532	0.2918	0.326	0.6683	1.0732	1.154	0.5412	1.4125	1.1334	0.2058	0.9405		
		1.5178	0.9389	1.8641	2.2389	1.7758	1.9934	1.2959	0.3628	0.5162	1.4671	1.6185	1.6588		0.9479	0.4526	0.7268	0.9361	0.6947	0.7547	0.6481	0.234	0.2921	0.6979	0.6865	0.569		
		1.4522	1.8209	0.571	1.8151	1.4972	1.2228	0.5885	1.4932	0.9553	0.9562	0.7163	0.7521		0.4597	1.1037	0.3553	0.6434	0.7276	0.7605	0.3747	0.9282	0.6374	0.5705	0.4143	0.4398		
		0.7356	0.6053	1.3701	1.6088	0.9478	0.5758	0.2888	0.3614	0.3368	0.2132	0.245	0.2541		0.4587	0.3823	0.7027	0.8756	0.5471	0.3371	0.1688	0.2146	0.2189	0.1474	0.1615	0.1613		
		
~End
Copyright © 2003 Molecular Devices. All rights reserved.
