##BLOCKS= 1          
Plate:	Plate#1	1.3	PlateFormat	Endpoint	Absorbance	Raw	FALSE	1						2	490 750	1	12	96	1	8	None	
	Temperature(¡C)	1	2	3	4	5	6	7	8	9	10	11	12		1	2	3	4	5	6	7	8	9	10	11	12		
	23.40	0.3879	1.5547	0.3847	2.9347	0.2792	0.3919	1.2273	0.3859	1.6722	0.3065	2.9376	2.6294		0.2393	0.9987	0.2243	1.3866	0.1829	0.2365	0.62	0.2465	0.8317	0.2259	0.8466	1.4226		
		0.6423	1.0407	1.9299	0.2792	2.1737	0.2949	1.9624	1.1735	2.6172	0.6543	0.4989	1.9389		0.508	0.7255	1.0972	0.1672	1.0955	0.1864	1.1436	0.6705	1.3109	0.4001	0.338	1.0164		
		1.5424	0.1554	0.8204	1.6209	1.376	1.9756	1.4937	2.7224	1.8656	2.0712	2.1841	2.3179		0.8109	0.115	0.4747	0.9463	0.6949	1.0383	0.6806	1.2847	1.2266	1.1012	1.3183	1.2335		
		2.2243	2.5344	2.4697	2.6525	0.4687	2.3711	1.1509	2.1636	1.7526	1.0106	2.3878	1.9075		1.3617	1.4152	1.2282	1.3057	0.2623	1.325	0.6733	1.0604	0.9483	0.5463	1.158	0.9724		
		0.8054	1.4261	0.3085	0.5764	0.8419	1.8934	2.4144	0.838	2.6955	2.4599	0.3398	2.4736		0.2975	0.6018	0.1904	0.3547	0.5165	1.0967	1.2795	0.4489	1.3966	1.3492	0.216	1.2113		
		1.4931	1.0557	1.5021	1.9234	1.6691	2.1664	1.2505	0.4267	0.5725	1.0613	1.2645	1.858		0.9622	0.522	0.5607	0.7937	0.6467	0.8721	0.5989	0.2735	0.3185	0.4816	0.5048	0.6668		
		1.6599	1.7706	0.6362	1.3467	1.7239	0.9335	0.4882	1.2006	0.856	0.6133	1.4108	0.8975		0.5812	1.1134	0.3952	0.517	0.8548	0.6027	0.3033	0.7406	0.5591	0.3272	0.8559	0.5531		
		0.6278	0.7012	1.1503	0.9934	0.8261	1.023	0.2706	0.2994	0.2643	0.2437	0.2464	0.3707		0.3673	0.4201	0.6012	0.5663	0.4773	0.6499	0.1649	0.178	0.1672	0.1704	0.1623	0.2233		
		
~End
Copyright © 2003 Molecular Devices. All rights reserved.
