##BLOCKS= 1          
Plate:	Plate#1	1.3	PlateFormat	Endpoint	Absorbance	Raw	FALSE	1						2	490 750	1	12	96	1	8	None	
	Temperature(¡C)	1	2	3	4	5	6	7	8	9	10	11	12		1	2	3	4	5	6	7	8	9	10	11	12		
	23.60	0.3099	1.7586	0.3014	2.7535	0.3331	1.0544	1.1931	0.594	2.1126	1.8333	2.0949	1.8697		0.1833	0.7992	0.1722	1.2963	0.1883	0.6425	0.5402	0.3387	1.0551	1.3558	0.7188	1.225		
		0.5008	1.9648	2.0482	2.2975	1.9873	0.6402	1.8943	0.9545	2.0334	0.626	1.9866	1.8403		0.3756	1.5199	1.1932	1.4177	1.3453	0.3317	1.1715	0.613	1.2481	0.364	1.0649	1.1726		
		0.3489	0.4567	1.1978	2.4163	1.5722	2.148	2.295	2.1115	1.7635	1.7019	1.4746	2.056		0.2045	0.2366	0.7019	1.3551	0.8459	1.0415	0.9022	1.2794	1.1998	1.0387	0.9879	1.2231		
		2.1061	2.1195	1.8451	2.3446	0.7236	1.9828	0.7043	2.1392	0.9337	0.4831	1.9405	2.2869		1.2814	1.2537	1.1388	1.3361	0.4163	1.2232	0.3905	1.2884	0.5207	0.2796	1.0127	1.0322		
		0.8043	1.7879	2.2317	2.5464	2.5301	2.132	2.1831	0.378	2.0393	2.1963	0.3356	1.8977		0.3459	0.5549	1.3174	1.3585	1.4054	1.3073	1.2119	0.213	1.2022	1.1735	0.1841	1.0058		
		0.4409	1.2974	2.233	2.0726	2.1033	3.2207	2.0441	0.3777	0.5623	1.9189	1.799	1.7773		0.2779	0.4793	0.7439	0.8583	0.8588	0.9465	0.7328	0.253	0.2879	0.7312	0.5579	0.7101		
		1.5501	1.8097	0.6102	1.8879	1.8131	1.853	0.3967	0.6436	0.4959	0.5287	0.6649	0.7058		0.61	1.0478	0.338	0.5507	0.8475	0.8568	0.2398	0.3438	0.2883	0.286	0.3226	0.3459		
		0.3556	0.4629	1.0175	0.4852	0.3918	0.5942	0.4136	0.3855	0.3449	0.2826	0.3146	0.3081		0.1738	0.2402	0.4955	0.2336	0.2699	0.2622	0.2128	0.2297	0.1873	0.1697	0.1694	0.17		
		
~End
Copyright © 2003 Molecular Devices. All rights reserved.
