##BLOCKS= 1          
Plate:	Plate#1	1.3	PlateFormat	Endpoint	Absorbance	Raw	FALSE	1						2	490 750	1	12	96	1	8	None	
	Temperature(¡C)	1	2	3	4	5	6	7	8	9	10	11	12		1	2	3	4	5	6	7	8	9	10	11	12		
	23.60	0.3369	1.7806	0.3201	2.5215	0.3086	0.8733	1.2139	0.6499	2.0762	1.7675	2.2143	1.9545		0.1828	0.8115	0.1816	1.13	0.1806	0.524	0.5539	0.3753	1.0428	1.2914	0.707	1.2937		
		0.6763	1.9589	2.0915	2.1738	1.8889	0.5566	1.8301	1.02	2.0562	0.5187	2.0326	1.8474		0.5243	1.5315	1.2382	1.3572	1.255	0.2868	1.138	0.6514	1.2413	0.2991	1.0836	1.1771		
		0.3586	0.3967	1.1617	2.347	1.668	2.3329	2.1965	2.0397	1.6609	1.6865	1.4727	2.1968		0.202	0.2118	0.6805	1.3126	0.883	1.1314	0.8569	1.2602	1.0964	0.9825	0.9249	1.3139		
		2.1078	2.0808	1.8386	2.2796	0.6899	2.0026	0.7019	1.9865	0.9203	0.5801	2.0946	2.3151		1.2652	1.2339	1.1294	1.2688	0.4013	1.2439	0.3794	1.1909	0.5008	0.3328	1.1406	1.0213		
		0.6755	1.9027	2.1742	2.6555	2.599	2.1049	2.3059	0.3515	2.0435	1.9519	0.353	1.9948		0.3046	0.5913	1.2887	1.4263	1.4396	1.2541	1.295	0.2002	1.1898	0.993	0.1882	1.0471		
		0.4373	1.2985	1.958	2.3314	1.9792	3.2918	1.6969	0.3921	0.4344	2.3595	1.9421	2.2881		0.2892	0.4676	0.6118	0.9985	0.7663	1.0251	0.5774	0.2613	0.2328	0.8824	0.6274	0.8339		
		1.4995	1.7609	0.7137	1.8804	1.8847	1.7811	0.4061	0.6862	0.5072	0.5303	0.6778	0.6652		0.5582	1.0587	0.4123	0.5588	0.8789	0.8304	0.2414	0.3656	0.2975	0.2759	0.3325	0.3168		
		0.5103	0.5183	0.8875	0.5013	0.3647	0.6004	0.3974	0.3671	0.3401	0.2855	0.3041	0.347		0.2633	0.2636	0.433	0.2332	0.2525	0.269	0.2029	0.2073	0.184	0.171	0.1671	0.1906		
		
~End
Copyright © 2003 Molecular Devices. All rights reserved.
