##BLOCKS= 1          
Plate:	Plate#1	1.3	PlateFormat	Endpoint	Absorbance	Raw	FALSE	1						2	490 750	1	12	96	1	8	None	
	Temperature(¡C)	1	2	3	4	5	6	7	8	9	10	11	12		1	2	3	4	5	6	7	8	9	10	11	12		
	23.60	0.3598	1.8173	0.3639	2.6277	0.3512	0.9631	1.2573	0.648	1.9531	1.8779	1.8015	2.0082		0.2043	0.8098	0.2035	1.245	0.2021	0.5833	0.5579	0.3659	0.985	1.3897	0.5937	1.3143		
		0.6433	1.9853	2.1703	2.124	1.9143	0.6001	1.9511	1.0225	2.16	0.5338	1.9773	2.02		0.5069	1.5303	1.2762	1.4497	1.2788	0.3116	1.243	0.6672	1.3473	0.3082	1.0784	1.3318		
		0.4154	0.5558	1.2923	2.4386	1.7551	2.2067	1.9332	2.1519	1.64	1.6468	1.5067	2.2932		0.2451	0.2867	0.7542	1.3567	0.9199	1.0761	0.7352	1.3267	1.1161	1.0385	0.9972	1.367		
		2.1632	2.1731	1.9114	2.4245	0.73	1.9919	0.7393	1.9084	0.9435	0.5282	2.1738	2.2681		1.2641	1.341	1.1925	1.3475	0.4249	1.2352	0.4124	1.1674	0.5145	0.3001	1.1646	1.0523		
		0.834	1.726	2.1607	2.78	2.4197	2.2185	2.3067	0.3472	2.1096	2.0923	0.3322	2.1694		0.3594	0.5284	1.2685	1.4617	1.3529	1.3573	1.2836	0.1963	1.224	1.1043	0.1836	1.1431		
		0.4567	1.3216	2.1065	2.263	2.1273	3.287	1.6639	0.4171	0.4851	1.9486	1.7853	1.8945		0.2443	0.4981	0.6951	0.9742	0.8538	1.0464	0.6024	0.2809	0.2508	0.7692	0.5791	0.7194		
		1.8068	1.8664	0.6752	1.7585	1.7602	1.8861	0.4541	0.6806	0.5266	0.4568	0.7346	0.6531		0.7267	1.1279	0.3949	0.5418	0.8597	0.7932	0.2661	0.3635	0.299	0.2538	0.344	0.3159		
		0.4134	0.5436	0.8136	0.4809	0.3195	0.6431	0.3955	0.4172	0.3321	0.2924	0.2936	0.3132		0.2153	0.2917	0.4	0.2191	0.222	0.2816	0.2076	0.216	0.1828	0.1706	0.162	0.1862		
		
~End
Copyright © 2003 Molecular Devices. All rights reserved.
