##BLOCKS= 1          
Plate:	Plate#1	1.3	PlateFormat	Endpoint	Absorbance	Raw	FALSE	1						2	490 750	1	12	96	1	8	None	
	Temperature(¡C)	1	2	3	4	5	6	7	8	9	10	11	12		1	2	3	4	5	6	7	8	9	10	11	12		
	23.30	0.4198	1.422	0.2815	2.5363	0.2241	1.2699	1.1018	0.2737	1.5551	1.0431	1.3465	1.5331		0.2412	0.9156	0.1987	1.5296	0.1828	0.9319	0.7156	0.2017	1.1887	0.8776	0.9524	1.1478		
		0.6433	0.3196	1.7089	1.5243	1.1369	1.0499	1.9716	0.924	1.4887	0.3266	1.4239	1.6035		0.4944	0.2396	1.3057	0.9912	0.8261	0.6858	1.0153	0.674	1.1033	0.2487	1.0409	1.2033		
		0.3615	0.1978	1.6971	1.628	1.5684	1.4099	2.0128	2.4462	2.2419	2.5342	1.6918	2.0332		0.2271	0.1568	0.6882	1.2253	1.0541	1.0435	0.8815	1.7014	1.5379	1.5985	1.2039	1.3786		
		1.8263	1.8707	1.6098	1.4537	0.3826	0.4068	0.945	2.4842	2.0943	0.4447	1.8229	2.1557		1.379	1.4488	1.177	1.0524	0.2691	0.293	0.667	1.2954	1.5527	0.3186	1.2493	1.4342		
		1.244	1.2012	0.3064	2.0627	0.619	2.0022	1.5178	0.4503	1.8445	2.1873	0.3702	1.5746		0.879	0.8605	0.2199	1.3912	0.4476	1.32	1.0302	0.3153	1.333	1.4362	0.2453	1.1798		
		0.768	0.7017	0.8054	1.063	1.4291	2.0776	0.765	0.5581	0.3637	0.4046	0.6194	1.9211		0.5621	0.4926	0.5768	0.7412	1.0612	1.287	0.4075	0.4159	0.2565	0.2753	0.4291	0.6571		
		0.6106	1.2708	0.6652	0.8951	0.6722	1.1466	0.8511	1.6743	2.2713	0.5083	0.6296	2.1171		0.3294	0.8167	0.5024	0.6082	0.3749	0.6911	0.5545	0.8813	1.0279	0.3286	0.345	1.0629		
		0.6875	0.4246	2.5952	0.6359	0.54	2.1461	0.2901	0.2057	0.9773	0.2924	0.3513	0.3197		0.415	0.2874	1.1638	0.4335	0.4167	0.9848	0.166	0.1518	0.5624	0.2042	0.2362	0.2088		
		
~End
Copyright © 2003 Molecular Devices. All rights reserved.
