##BLOCKS= 1          
Plate:	Plate#1	1.3	PlateFormat	Endpoint	Absorbance	Raw	FALSE	1						2	490 750	1	12	96	1	8	None	
	Temperature(¡C)	1	2	3	4	5	6	7	8	9	10	11	12		1	2	3	4	5	6	7	8	9	10	11	12		
	23.30	0.272	1.688	0.3508	2.4284	0.1848	1.7767	1.2307	0.4365	1.5994	1.0145	1.9981	1.3576		0.1994	0.9874	0.247	1.4193	0.1511	1.3524	0.8724	0.3506	1.2403	0.8354	1.4473	1.033		
		0.5844	0.3099	1.6119	2.2373	1.5666	0.9566	2.4446	1.1417	1.4594	0.3411	2.197	1.3229		0.4532	0.2365	1.1881	1.5322	1.1804	0.645	1.3483	0.859	1.0981	0.2555	1.5675	0.9449		
		0.4885	0.1789	2.0745	2.0016	1.5117	1.8053	1.5743	2.3351	2.0488	2.0574	2.2942	1.6619		0.2821	0.1345	0.8819	1.4367	0.9741	1.2617	0.649	1.6465	1.4524	1.419	1.6404	1.2281		
		2.2571	1.4295	1.7824	1.7348	0.3685	0.4877	0.8474	1.5328	2.0323	0.3224	2.0488	1.9621		1.6625	1.0844	1.2659	1.2205	0.2698	0.3881	0.5973	1.0991	1.4291	0.2332	1.4917	1.3521		
		1.0633	0.9188	0.2348	2.3487	0.956	1.9219	2.0953	0.2004	2.454	2.2443	0.2929	1.5373		0.808	0.6379	0.1698	1.6096	0.7431	1.2551	1.4101	0.1522	1.6186	1.464	0.1983	1.1381		
		0.476	0.7792	0.7213	1.3485	1.1737	2.1155	0.4798	0.6606	0.4025	0.4767	0.5849	2.121		0.3549	0.5557	0.5235	0.9475	0.8461	1.1273	0.2272	0.5044	0.2817	0.3253	0.401	0.7585		
		1.0617	1.4681	0.4536	1.0536	1.4601	1.0815	1.4342	1.8543	1.6954	0.4562	0.565	1.4656		0.7375	0.9828	0.3413	0.7396	0.7932	0.5983	1.0244	1.0516	0.7362	0.2949	0.3409	0.6802		
		0.743	0.4142	2.2429	0.7313	0.6338	2.5093	0.3439	0.2928	1.4255	1.0389	0.3581	0.3036		0.451	0.2787	1.1375	0.5093	0.492	1.1187	0.1887	0.2256	0.9307	1.0006	0.2561	0.2054		
		
~End
Copyright © 2003 Molecular Devices. All rights reserved.
