##BLOCKS= 1          
Plate:	Plate#1	1.3	PlateFormat	Endpoint	Absorbance	Raw	FALSE	1						2	490 750	1	12	96	1	8	None	
	Temperature(¡C)	1	2	3	4	5	6	7	8	9	10	11	12		1	2	3	4	5	6	7	8	9	10	11	12		
	23.30	0.45	1.6215	0.3626	2.5121	0.2165	1.6246	2.0334	0.3354	1.9024	1.1733	1.9841	1.7		0.3088	0.9355	0.2684	1.505	0.1835	1.1913	1.4915	0.2533	1.4971	0.9925	1.4624	1.2716		
		0.5726	0.2325	1.3999	1.7321	1.3993	1.0713	2.2131	1.421	2.0441	0.438	1.8216	1.5948		0.4307	0.1713	1.0149	1.088	1.0278	0.7042	1.5103	1.0861	1.5611	0.3227	1.3309	1.1941		
		0.4654	0.1651	1.8307	1.696	1.3983	1.7661	2.05	2.5113	2.4284	2.257	1.7776	2.0018		0.3063	0.1255	0.8893	1.2455	0.9222	1.221	0.8583	1.7651	1.6582	1.4088	1.2494	1.3319		
		1.7837	1.6192	1.5314	1.5912	0.4561	0.2978	0.9308	2.3391	1.6859	0.2408	1.72	1.6526		1.425	1.2742	1.0834	1.1693	0.3298	0.2191	0.6699	1.219	1.2623	0.1829	1.212	1.0684		
		1.3218	0.6448	0.2084	1.6441	0.7207	2.7001	2.1474	0.3225	2.3444	1.9712	0.3277	1.5493		0.991	0.4519	0.1613	1.1498	0.5477	1.6407	1.4372	0.248	1.5738	1.304	0.2316	1.1616		
		0.6369	1.2146	1.2409	1.2238	0.3841	2.0657	0.503	0.5008	0.3713	0.5064	0.7945	2.4221		0.439	0.9169	0.9994	0.8982	0.2791	1.1628	0.2519	0.3743	0.2673	0.3574	0.57	1.0448		
		0.7548	2.2571	0.4905	0.7206	0.7248	1.8331	0.8956	1.8909	1.1142	0.2941	0.6024	1.7576		0.5035	1.5723	0.3654	0.4918	0.3771	1.0492	0.6035	0.9686	0.4996	0.1916	0.3494	0.848		
		0.9346	0.452	2.488	0.5534	0.5042	1.3808	0.3166	0.2044	0.9855	1.2939	0.216	0.2645		0.6059	0.3168	1.172	0.3795	0.3685	0.7228	0.1899	0.1353	0.5985	1.2319	0.1546	0.1747		
		
~End
Copyright © 2003 Molecular Devices. All rights reserved.
