##BLOCKS= 1          
Plate:	Plate#1	1.3	PlateFormat	Endpoint	Absorbance	Raw	FALSE	1						2	490 750	1	12	96	1	8	None	
	Temperature(¡C)	1	2	3	4	5	6	7	8	9	10	11	12		1	2	3	4	5	6	7	8	9	10	11	12		
	23.60	0.3954	1.3499	0.4502	2.7626	0.387	1.4586	0.5624	1.1644	1.714	1.6634	1.4535	1.6981		0.2303	0.9297	0.2837	1.7782	0.2401	1.015	0.3414	0.8474	1.1891	1.2232	0.3636	1.2311		
		0.5689	2.159	1.5919	1.0528	1.6731	0.57	1.5751	1.4108	1.6523	0.9186	1.2806	1.7201		0.4389	1.6157	1.202	0.6924	1.2027	0.376	1.1571	0.9839	1.2559	0.616	0.8955	1.2532		
		1.7206	0.1489	1.6258	1.492	1.1456	1.5377	1.4276	1.8829	1.8133	1.5344	1.6903	1.5314		1.0429	0.1175	1.1116	1.0639	0.7916	1.1822	0.8845	1.3973	1.4625	1.0872	1.3021	1.1138		
		2.1224	2.1266	1.8226	1.5723	1.7093	1.7749	1.545	1.4359	1.5213	0.5371	1.9831	1.9439		1.4664	1.5804	1.3139	1.1976	1.1902	1.3617	1.0735	1.0035	1.1181	0.3383	1.455	1.39		
		0.504	0.8869	0.3439	2.4121	1.2115	1.6224	1.4241	0.3999	1.6225	1.7095	0.37	2.0027		0.272	0.3743	0.2156	1.6801	0.8904	1.2249	1.0253	0.2747	1.2453	1.2808	0.2473	1.3649		
		0.7983	1.0012	2.0648	1.9683	0.4592	1.3647	1.9602	0.3167	0.5525	1.422	1.7869	1.769		0.546	0.6514	0.9074	1.2193	0.3026	0.9084	0.9022	0.2266	0.3716	0.7414	0.8531	0.7246		
		1.6614	2.3441	1.087	1.9178	1.8373	0.2643	0.5161	2.2743	0.4924	0.6768	0.7837	1.3317		0.8299	1.5597	0.7747	0.8747	1.0518	0.1882	0.3379	1.3082	0.2872	0.3691	0.4295	0.7058		
		0.3144	1.115	1.0367	0.5461	0.5294	0.5556	0.3116	0.4002	0.5346	0.2629	0.379	0.3402		0.2166	0.7048	0.5353	0.3877	0.3926	0.3702	0.2195	0.2284	0.2886	0.17	0.2222	0.2077		
		
~End
Copyright © 2003 Molecular Devices. All rights reserved.
