##BLOCKS= 1          
Plate:	Plate#1	1.3	PlateFormat	Endpoint	Absorbance	Raw	FALSE	1						2	490 750	1	12	96	1	8	None	
	Temperature(¡C)	1	2	3	4	5	6	7	8	9	10	11	12		1	2	3	4	5	6	7	8	9	10	11	12		
	23.60	0.3666	1.1031	0.3438	2.7229	0.3907	1.6424	0.6431	1.0246	1.8739	1.438	1.6005	1.7239		0.2096	0.7719	0.2242	1.7172	0.2544	1.1266	0.388	0.7372	1.2809	1.0856	0.4824	1.2637		
		0.7254	1.7326	1.7005	1.0338	1.5633	0.5334	1.6957	1.1892	1.4461	0.8192	1.576	1.9232		0.5433	1.4036	1.29	0.6874	1.1431	0.3605	1.273	0.8183	1.0311	0.5426	1.1764	1.4391		
		1.9833	0.1538	1.5971	1.6592	1.228	1.4994	1.2957	2.0552	1.7996	1.6947	1.8603	1.6801		1.2328	0.1236	1.0909	1.1965	0.8842	1.1476	0.7982	1.5418	1.4592	1.2605	1.4444	1.208		
		2.1309	1.7813	1.5352	1.8331	1.4973	1.8847	1.579	1.3602	1.9547	0.3859	1.5759	1.9089		1.4911	1.3397	1.1146	1.4165	1.0296	1.4587	1.1174	0.9824	1.4995	0.2601	1.0652	1.36		
		0.6402	0.7479	0.318	2.4105	0.9758	1.6023	1.5312	0.3185	1.759	1.301	0.3563	1.9704		0.3748	0.317	0.2081	1.686	0.7402	1.1816	1.1405	0.2208	1.329	0.9499	0.2435	1.3648		
		0.7825	0.9222	2.6268	1.7168	0.5205	1.316	1.804	0.2952	0.4859	2.0025	1.8878	1.9369		0.548	0.6222	1.1823	1.0279	0.3459	0.8691	0.8507	0.2108	0.3289	0.9774	0.9085	0.8566		
		1.5708	2.5462	0.7575	1.0751	1.927	0.3126	0.6181	2.142	0.4832	0.6201	0.8705	1.3488		0.8718	1.7713	0.5362	0.5366	1.0726	0.221	0.4073	1.1064	0.3011	0.3586	0.4564	0.6424		
		0.3145	0.8664	1.3147	0.5836	0.3815	0.5561	0.3152	0.2784	0.4975	0.2703	0.242	0.3615		0.2055	0.5942	0.6796	0.4068	0.2778	0.3761	0.2242	0.1677	0.2775	0.1825	0.1596	0.224		
		
~End
Copyright © 2003 Molecular Devices. All rights reserved.
