##BLOCKS= 1          
Plate:	Plate#1	1.3	PlateFormat	Endpoint	Absorbance	Raw	FALSE	1						2	490 750	1	12	96	1	8	None	
	Temperature(¡C)	1	2	3	4	5	6	7	8	9	10	11	12		1	2	3	4	5	6	7	8	9	10	11	12		
	23.60	0.5293	1.2303	0.2837	2.9498	0.454	1.726	0.4467	1.0725	1.9322	1.2417	1.5712	1.7832		0.3031	0.8388	0.1921	2	0.2898	1.1039	0.2694	0.7647	1.2866	0.9453	0.5343	1.34		
		0.7074	1.7463	1.5686	1.2683	1.5978	0.6447	1.317	1.1558	1.5624	0.7471	1.4033	1.6635		0.5026	1.4084	1.1728	0.8411	1.1609	0.4367	0.964	0.8189	1.1392	0.4918	1.0423	1.247		
		2.1067	0.1714	1.4951	1.8376	1.0483	1.5904	1.5718	2.0251	1.8136	2.0303	1.6567	1.6085		1.315	0.1377	1.0337	1.3188	0.7561	1.1924	0.9107	1.5146	1.46	1.5127	1.2933	1.1878		
		2.2907	1.7353	1.9098	1.8543	2.0435	2.0553	1.8523	1.4364	1.7431	0.6101	1.5037	1.9631		1.606	1.3308	1.4334	1.4235	1.4743	1.5851	1.3449	1.0694	1.3273	0.3808	1.1112	1.4157		
		0.4806	1.0117	0.4468	2.4888	0.8378	1.6401	1.3844	0.3183	1.8859	1.5805	0.4583	2.0272		0.2614	0.4094	0.2878	1.7153	0.6056	1.2064	0.9854	0.2231	1.4269	1.1689	0.2945	1.3804		
		0.7176	0.9912	2.3875	1.9421	0.4487	1.2283	1.425	0.2799	0.6755	1.3388	2.1025	2.0686		0.4824	0.669	1.0548	1.2145	0.3049	0.8034	0.6873	0.2036	0.4547	0.713	0.9849	0.9705		
		2.0395	2.0716	0.5433	1.8735	1.5085	0.2895	0.7056	1.9898	0.4467	0.7765	0.8368	1.469		1.0176	1.3525	0.3794	0.8795	0.8681	0.2033	0.4786	1.0834	0.2823	0.4539	0.4159	0.6886		
		0.4245	0.9534	2.1529	0.4824	0.524	0.491	0.2782	0.3359	0.3501	0.3316	0.3513	0.4612		0.2957	0.6104	1.206	0.3377	0.3729	0.3312	0.1981	0.2049	0.2094	0.2186	0.2174	0.277		
		
~End
Copyright © 2003 Molecular Devices. All rights reserved.
