##BLOCKS= 1          
Plate:	Plate#1	1.3	PlateFormat	Endpoint	Absorbance	Raw	FALSE	1						2	490 750	1	12	96	1	8	None	
	Temperature(¡C)	1	2	3	4	5	6	7	8	9	10	11	12		1	2	3	4	5	6	7	8	9	10	11	12		
	23.20	0.3381	1.5809	0.3843	2.8216	0.4798	1.2095	0.39	0.9331	2.3743	0.5799	0.2922	2.9813		0.2523	1.0449	0.2742	1.9928	0.3422	0.9036	0.2392	0.692	1.726	0.4612	0.174	2.1241		
		0.6311	2.8837	2.5774	1.4011	2.6835	1.1964	3.0285	2.2239	2.3296	1.1462	0.5786	1.7719		0.4948	2.055	1.6846	0.9764	1.9284	0.8363	2.2821	1.6086	1.6474	0.791	0.4214	1.1806		
		0.6959	0.1998	1.6859	0.5852	1.9701	1.4343	1.8906	1.1594	0.9649	2.9491	2.5993	2.7424		0.5115	0.1653	1.1335	0.4374	1.1796	0.969	1.2584	0.772	0.6654	2.3731	1.8872	1.9954		
		3.0892	2.6079	3.0496	2.9558	0.8127	2.4513	1.0899	2.7231	2.9167	0.4788	2.3008	2.1298		2.537	1.7984	2.2312	2.2925	0.5554	1.7626	0.7132	1.9372	2.1845	0.329	1.6583	1.5243		
		0.7525	2.3496	0.3641	2.785	0.3982	2.8699	2.2989	0.4938	2.4252	2.6738	0.637	2.9243		0.4806	1.5667	0.2711	2.0659	0.3127	2.1631	1.5535	0.3559	1.6482	1.8681	0.4388	2.0946		
		1.7081	0.9363	1.9732	1.8109	1.3908	1.1309	1.3477	0.3683	0.7032	1.6893	1.4995	1.7583		1.1903	0.689	1.374	1.2053	0.9496	0.7668	0.846	0.2727	0.4699	0.8439	0.9952	1.1261		
		0.2479	0.7575	1.0573	1.7483	0.6057	1.1522	1.2079	1.7568	0.6918	0.7057	1.3939	1.2514		0.1793	0.5867	0.7764	1.1321	0.3825	0.785	0.7589	1.233	0.4661	0.4714	0.9468	0.7851		
		0.4531	1.7868	0.4659	1.8424	1.1184	0.8652	0.3297	0.2486	0.8025	0.3335	0.3845	0.2825		0.2893	1.2305	0.3049	1.2379	0.7362	0.5827	0.2284	0.1581	0.4485	0.2424	0.2701	0.1979		
		
~End
Copyright © 2003 Molecular Devices. All rights reserved.
