##BLOCKS= 1          
Plate:	Plate#1	1.3	PlateFormat	Endpoint	Absorbance	Raw	FALSE	1						2	490 750	1	12	96	1	8	None	
	Temperature(¡C)	1	2	3	4	5	6	7	8	9	10	11	12		1	2	3	4	5	6	7	8	9	10	11	12		
	23.30	0.227	1.8057	0.2068	2.7791	0.2532	0.3853	0.33	0.7348	2.4313	0.7613	1.1522	1.8084		0.17	1.0817	0.1545	1.7406	0.1928	0.2924	0.217	0.5283	1.6388	0.5282	0.5988	1.3144		
		0.6446	0.3989	2.2152	0.5299	1.7678	1.246	1.7302	1.3408	1.839	1.2596	2.8315	1.4657		0.5096	0.2624	1.5142	0.3241	1.2808	0.9494	1.283	0.8952	1.2136	0.9235	1.8002	1.0777		
		0.4927	0.1547	1.0768	0.6183	1.0545	1.1856	0.3881	1.0686	0.7955	2.1199	2.4321	2.1489		0.3046	0.1178	0.7832	0.4134	0.7609	0.9293	0.2849	0.71	0.5884	1.4299	1.6	1.5387		
		0.4018	1.5972	2.9568	2.1185	0.383	1.2009	0.4458	1.7479	2.3077	0.438	2.2506	2.1259		0.3024	1.1304	2.0755	1.4692	0.2766	0.9205	0.2694	1.2979	1.5638	0.3225	1.5723	1.3825		
		0.5984	2.0284	0.2874	0.4492	0.1966	2.76	2.7447	0.3791	2.5386	2.7136	0.6643	2.4636		0.384	0.7151	0.2134	0.3459	0.1484	2.0175	1.8916	0.2625	1.7094	1.8965	0.475	1.5326		
		1.3936	0.6436	1.7221	0.3479	1.3093	0.5079	0.8957	0.4088	0.3459	1.7697	1.7159	2.4089		1.0079	0.4189	0.9405	0.2568	0.927	0.3306	0.5775	0.2903	0.2548	0.9177	0.992	1.1162		
		1.3793	0.3733	2.3605	1.2989	2.8111	1.9525	0.321	0.54	0.3066	1.0156	0.7655	1.3342		0.7242	0.2775	1.2673	0.7038	1.898	1.3329	0.2187	0.3916	0.2095	0.6202	0.5601	0.9215		
		0.3535	0.3108	0.3428	0.2633	1.7219	0.249	0.2391	0.2984	0.2451	0.2203	0.2168	0.238		0.2396	0.216	0.2099	0.1924	1.3003	0.1795	0.1617	0.213	0.1764	0.1594	0.1613	0.1708		
		
~End
Copyright © 2003 Molecular Devices. All rights reserved.
