##BLOCKS= 1          
Plate:	Plate#1	1.3	PlateFormat	Endpoint	Absorbance	Raw	FALSE	1						2	490 750	1	12	96	1	8	None	
	Temperature(¡C)	1	2	3	4	5	6	7	8	9	10	11	12		1	2	3	4	5	6	7	8	9	10	11	12		
	23.30	0.2612	1.6367	0.2078	2.6014	0.2781	0.4182	0.2729	0.645	2.5003	0.7356	0.8764	1.5664		0.2013	0.9515	0.1575	1.3907	0.2132	0.3118	0.1738	0.4537	1.7197	0.4938	0.4601	1.135		
		0.5176	0.2651	2.2808	0.5036	1.7108	1.1735	1.9666	1.2978	1.7623	1.1308	2.98	1.6106		0.437	0.1981	1.5605	0.287	1.1977	0.8859	1.4456	0.8964	1.3193	0.7879	2.0485	1.1728		
		0.363	0.1677	1.1056	0.5071	1.2824	1.1385	0.3861	1.0921	0.7471	2.0536	2.4019	1.9689		0.2375	0.1255	0.7841	0.3489	0.9282	0.8752	0.2816	0.7256	0.5353	1.3577	1.5866	1.3966		
		0.485	1.568	2.6224	2.4155	0.3422	1.6263	0.4285	1.6727	2.5114	0.4267	2.2539	2.1889		0.3724	1.0771	1.862	1.6593	0.2496	1.2437	0.2304	1.2139	1.6865	0.317	1.5734	1.406		
		0.6401	1.9019	0.2763	0.5273	0.2014	2.4215	2.7118	0.3764	2.7908	2.5924	0.5339	2.5852		0.4147	0.6954	0.2059	0.393	0.1535	1.7559	1.8491	0.256	1.7596	1.771	0.3713	1.6058		
		1.2919	0.6536	1.8653	0.3218	1.3465	0.6162	0.9346	0.3489	0.358	1.9046	1.3266	2.0847		0.9804	0.4202	0.944	0.24	0.9144	0.3865	0.5998	0.2427	0.2618	0.9384	0.7124	0.8786		
		1.212	0.3335	2.3974	1.1425	1.9581	2.09	0.3449	0.5495	0.3208	0.9831	0.652	1.5137		0.6454	0.2514	1.2491	0.5826	1.2445	1.4055	0.2345	0.3918	0.2199	0.5813	0.4692	1.0784		
		0.3258	0.4213	0.4011	0.2632	1.7036	0.3133	0.2551	0.2221	0.254	0.2105	0.21	0.2264		0.2383	0.323	0.2367	0.1951	1.2612	0.2221	0.17	0.1564	0.1832	0.1543	0.1535	0.1615		
		
~End
Copyright © 2003 Molecular Devices. All rights reserved.
