##BLOCKS= 1          
Plate:	Plate#1	1.3	PlateFormat	Endpoint	Absorbance	Raw	FALSE	1						2	490 750	1	12	96	1	8	None	
	Temperature(¡C)	1	2	3	4	5	6	7	8	9	10	11	12		1	2	3	4	5	6	7	8	9	10	11	12		
	21.90	0.1657	0.2564	0.1643	0.6057	0.1782	0.1852	0.2633	0.1846	0.3613	0.2226	0.2471	1.0605		0.1376	0.1826	0.1384	0.4885	0.1524	0.1535	0.2068	0.144	0.2705	0.1811	0.1647	0.8725		
		0.7222	0.311	2.3587	0.1691	0.399	0.1725	0.5305	1.0604	1.0599	0.2043	0.1876	1.1488		0.5745	0.2404	1.6935	0.1406	0.3204	0.1406	0.3898	0.7714	0.8853	0.1685	0.1249	0.9393		
		0.307	0.1631	0.2165	0.1743	0.9868	0.4574	0.9287	0.2203	0.1905	0.4256	0.636	1.3572		0.2458	0.1367	0.1837	0.1507	0.758	0.3525	0.7138	0.1845	0.1589	0.3229	0.4503	1.04		
		0.1966	1.3834	0.7388	1.0952	0.1985	0.1765	0.1929	1.1602	0.3432	0.1493	0.2971	0.721		0.1625	1.1464	0.6201	0.9166	0.1701	0.1459	0.1562	0.981	0.2808	0.1173	0.2311	0.6191		
		0.2496	0.8377	0.2145	0.2434	0.5813	0.1814	1.378	0.1776	1.2129	0.1738	0.1795	0.5664		0.1621	0.5367	0.1791	0.2018	0.4927	0.147	1.1317	0.1494	1.0242	0.14	0.1443	0.4172		
		0.3752	0.1868	0.359	1.2906	0.3023	0.2779	0.1842	0.2761	0.1847	0.1458	0.1678	0.5748		0.2999	0.1569	0.2777	0.872	0.2559	0.225	0.131	0.22	0.1519	0.1157	0.1345	0.4559		
		0.1854	0.3744	0.6091	0.3043	0.1776	0.4812	0.2454	0.1658	0.173	0.1845	0.2025	0.4824		0.1467	0.33	0.4417	0.264	0.1571	0.3905	0.2089	0.1407	0.1455	0.1539	0.1639	0.4232		
		0.1817	0.2114	0.2637	0.2722	0.3146	0.1854	0.1729	0.1907	0.1783	0.1687	0.1679	0.1309		0.1399	0.1745	0.223	0.2323	0.2604	0.159	0.1481	0.1577	0.1465	0.1337	0.1362	0.1037		
		
~End
Copyright © 2003 Molecular Devices. All rights reserved.
