##BLOCKS= 1          
Plate:	Plate#1	1.3	PlateFormat	Endpoint	Absorbance	Raw	FALSE	1						2	490 750	1	12	96	1	8	None	
	Temperature(¡C)	1	2	3	4	5	6	7	8	9	10	11	12		1	2	3	4	5	6	7	8	9	10	11	12		
	21.90	0.4971	0.2177	0.1626	0.6013	0.1396	0.1445	0.2447	0.1504	0.3539	0.1563	0.2521	1.313		0.407	0.1414	0.1352	0.4762	0.1134	0.1168	0.1963	0.1142	0.2641	0.1277	0.1798	1.0627		
		0.5185	0.2507	2.4377	0.1522	0.4884	0.1579	0.8179	1.2103	1.5044	0.1759	0.1967	0.9818		0.4395	0.1897	1.7285	0.1196	0.3863	0.1199	0.6249	0.8586	1.2522	0.141	0.1341	0.7933		
		0.2455	0.1385	0.2247	0.152	1.0051	0.428	0.9057	0.1986	0.1844	0.3018	0.6246	1.6712		0.164	0.1068	0.1782	0.1203	0.7699	0.3257	0.6751	0.1576	0.1472	0.2349	0.4445	1.2889		
		0.1755	1.0953	0.8174	1.075	0.1732	0.178	0.2172	1.0997	0.2667	0.1461	0.2813	0.6938		0.1521	0.9013	0.6647	0.8839	0.1353	0.1435	0.1677	0.9175	0.2102	0.1132	0.2228	0.5846		
		0.2898	1.0188	0.1948	0.1914	0.4678	0.1802	1.3513	0.1322	1.636	0.1843	0.1905	0.8897		0.177	0.6533	0.1523	0.1489	0.3807	0.1422	1.0975	0.1054	1.36	0.1487	0.1523	0.6861		
		0.3658	0.1602	0.3636	1.2872	0.2426	0.2557	0.184	0.2721	0.1655	0.151	0.1694	0.6749		0.2893	0.1316	0.2688	0.8548	0.1976	0.1925	0.1308	0.2058	0.1344	0.1212	0.1361	0.5263		
		0.1589	0.3593	0.5354	0.1719	0.1445	0.4958	0.2053	0.1872	0.1437	0.1577	0.1477	0.311		0.1335	0.301	0.3741	0.1374	0.1213	0.4037	0.1688	0.1492	0.1139	0.127	0.1154	0.2555		
		0.1589	0.1757	0.1905	0.23	0.3146	0.1391	0.1564	0.1433	0.1762	0.1653	0.1881	0.1482		0.1295	0.1392	0.1507	0.1863	0.2467	0.1121	0.1261	0.1154	0.1416	0.1336	0.1527	0.1198		
		
~End
Copyright © 2003 Molecular Devices. All rights reserved.
