##BLOCKS= 1          
Plate:	Plate#1	1.3	PlateFormat	Endpoint	Absorbance	Raw	FALSE	1						2	490 750	1	12	96	1	8	None	
	Temperature(¡C)	1	2	3	4	5	6	7	8	9	10	11	12		1	2	3	4	5	6	7	8	9	10	11	12		
	21.90	0.1468	0.2052	0.1489	0.3342	0.1465	0.1544	0.2597	0.1538	0.3651	0.1472	0.2082	1.3747		0.1122	0.1321	0.1221	0.2672	0.1194	0.1228	0.2015	0.118	0.2673	0.1193	0.1384	1.1095		
		0.5557	0.2157	2.5795	0.149	0.3067	0.1571	0.372	1.3082	0.9511	0.207	0.1782	1.0569		0.4553	0.1551	1.8636	0.1165	0.2421	0.1194	0.2468	0.9399	0.7535	0.1697	0.1184	0.8931		
		0.2349	0.1515	0.1561	0.1439	0.9928	0.5043	0.716	0.2129	0.1887	0.3072	0.4436	1.1591		0.1771	0.1199	0.1225	0.1166	0.7597	0.3929	0.5104	0.1692	0.1488	0.2375	0.3159	0.8918		
		0.1702	1.4122	0.9226	1.1034	0.1596	0.1852	0.2142	1.3443	0.3271	0.1514	0.2786	0.5893		0.1282	1.1493	0.7629	0.9125	0.1285	0.1493	0.1665	1.1394	0.2613	0.1221	0.2233	0.4916		
		0.2492	0.9225	0.1946	0.1734	0.3514	0.1627	1.4022	0.1413	1.7449	0.1681	0.1669	0.5472		0.1488	0.5929	0.1514	0.1357	0.2865	0.1271	1.1943	0.1129	1.4011	0.1332	0.134	0.409		
		0.3494	0.1788	0.314	1.128	0.2608	0.2278	0.2113	0.2717	0.1635	0.1994	0.1429	0.3105		0.2796	0.1473	0.2323	0.7564	0.2159	0.1753	0.1451	0.2053	0.1304	0.1614	0.1141	0.2466		
		0.1449	0.3333	0.5889	0.2204	0.1392	0.4549	0.1731	0.1513	0.1547	0.1404	0.1555	0.1434		0.1122	0.2847	0.4094	0.1797	0.119	0.3566	0.1361	0.1183	0.1205	0.1124	0.1197	0.1127		
		0.3036	0.1647	0.1953	0.1854	0.2289	0.1433	0.1509	0.1377	0.159	0.1637	0.137	0.1442		0.2136	0.125	0.1534	0.1482	0.1762	0.1129	0.1181	0.1079	0.1245	0.1295	0.1105	0.113		
		
~End
Copyright © 2003 Molecular Devices. All rights reserved.
