##BLOCKS= 1          
Plate:	Plate#1	1.3	PlateFormat	Endpoint	Absorbance	Raw	FALSE	1						2	490 750	1	12	96	1	8	None	
	Temperature(¡C)	1	2	3	4	5	6	7	8	9	10	11	12		1	2	3	4	5	6	7	8	9	10	11	12		
	22.50	0.3819	1.623	0.5653	1.4057	0.3345	0.9317	1.215	0.3315	1.6265	0.7986	2.8379	2.3661		0.1878	0.8181	0.289	0.8972	0.1932	0.6325	0.5465	0.226	1.1202	0.5081	1.3943	1.3834		
		0.5905	0.2674	1.416	1.9838	1.5904	0.5115	1.5685	0.76	2.1563	0.498	1.1328	2.401		0.4811	0.1982	1.0214	1.2949	0.9486	0.2677	1.0576	0.5868	1.3972	0.3078	0.7786	1.5228		
		0.591	0.1651	1.4529	1.1078	1.288	1.7399	1.251	1.392	0.438	1.8095	1.7646	1.7473		0.3656	0.1301	0.8415	0.7284	0.7664	1.1222	0.6659	1.0401	0.2531	1.3222	1.205	1.1354		
		1.8445	2.2121	2.0911	1.8797	0.5838	1.3292	0.5187	1.998	1.6188	0.6845	1.8287	1.8052		1.3549	1.3432	1.2479	1.1196	0.3132	0.8828	0.294	1.1758	0.9993	0.3421	1.1225	1.1915		
		0.4746	1.005	0.7554	1.9718	0.9436	1.5001	2.1843	0.4492	1.8538	1.5181	1.0436	1.8405		0.2848	0.3748	0.386	1.3537	0.6377	0.9967	1.3676	0.2625	1.1233	0.9308	0.5672	1.1222		
		1.2329	0.6811	1.4328	1.2361	0.7137	0.5985	0.5797	0.4982	0.4735	1.3334	0.6815	1.3078		0.811	0.5186	0.7773	0.902	0.5256	0.3975	0.2743	0.3877	0.2792	0.7218	0.3241	0.6276		
		0.5437	0.9552	0.3202	0.8804	0.7818	0.8815	1.3373	0.8147	0.4501	1.0961	2.0248	1.7844		0.3989	0.6885	0.2472	0.4972	0.5562	0.6076	0.8505	0.4149	0.2126	0.5161	0.9854	0.9203		
		0.7471	0.8406	0.5597	0.751	0.5033	0.3923	0.5392	0.4764	0.608	0.4167	0.9564	0.4639		0.4176	0.4803	0.2684	0.5021	0.3652	0.1873	0.2253	0.2886	0.3241	0.2083	0.456	0.2481		
		
~End
Copyright © 2003 Molecular Devices. All rights reserved.
