##BLOCKS= 1          
Plate:	Plate#1	1.3	PlateFormat	Endpoint	Absorbance	Raw	FALSE	1						2	490 750	1	12	96	1	8	None	
	Temperature(¡C)	1	2	3	4	5	6	7	8	9	10	11	12		1	2	3	4	5	6	7	8	9	10	11	12		
	22.50	1.2333	1.6026	0.4658	1.615	0.3559	1.2196	0.9738	0.2705	1.5692	0.6223	2.4666	2.071		0.4639	0.9174	0.2387	1.0843	0.215	0.8423	0.4932	0.1844	1.1235	0.4208	0.9382	1.2543		
		0.616	0.2673	1.7506	1.5278	1.2802	0.5493	0.9355	0.9427	1.7141	0.4707	1.0648	1.8547		0.5041	0.2129	1.1882	0.9176	0.7832	0.3595	0.6266	0.719	1.0868	0.2969	0.688	1.0259		
		0.8809	0.1571	1.0121	0.8225	1.6381	1.6027	1.121	1.1604	0.3983	1.6992	1.7568	2.2443		0.4228	0.1209	0.6123	0.5954	0.9547	1.0286	0.6421	0.8095	0.2477	1.1955	1.2018	1.4953		
		1.3152	1.3413	1.3651	2.0127	0.3759	0.9615	0.3222	1.6632	1.3621	0.5143	1.5319	1.1782		0.7514	0.7215	0.9265	1.3109	0.2204	0.651	0.1927	1.0146	0.9074	0.2827	0.9631	0.7363		
		0.5757	0.6504	0.4156	1.6379	0.7574	1.2709	2.4737	0.4987	1.8641	2.0258	0.422	1.4123		0.3931	0.2538	0.2353	1.1852	0.4892	0.8864	1.4263	0.2604	1.0712	1.3166	0.2173	0.8882		
		1.3882	0.5457	1.0064	1.0185	0.658	0.666	0.5824	0.3925	0.4505	1.2395	0.7066	1.8221		0.8039	0.4309	0.55	0.7532	0.4887	0.4195	0.2625	0.3048	0.2675	0.6447	0.3157	0.9434		
		0.2316	0.8403	0.2859	0.8283	0.4301	1.0615	0.4631	1.3069	0.8417	1.1289	1.3114	1.298		0.1543	0.5411	0.2201	0.5047	0.298	0.7266	0.2589	0.741	0.4267	0.5486	0.7325	0.5863		
		0.3422	1.0511	0.3937	0.4846	0.8006	0.3465	0.3588	0.2908	1.455	0.3941	0.3711	0.3608		0.2074	0.5946	0.2135	0.3219	0.5746	0.1852	0.1718	0.1875	0.7281	0.2156	0.1739	0.1729		
		
~End
Copyright © 2003 Molecular Devices. All rights reserved.
