##BLOCKS= 1          
Plate:	Plate#1	1.3	PlateFormat	Endpoint	Absorbance	Raw	FALSE	1						2	490 750	1	12	96	1	8	None	
	Temperature(¡C)	1	2	3	4	5	6	7	8	9	10	11	12		1	2	3	4	5	6	7	8	9	10	11	12		
	23.20	0.5819	0.9317	0.5382	0.3224	0.475	1.1808	0.3492	0.4639	0.4778	0.2731	0.2695	0.6771		0.3128	0.3558	0.2125	0.1388	0.2056	0.7031	0.1444	0.2234	0.2531	0.1363	0.1222	0.4459		
		0.4935	0.3359	1.2363	0.2128	0.295	0.2803	0.4088	0.6812	0.6886	0.2015	0.1961	0.7811		0.4095	0.165	0.927	0.1152	0.144	0.1374	0.2424	0.5187	0.4573	0.1228	0.1115	0.5276		
		0.3024	0.1324	0.3302	0.3029	0.2585	0.2303	0.204	0.6241	0.4702	0.3521	0.5616	0.5569		0.1482	0.1026	0.1708	0.1386	0.1321	0.1211	0.1266	0.3268	0.2038	0.1691	0.2412	0.2128		
		0.3084	0.9807	0.3669	0.3994	0.2585	0.6774	0.346	0.3671	0.4087	0.343	0.3616	0.3468		0.1356	0.658	0.1614	0.1836	0.1293	0.2837	0.1492	0.1554	0.211	0.1569	0.1477	0.1354		
		0.274	0.5311	0.3195	0.3709	0.4357	0.2739	0.4716	0.2797	0.7952	0.3673	0.4661	0.8181		0.1495	0.145	0.1629	0.153	0.2011	0.1298	0.2242	0.1386	0.5651	0.1705	0.1849	0.5482		
		0.5636	0.5282	0.3844	0.6772	0.4167	0.7455	0.2948	0.2362	0.4553	0.3139	0.2036	0.3526		0.4201	0.4048	0.2496	0.5347	0.2007	0.2897	0.1489	0.173	0.2147	0.1662	0.1166	0.1596		
		0.3075	0.3877	0.3122	0.6034	0.1415	0.2012	0.2434	0.3931	0.462	0.4912	0.4898	0.5025		0.1838	0.3181	0.2451	0.3319	0.105	0.1539	0.1304	0.172	0.1973	0.2066	0.2348	0.3032		
		0.577	0.282	0.2238	0.4409	0.2485	0.3671	0.237	0.2936	0.2899	0.3298	0.2082	0.3734		0.3644	0.1356	0.1188	0.2841	0.1954	0.1763	0.1216	0.1543	0.1416	0.1558	0.1139	0.1925		
		
~End
Copyright © 2003 Molecular Devices. All rights reserved.
