##BLOCKS= 1          
Plate:	Plate#1	1.3	PlateFormat	Endpoint	Absorbance	Raw	FALSE	1						2	490 750	1	12	96	1	8	None	
	Temperature(¡C)	1	2	3	4	5	6	7	8	9	10	11	12		1	2	3	4	5	6	7	8	9	10	11	12		
	23.50	0.265	0.3249	0.2541	1.2969	0.319	0.8593	0.1716	0.3658	1.0533	0.1477	0.5529	1.5935		0.177	0.1658	0.1786	0.6969	0.2221	0.5579	0.1252	0.2523	0.7536	0.1173	0.1688	1.2066		
		0.5549	0.1641	1.9774	0.2113	1.3701	0.5305	0.8448	1.51	1.4883	0.3712	0.2006	1.8517		0.46	0.1191	1.3524	0.1443	0.9084	0.2983	0.5541	1.0154	1.2038	0.2127	0.1435	1.3393		
		0.6769	0.1614	1.1263	0.1658	1.5545	0.909	1.8353	0.352	0.2553	1.3931	1.5722	1.719		0.6161	0.126	0.5812	0.1258	1.0847	0.4846	0.7925	0.1974	0.1561	1.1072	1.2458	1.2968		
		0.3467	1.9326	1.5484	1.4463	0.3301	0.2389	0.2558	1.3793	2.0172	0.5336	1.6966	1.0631		0.2209	1.3138	1.1976	1.1059	0.1833	0.1681	0.1603	1.0892	1.4776	0.3285	1.3005	0.6745		
		0.4475	0.4269	0.3467	2.0589	0.5486	1.7588	0.8458	0.293	0.2498	1.3586	0.2073	1.6923		0.234	0.2566	0.26	1.3902	0.3873	1.1465	0.6757	0.1895	0.1838	1.0529	0.1534	1.225		
		2.0848	0.9515	0.6384	2.1491	2.0068	0.4418	0.2673	0.2844	0.2961	0.2686	0.1793	1.5742		1.2102	0.5169	0.3465	1.0235	0.9998	0.2748	0.1791	0.1977	0.1918	0.1584	0.1339	0.8315		
		0.3929	0.2192	0.6541	0.3732	0.1482	1.478	0.1668	0.8876	0.2266	0.2171	0.9172	0.6525		0.2828	0.1807	0.4677	0.2466	0.1195	0.8621	0.1332	0.5076	0.1617	0.1638	0.4132	0.3342		
		0.262	0.4693	0.4177	1.1078	0.2428	0.2036	0.1572	0.1371	0.3872	0.2528	0.1373	0.379		0.1937	0.2827	0.29	0.5706	0.1794	0.1418	0.1271	0.1114	0.2409	0.1846	0.1117	0.2406		
		
~End
Copyright © 2003 Molecular Devices. All rights reserved.
