##BLOCKS= 1          
Plate:	Plate#1	1.3	PlateFormat	Endpoint	Absorbance	Raw	FALSE	1						2	490 750	1	12	96	1	8	None	
	Temperature(¡C)	1	2	3	4	5	6	7	8	9	10	11	12		1	2	3	4	5	6	7	8	9	10	11	12		
	23.60	0.252	0.251	0.1889	2.4142	0.2738	0.4604	0.3381	0.4244	1.3724	0.1751	0.2072	1.3232		0.1797	0.1225	0.1453	1.3298	0.2025	0.3153	0.2215	0.3057	1.0371	0.1409	0.1318	0.9886		
		0.6469	1.1556	1.9082	0.3999	1.9722	0.4092	1.8667	1.2611	2.0353	0.1898	0.2115	1.8635		0.513	0.9005	1.2973	0.2463	1.385	0.2641	1.294	0.8005	1.5356	0.1399	0.14	1.3692		
		0.3375	0.1711	1.5368	0.3277	1.9018	1.1825	1.838	0.334	0.2951	1.3765	1.54	1.7112		0.2445	0.1347	0.8083	0.2397	1.0713	0.6597	0.8341	0.1921	0.1896	1.0931	1.2377	1.2124		
		1.371	2.1704	2.0262	2.2176	0.341	0.5887	0.3674	1.9469	1.8866	0.3828	1.1842	0.7153		1.0005	1.4894	1.6036	1.6487	0.2123	0.3798	0.2279	1.3514	1.3442	0.2428	0.922	0.5015		
		0.4323	0.7192	0.3094	2.1921	0.6543	1.6775	1.8395	0.3067	0.3412	2.3288	0.2206	1.6456		0.2472	0.424	0.2347	1.3499	0.4781	1.239	1.4427	0.2121	0.2404	1.6149	0.1553	1.1363		
		2.0195	0.9561	0.7279	2.1662	1.9678	0.4675	0.2306	0.3392	0.6663	0.166	0.6239	1.8885		1.1635	0.5247	0.4082	1.0875	1.0436	0.2913	0.1503	0.2364	0.3604	0.1279	0.3327	1.0507		
		1.0771	0.2038	0.7454	0.4484	0.1553	0.7918	0.151	1.0809	0.2465	0.279	0.5771	0.7261		0.6431	0.1716	0.5563	0.2826	0.1231	0.4826	0.1199	0.6336	0.1731	0.1953	0.2817	0.3613		
		0.3277	0.5243	0.7409	1.2875	0.294	0.6977	0.1452	0.1441	0.3207	0.2838	0.2438	0.4965		0.2226	0.3441	0.4732	0.649	0.2151	0.3712	0.116	0.115	0.2029	0.2013	0.1681	0.2831		
		
~End
Copyright © 2003 Molecular Devices. All rights reserved.
