##BLOCKS= 1          
Plate:	Plate#1	1.3	PlateFormat	Endpoint	Absorbance	Raw	FALSE	1						2	490 750	1	12	96	1	8	None	
	Temperature(¡C)	1	2	3	4	5	6	7	8	9	10	11	12		1	2	3	4	5	6	7	8	9	10	11	12		
	23.60	0.3138	0.7767	0.3431	2.8372	0.2205	0.5435	0.2176	0.4413	1.1349	0.2074	0.2126	1.7632		0.1904	0.5338	0.2373	1.4838	0.1601	0.3506	0.1504	0.2877	0.7905	0.1658	0.1353	1.2987		
		0.6704	0.7223	2.0014	0.1889	1.6689	0.5027	1.394	1.2136	1.9135	0.3922	0.1713	1.6959		0.5285	0.5201	1.3962	0.1302	1.1995	0.2847	0.8589	0.8064	1.4716	0.2298	0.129	1.215		
		0.3556	0.1942	0.9259	0.2629	1.3321	0.8979	1.281	0.3837	0.5117	1.2819	1.3573	1.7464		0.3011	0.1586	0.4807	0.1721	0.9244	0.4736	0.6337	0.2166	0.2862	0.9954	1.0707	1.3018		
		0.9319	1.8182	1.5046	2.1	0.4963	0.3005	0.4617	1.4656	1.8306	0.3871	1.4302	1.1064		0.6911	1.2817	1.1471	1.5094	0.2759	0.1939	0.2272	1.0723	1.3608	0.2489	1.1148	0.7356		
		0.4918	1.1833	0.2655	1.9231	0.6537	1.0266	1.6941	0.2666	0.4351	2.073	0.2451	1.6759		0.2957	0.7128	0.1964	1.2052	0.4265	0.7022	1.3166	0.1743	0.256	1.4967	0.1588	1.1692		
		2.0921	0.8636	0.8433	2.022	2.1399	0.3881	0.2814	0.3594	0.4834	0.2084	0.2482	1.6802		1.2128	0.4725	0.4523	0.9848	1.0802	0.2479	0.1877	0.2359	0.2636	0.1379	0.1581	0.9757		
		0.7798	0.2105	0.6623	0.4182	0.1628	1.0114	0.1726	0.7824	0.3848	0.6891	0.3625	0.6328		0.4099	0.1794	0.4882	0.2677	0.1306	0.5895	0.1347	0.4229	0.2255	0.4204	0.1921	0.3335		
		0.3915	1.0271	1.4738	1.0428	0.3824	1.458	0.1827	0.1474	0.3193	0.2627	0.3192	0.2706		0.2948	0.6718	0.9003	0.5222	0.2877	0.7413	0.1259	0.115	0.1951	0.188	0.2052	0.1782		
		
~End
Copyright © 2003 Molecular Devices. All rights reserved.
