##BLOCKS= 1          
Plate:	Plate#1	1.3	PlateFormat	Endpoint	Absorbance	Raw	FALSE	1						2	490 750	1	12	96	1	8	None	
	Temperature(¡C)	1	2	3	4	5	6	7	8	9	10	11	12		1	2	3	4	5	6	7	8	9	10	11	12		
	23.00	0.201	1.3731	0.2006	2.3409	0.2334	2.3828	0.6694	1.4353	2.1752	1.6011	1.5948	1.8183		0.1439	0.9783	0.1592	1.5946	0.1879	1.9128	0.4909	1.1195	1.6826	1.3436	1.2321	1.4621		
		0.5555	0.2231	1.8928	1.175	1.7581	0.5412	1.3782	1.2807	1.7564	1.3868	0.3123	1.6817		0.4323	0.1735	1.3732	0.9512	1.4035	0.3931	1.1256	0.9508	1.4239	0.9829	0.2391	1.3121		
		0.3047	0.1968	1.6292	2.4158	0.4688	1.5035	1.477	2.0308	2.3606	2.5623	2.5376	2.477		0.2	0.1442	1.1804	1.7687	0.356	1.1842	0.988	1.6082	1.9429	1.9689	1.9427	1.917		
		2.8975	2.5366	2.592	2.7117	1.6658	1.64	1.5726	1.9554	2.1904	0.422	2.5484	2.916		2.2737	1.9672	1.9273	2.0438	1.3066	1.3203	1.18	1.491	1.6711	0.3176	1.8831	2.155		
		2.5332	1.6041	0.258	2.5032	1.0859	1.9186	2.0421	0.2206	2.9501	2.2811	2.3258	2.2511		1.6523	1.2443	0.1905	1.9234	0.9071	1.4563	1.515	0.1701	2.2182	1.7024	1.7566	1.6148		
		1.644	1.3874	0.9607	2.5336	1.7322	1.7443	1.3072	0.571	1.0676	1.127	0.9665	1.4221		1.1601	0.9315	0.7146	1.465	1.1111	0.886	0.9151	0.4002	0.719	0.8491	0.7544	0.9638		
		1.5942	1.296	1.5068	1.4968	0.8952	0.3463	0.4805	2.003	0.2632	0.6262	0.7675	1.1602		1.1171	1.0585	1.1258	0.9422	0.7215	0.2462	0.3454	1.2455	0.1866	0.3903	0.5554	0.7022		
		0.2658	0.9179	0.4914	0.8498	0.2996	0.2845	0.2293	0.3489	0.2533	0.249	0.3104	0.3192		0.1737	0.6411	0.3085	0.5896	0.2219	0.1861	0.1538	0.2068	0.1707	0.1613	0.2138	0.2136		
		
~End
Copyright © 2003 Molecular Devices. All rights reserved.
