##BLOCKS= 1          
Plate:	Plate#1	1.3	PlateFormat	Endpoint	Absorbance	Raw	FALSE	1						2	490 750	1	12	96	1	8	None	
	Temperature(¡C)	1	2	3	4	5	6	7	8	9	10	11	12		1	2	3	4	5	6	7	8	9	10	11	12		
	23.00	0.2759	1.6502	0.2125	2.1296	0.2377	2.0833	0.8253	2.0715	1.9813	1.6959	2.1876	1.6647		0.2161	1.1845	0.1668	1.4836	0.1887	1.683	0.6085	1.6649	1.5201	1.4207	1.6922	1.3212		
		0.5131	0.3061	1.789	1.7278	1.9649	0.8948	1.7416	1.8017	1.9069	1.1945	0.3151	2.3211		0.4328	0.2196	1.2692	1.4107	1.561	0.6634	1.409	1.337	1.522	0.8836	0.2483	1.8125		
		0.2781	0.1889	1.7391	2.6158	0.5297	1.2253	1.8067	2.1459	1.8007	2.7025	2.7866	2.3289		0.1904	0.14	1.2723	1.9565	0.3977	0.9763	1.2052	1.7115	1.4811	2.1155	2.14	1.7927		
		2.6345	2.1341	2.3003	2.3821	2.4129	1.2506	1.7335	2.0053	2.4155	0.5552	2.004	2.2282		1.9741	1.6324	1.7186	1.7767	1.9173	1.0054	1.3041	1.5337	1.8174	0.431	1.5056	1.6331		
		2.5669	1.6245	0.2301	2.1584	1.1475	2.1272	2.6185	0.2499	2.3792	2.501	2.702	2.0795		1.7018	1.2715	0.1712	1.6756	0.9624	1.6136	1.9508	0.1929	1.7671	1.882	1.9679	1.4952		
		1.4425	1.8302	1.2208	2.6883	1.7608	2.5343	0.9329	0.4828	1.0385	1.2367	1.1317	1.4799		1.0005	1.1464	0.898	1.5842	1.1282	1.281	0.6307	0.3397	0.6858	0.9359	0.8642	0.9819		
		1.2041	1.5667	1.5194	0.9895	0.8961	0.3133	0.506	1.9714	0.2538	0.4802	1.1544	1.8457		0.8691	1.2872	1.134	0.5931	0.7151	0.2212	0.3722	1.2247	0.1754	0.2949	0.8222	1.1113		
		0.1994	0.9878	0.5801	0.8916	0.4462	0.2467	0.2313	0.3243	0.2362	0.3202	0.25	0.2592		0.1556	0.6769	0.368	0.6144	0.3323	0.1604	0.152	0.1983	0.1634	0.1999	0.1692	0.1788		
		
~End
Copyright © 2003 Molecular Devices. All rights reserved.
