##BLOCKS= 1          
Plate:	Plate#1	1.3	PlateFormat	Endpoint	Absorbance	Raw	FALSE	1						2	490 750	1	12	96	1	8	None	
	Temperature(¡C)	1	2	3	4	5	6	7	8	9	10	11	12		1	2	3	4	5	6	7	8	9	10	11	12		
	23.00	0.2574	1.5368	0.2088	2.0174	0.2363	2.013	0.8743	1.6685	2.2515	1.7047	1.7745	2.3716		0.2134	1.0972	0.1619	1.3783	0.1926	1.6263	0.6583	1.3088	1.7551	1.4031	1.3906	1.8661		
		0.4271	0.2302	2.0317	1.5839	2.2017	0.9063	1.2478	2.0485	1.8661	1.3801	0.2782	2.285		0.3674	0.1853	1.4565	1.3001	1.7728	0.6801	1.0044	1.5302	1.4988	1.0139	0.2236	1.7816		
		0.3807	0.1893	1.6655	2.6189	0.4909	2.1562	1.6908	2.2472	1.6626	2.8723	2.2229	2.1525		0.2569	0.1407	1.2007	1.9536	0.3727	1.7591	1.1201	1.7889	1.3464	2.2862	1.6945	1.6567		
		2.4551	2.0409	2.7672	2.4655	1.9886	1.5543	1.8359	2.2387	2.2259	0.4364	1.9855	2.5576		1.9092	1.5471	2.0198	1.8399	1.5394	1.2576	1.3377	1.6945	1.7045	0.3328	1.4702	1.8807		
		2.6005	1.9035	0.2709	1.9918	1.0683	2.4272	2.5486	0.3076	2.4241	2.2169	2.2707	2.0966		1.7	1.5149	0.2027	1.5583	0.9123	1.8563	1.8989	0.2374	1.7831	1.6768	1.6419	1.5005		
		1.0041	1.2886	1.1213	1.8377	1.3392	2.4048	1.4403	0.5066	1.0163	1.3603	0.9956	1.3598		0.753	0.8723	0.8301	1.097	0.8463	1.2444	1.0216	0.3493	0.6632	1.0286	0.7298	0.9375		
		1.0674	1.505	1.3298	1.7133	0.6425	0.244	0.387	2.2785	0.263	0.5092	1.114	1.911		0.8016	1.2376	0.9859	1.071	0.5214	0.1781	0.2861	1.418	0.1869	0.3145	0.7843	1.1503		
		0.2016	0.8777	0.5262	0.6169	0.4584	0.2998	0.3276	0.3828	0.2388	0.2543	0.2108	0.2061		0.1536	0.6177	0.3244	0.4316	0.3445	0.1955	0.2161	0.2261	0.1684	0.1621	0.1498	0.1392		
		
~End
Copyright © 2003 Molecular Devices. All rights reserved.
