##BLOCKS= 1          
Plate:	Plate#1	1.3	PlateFormat	Endpoint	Absorbance	Raw	FALSE	1						2	490 750	1	12	96	1	8	None	
	Temperature(¡C)	1	2	3	4	5	6	7	8	9	10	11	12		1	2	3	4	5	6	7	8	9	10	11	12		
	23.10	0.1787	0.8644	0.1809	1.0987	0.1972	0.2846	0.6268	0.3024	1.0092	0.226	0.2164	1.9801		0.1518	0.6425	0.1488	0.8424	0.1613	0.2376	0.4951	0.2332	0.7594	0.1826	0.1449	1.5229		
		0.4629	0.2358	2.7887	0.1464	0.4482	0.1816	1.3305	1.178	1.409	0.271	0.1953	1.4386		0.3927	0.1685	1.9396	0.1148	0.3479	0.1283	1.0484	0.8505	1.0433	0.219	0.1247	1.1128		
		0.2842	0.1473	0.2438	0.156	1.2916	0.3399	1.672	0.2549	0.2326	0.5578	1.3122	1.8765		0.197	0.1172	0.1883	0.1263	1.0032	0.255	1.176	0.2043	0.1879	0.4197	1.0017	1.5007		
		0.194	1.2029	2.352	0.2888	0.259	0.208	0.2744	1.5043	1.0277	0.1439	0.3244	0.7805		0.1504	0.9436	1.8513	0.2308	0.2044	0.1691	0.2161	1.2338	0.7761	0.1109	0.2571	0.6357		
		0.3461	0.9807	0.2761	0.4312	0.7431	0.1758	2.0659	0.1814	2.0042	0.2358	0.2403	1.455		0.2064	0.6368	0.2146	0.3047	0.5986	0.1393	1.4842	0.1453	1.5553	0.1906	0.1948	1.0127		
		0.5917	0.6606	1.1295	1.701	0.3343	0.3709	0.2619	0.3184	0.2101	0.1914	1.0772	1.2022		0.4054	0.4855	0.7626	1.1506	0.2769	0.284	0.1909	0.2567	0.1678	0.1528	0.7961	0.8309		
		0.299	0.3371	0.6128	0.3715	0.1245	0.3981	0.1906	0.2178	0.2008	0.1751	0.2404	0.3645		0.2095	0.2916	0.4246	0.2679	0.1031	0.3202	0.1519	0.1713	0.1596	0.1377	0.1887	0.2905		
		0.2781	0.2732	0.2306	0.2214	0.5445	0.1412	0.173	0.2186	0.2091	0.7497	0.2538	0.3324		0.2199	0.2094	0.1863	0.1805	0.4207	0.111	0.1364	0.1602	0.1708	0.7272	0.2072	0.2669		
		
~End
Copyright © 2003 Molecular Devices. All rights reserved.
