##BLOCKS= 1          
Plate:	Plate#1	1.3	PlateFormat	Endpoint	Absorbance	Raw	FALSE	1						2	490 750	1	12	96	1	8	None	
	Temperature(¡C)	1	2	3	4	5	6	7	8	9	10	11	12		1	2	3	4	5	6	7	8	9	10	11	12		
	23.20	0.3109	1.6276	0.3217	2.1115	0.5677	3.071	0.2946	0.7288	3.3118	0.9989	3.4276	1.5108		0.2014	0.9902	0.2272	1.5544	0.3878	2.1921	0.1938	0.5271	2.1453	0.7466	0.9934	0.9374		
		0.6338	3.1515	2.0862	3.38	3.5542	0.5292	2.4031	0.2674	2.2761	0.5741	2.8388	1.5667		0.4765	2.2917	1.2505	2.4489	2.746	0.3658	1.4261	0.1997	1.5248	0.3868	1.8331	0.8624		
		1.7007	0.2103	0.82	3.0824	1.5758	3.0469	1.3508	1.2999	1.7707	2.8362	2.2433	1.8605		1.1599	0.149	0.602	2.2334	0.9929	2.1114	0.9324	0.9247	1.283	1.88	1.3057	1.0699		
		3.3296	2.8682	1.9306	1.7065	0.8098	2.6843	1.3674	1.689	2.5296	0.43	1.7308	2.8542		2.1854	1.6816	1.0935	1.0846	0.5637	1.9694	0.9354	1.073	1.4362	0.3058	0.9777	1.9231		
		0.6589	0.4346	0.2862	2.6874	1.7544	1.8334	2.0508	0.4826	1.7868	2.0429	0.5761	3.5125		0.3973	0.2208	0.1918	1.8932	1.3383	1.0993	1.1563	0.3238	1.01	1.1599	0.3936	2.2199		
		1.1827	1.0085	1.6092	1.8014	1.1279	1.0194	1.2961	0.5493	0.7226	2.2134	1.5198	2.7284		0.9262	0.5949	1.0417	1.2598	0.7702	0.6072	0.8613	0.394	0.4664	1.4055	1.0142	1.7205		
		1.5143	1.5024	1.28	0.8963	1.6749	1.5312	0.6371	1.34	0.9405	1.4723	0.6459	1.6138		0.753	0.9611	0.902	0.5116	1.0368	1.0141	0.4347	0.9791	0.581	0.9578	0.4116	1.117		
		0.5849	1.2044	2.0571	0.6103	1.4361	1.0764	0.3892	0.4324	2.04	0.4089	0.2702	0.378		0.4144	0.7894	1.34	0.4144	1.0193	0.6774	0.2601	0.2435	1.4035	0.275	0.1897	0.2529		
		
~End
Copyright © 2003 Molecular Devices. All rights reserved.
