##BLOCKS= 1          
Plate:	Plate#1	1.3	PlateFormat	Endpoint	Absorbance	Raw	FALSE	1						2	490 750	1	12	96	1	8	None	
	Temperature(¡C)	1	2	3	4	5	6	7	8	9	10	11	12		1	2	3	4	5	6	7	8	9	10	11	12		
	23.20	0.2891	1.6368	0.2816	1.4839	0.4378	3.3034	0.2836	0.4597	3.3443	0.8808	3.3488	2.6919		0.2038	1.0045	0.201	1.0884	0.295	2.7088	0.1889	0.3216	2.1739	0.6397	0.9753	1.707		
		0.5713	2.6972	2.2318	2.9691	2.1497	0.5591	1.7117	0.2841	2.2235	0.57	2.318	2.8647		0.4081	1.7499	1.3465	1.9898	1.2744	0.3951	1.1012	0.2097	1.3934	0.382	1.4727	1.8489		
		1.8673	0.2139	0.6156	3.4232	1.4005	2.9568	1.5305	1.3697	1.1614	2.955	2.647	2.6047		1.2953	0.1508	0.444	2.5999	0.8907	1.9526	1.0782	0.9829	0.8208	2.091	1.6845	1.7807		
		2.5791	2.6674	1.9198	3.2885	0.5942	2.5632	1.8252	0.99	2.6962	0.4978	2.6835	2.8673		1.753	1.6183	1.1787	2.5389	0.4053	1.8411	1.2693	0.6064	1.6149	0.3582	1.634	1.6927		
		0.698	0.5875	0.4137	3.2115	1.6118	2.0691	2.6162	0.4848	1.5794	1.5809	0.531	2.5784		0.4784	0.2913	0.2866	2.3835	1.1624	1.3704	1.6874	0.3259	0.9001	0.8716	0.3565	1.2803		
		1.1682	1.1059	1.9565	2.0463	0.9528	1.2902	1.3855	0.5073	0.6141	1.8661	1.5184	1.9635		0.8482	0.6784	1.3011	1.4471	0.6512	0.7687	0.9548	0.3567	0.4022	1.1623	1.0346	1.0732		
		1.5073	1.8623	1.5395	1.079	1.3643	1.595	0.8651	1.3309	0.639	1.5	0.9461	1.7545		0.7271	1.2758	1.1007	0.6128	0.8557	1.0692	0.6077	0.9797	0.4117	0.9547	0.6216	1.1851		
		0.5533	0.968	1.819	0.6534	1.0543	1.2123	0.4429	0.5939	2.489	0.3261	0.2728	0.4405		0.3415	0.6923	1.1219	0.4456	0.7175	0.7637	0.2954	0.4098	1.705	0.2178	0.1888	0.2937		
		
~End
Copyright © 2003 Molecular Devices. All rights reserved.
