##BLOCKS= 1          
Plate:	Plate#1	1.3	PlateFormat	Endpoint	Absorbance	Raw	FALSE	1						2	490 750	1	12	96	1	8	None	
	Temperature(¡C)	1	2	3	4	5	6	7	8	9	10	11	12		1	2	3	4	5	6	7	8	9	10	11	12		
	23.30	0.4738	1.5369	0.6157	2.5973	0.4696	0.6648	1.1161	0.5113	1.9198	0.465	1.4278	1.909		0.2298	0.7873	0.3449	1.4653	0.2439	0.4057	0.6872	0.326	1.3068	0.2733	1.1029	1.3848		
		0.668	1.8147	1.8064	1.7023	1.9354	0.5322	1.8019	1.0858	1.8058	0.5076	0.4386	1.9549		0.5772	1.5049	1.2778	1.1891	1.3507	0.2617	1.3413	0.8389	1.3307	0.3153	0.3115	1.3283		
		0.8901	0.1357	1.5372	1.6113	1.3898	1.8058	1.4784	1.6333	1.0655	1.8314	1.8712	2.15		0.5238	0.1075	0.9742	1.1901	0.8481	1.2485	0.7811	1.2663	0.763	1.453	1.4359	1.4963		
		1.5441	1.9278	2.1419	2.1639	0.6726	1.7522	0.5749	1.7904	2.0716	0.5767	1.8558	1.7409		0.9975	1.3439	1.4799	1.484	0.4119	1.3351	0.3347	1.2659	1.4637	0.3213	1.2963	1.2824		
		0.6104	1.5531	1.8377	0.6823	1.125	2.0453	2.2028	0.4031	2.1674	2.3869	0.6791	2.3345		0.3315	0.7345	1.221	0.3653	0.7412	1.4272	1.5253	0.225	1.4823	1.4693	0.3655	1.4156		
		0.2973	1.1826	2.3306	1.6353	1.3003	2.306	1.6066	0.325	0.4413	2.1286	1.6217	2.0765		0.225	0.6502	1.0572	0.875	0.6772	1.2565	0.8392	0.2292	0.258	1.0265	0.6582	1.0493		
		1.594	1.8377	1.9159	1.6412	1.8754	0.3271	0.5772	0.7705	0.6164	0.7748	0.6585	0.8071		0.711	1.1717	0.8664	0.7625	1.0626	0.2292	0.2978	0.4557	0.2972	0.4076	0.385	0.5047		
		0.6824	0.5665	1.3663	0.5468	0.5403	0.5985	0.3816	0.3345	1.6019	0.3271	0.4103	0.7137		0.4288	0.2842	0.7997	0.3297	0.4171	0.2856	0.1771	0.2217	1.0017	0.1884	0.2067	0.3883		
		
~End
Copyright © 2003 Molecular Devices. All rights reserved.
