##BLOCKS= 1          
Plate:	Plate#1	1.3	PlateFormat	Endpoint	Absorbance	Raw	FALSE	1						2	490 750	1	12	96	1	8	None	
	Temperature(¡C)	1	2	3	4	5	6	7	8	9	10	11	12		1	2	3	4	5	6	7	8	9	10	11	12		
	23.30	0.6068	1.8421	0.4063	2.5125	0.3441	0.9494	1.1145	0.6565	1.5968	0.4459	1.4806	2.0359		0.2929	1.0006	0.2371	1.4114	0.1911	0.5847	0.6745	0.3911	1.1163	0.2654	1.1345	1.4065		
		0.5958	1.8048	1.811	1.3913	1.5727	0.6894	1.7469	0.9804	1.8372	0.4613	0.3083	2.2277		0.4554	1.4859	1.2762	0.9693	1.0542	0.3317	1.3303	0.741	1.3462	0.2989	0.2212	1.5317		
		1.0248	0.1548	1.4963	1.7988	1.2027	1.5797	1.6353	1.6978	1.0626	1.8141	1.8528	1.9194		0.5668	0.1236	0.9642	1.2978	0.7524	1.1028	0.871	1.3253	0.7595	1.4321	1.4187	1.3218		
		1.1811	1.9946	2.0393	2.0294	0.5995	1.8288	0.6599	1.9327	2.0669	0.6722	1.8645	1.7689		0.8159	1.3997	1.3815	1.3989	0.3514	1.3877	0.3757	1.4097	1.4377	0.3684	1.2827	1.3189		
		0.5528	1.6507	2.1665	0.5254	0.7549	1.8322	2.2133	0.5489	1.9444	2.2993	0.5459	2.1532		0.3342	0.8196	1.4212	0.299	0.468	1.2396	1.5039	0.2927	1.3231	1.4184	0.3104	1.313		
		0.2511	1.2061	1.4519	1.8143	1.4337	2.3506	1.1016	0.4832	0.3874	2.251	1.6989	2.6739		0.1867	0.6895	0.6348	0.9789	0.7493	1.2607	0.5439	0.3427	0.2237	1.0577	0.6966	1.4593		
		2.5234	1.9855	1.5534	2.0045	1.2497	0.3214	0.7625	0.995	0.8891	1.0607	0.6106	0.6643		1.189	1.2729	0.7041	0.9999	0.6796	0.2259	0.4017	0.583	0.4028	0.5414	0.3463	0.4081		
		0.4343	0.5988	1.4835	0.4263	0.2803	0.5803	0.3688	0.3522	1.618	0.2536	0.4249	0.6497		0.2628	0.3002	0.7977	0.2607	0.2111	0.2972	0.1841	0.2049	0.8925	0.1622	0.1996	0.3455		
		
~End
Copyright © 2003 Molecular Devices. All rights reserved.
