##BLOCKS= 1          
Plate:	Plate#1	1.3	PlateFormat	Endpoint	Absorbance	Raw	FALSE	1						2	490 750	1	12	96	1	8	None	
	Temperature(¡C)	1	2	3	4	5	6	7	8	9	10	11	12		1	2	3	4	5	6	7	8	9	10	11	12		
	23.20	0.437	0.976	0.3622	2.0336	0.2902	0.5794	0.9733	0.5913	2.2816	0.6164	1.6697	1.7358		0.2563	0.6025	0.2412	1.331	0.2027	0.4025	0.5408	0.3822	1.6119	0.4097	0.5834	1.2473		
		0.597	0.2727	1.766	0.5082	1.8548	0.6881	1.7065	0.9439	1.5893	0.6869	1.8603	1.8025		0.4663	0.2013	1.1656	0.371	1.2859	0.46	1.1655	0.6631	1.0691	0.4894	0.9307	1.1782		
		0.3423	0.1456	1.4936	0.7151	1.4248	1.8791	1.3021	1.9844	0.6006	1.8308	1.8148	1.7771		0.2371	0.1148	1.0444	0.5302	0.9191	1.123	0.8957	1.4731	0.4128	1.3402	1.2464	1.2242		
		1.3763	1.6889	1.9238	2.0594	0.374	0.8979	1.1675	1.46	2.0146	0.707	1.6182	1.8515		1.0658	1.0956	1.134	1.4063	0.2529	0.6946	0.9065	0.9141	1.4582	0.498	1.3065	1.2464		
		2.2209	1.3989	0.2554	2.4966	1.8885	0.523	1.8331	0.3316	2.0459	1.8619	0.6691	1.7303		1.3631	0.4544	0.1801	1.5273	1.1015	0.3637	1.09	0.2442	1.3546	1.3964	0.4941	1.078		
		0.3767	0.8951	1.2279	1.6316	0.873	0.9305	0.9724	0.3733	0.5989	1.869	1.138	1.4752		0.2739	0.6047	0.8528	1.0717	0.6448	0.5145	0.6156	0.2599	0.4118	1.1758	0.8559	0.8294		
		0.8808	1.9034	0.6841	1.0368	0.4545	1.9155	0.3319	0.3442	0.3253	0.3063	0.2746	0.4053		0.6231	1.2712	0.5216	0.7051	0.2749	0.9871	0.2284	0.2271	0.2262	0.2053	0.182	0.2809		
		0.321	0.3628	0.4566	0.2615	0.7142	0.2953	0.2506	0.2003	0.3256	0.2865	0.3041	0.2958		0.2593	0.2363	0.2965	0.1772	0.5323	0.2077	0.1772	0.1513	0.2273	0.2091	0.2132	0.1998		
		
~End
Copyright © 2003 Molecular Devices. All rights reserved.
