##BLOCKS= 1          
Plate:	Plate#1	1.3	PlateFormat	Endpoint	Absorbance	Raw	FALSE	1						2	490 750	1	12	96	1	8	None	
	Temperature(¡C)	1	2	3	4	5	6	7	8	9	10	11	12		1	2	3	4	5	6	7	8	9	10	11	12		
	23.20	0.3029	1.1748	0.3391	2.0829	0.32	0.6552	0.9175	0.5639	2.1815	0.5643	1.3181	1.6045		0.209	0.793	0.2277	1.3416	0.2142	0.4581	0.5045	0.369	1.5483	0.3694	0.4705	1.1545		
		0.5335	0.2705	1.6891	0.4359	1.6797	0.6214	1.8934	1.0331	1.6177	0.6046	1.3284	1.3806		0.4123	0.1976	1.173	0.3057	1.1583	0.3971	1.306	0.7374	1.0988	0.4185	0.9646	0.8633		
		0.3386	0.1504	1.3453	0.7249	1.3534	1.5313	1.0348	2.1782	0.5611	1.8209	1.8057	1.815		0.235	0.1186	0.9165	0.5373	0.8332	0.8672	0.7034	1.5188	0.374	1.3585	1.2623	1.2191		
		1.6035	1.7598	1.9871	2.1333	0.3775	0.853	1.2379	1.7776	2.1673	0.7434	1.6638	1.6484		1.2005	1.1012	1.2942	1.475	0.2678	0.6538	0.9561	1.0707	1.4784	0.5404	1.3291	1.0641		
		2.232	1.3344	0.2912	2.4407	1.4912	0.3487	1.8443	0.3584	2.038	1.9329	0.6584	1.8073		1.3393	0.4126	0.2004	1.4929	0.8656	0.238	1.13	0.2598	1.3275	1.4304	0.4799	1.1454		
		0.3758	0.9068	1.357	1.613	0.986	0.9428	1.1149	0.4223	0.551	1.6579	1.0083	1.0921		0.2858	0.602	0.9272	1.0636	0.7457	0.527	0.7145	0.2909	0.367	0.9753	0.7429	0.5977		
		1.0211	1.6461	0.8165	1.058	0.8435	1.8629	0.3501	0.3111	0.2685	0.2684	0.3412	0.431		0.7592	1.0598	0.6233	0.7212	0.5402	0.9661	0.2442	0.2027	0.1865	0.1756	0.2224	0.2769		
		0.3633	0.5309	0.4873	0.3144	0.7413	0.241	0.2816	0.2039	0.2815	0.2784	0.3161	0.3947		0.2166	0.4064	0.3076	0.2173	0.5389	0.1745	0.1938	0.1559	0.2033	0.1999	0.2201	0.274		
		
~End
Copyright © 2003 Molecular Devices. All rights reserved.
