##BLOCKS= 1          
Plate:	Plate#1	1.3	PlateFormat	Endpoint	Absorbance	Raw	FALSE	1						2	490 750	1	12	96	1	8	None	
	Temperature(¡C)	1	2	3	4	5	6	7	8	9	10	11	12		1	2	3	4	5	6	7	8	9	10	11	12		
	23.40	0.2314	0.7825	0.3346	2.1386	0.235	0.565	0.3691	0.3765	0.8547	0.8334	3.0342	1.8237		0.1757	0.5514	0.2514	1.4205	0.1773	0.438	0.2328	0.2595	0.5899	0.7227	1.351	1.2774		
		0.537	0.5854	1.3247	1.3354	0.8008	0.4102	0.9369	1.3573	1.5438	0.413	0.9855	1.333		0.4051	0.3999	0.8266	0.9665	0.5321	0.3001	0.6841	1.0583	1.1237	0.3132	0.6608	0.894		
		1.1989	0.3339	0.8135	1.1882	0.9797	1.1059	1.2471	0.5938	0.2816	1.138	1.7102	1.7654		0.7492	0.2501	0.4799	0.8992	0.681	0.7707	0.7304	0.4366	0.2124	0.8212	1.1966	1.2057		
		1.4557	1.3109	1.5269	1.634	0.5984	0.9972	1.3115	1.0183	1.2409	0.2326	1.3836	0.7521		1.1255	0.8897	0.994	1.1695	0.4443	0.7329	0.9557	0.7186	0.8079	0.1666	0.8647	0.5497		
		0.7039	0.5707	0.243	0.4669	1.505	2.0057	1.6882	0.2739	1.1747	0.942	0.2884	2.0709		0.37	0.3692	0.1767	0.3331	1.0562	1.2318	1.1012	0.2098	0.7561	0.5708	0.2101	1.1932		
		0.6365	0.5783	2.2091	1.3204	0.9623	1.0811	0.6676	0.3503	0.2564	1.2118	1.34	1.9937		0.464	0.3865	0.736	0.5743	0.6495	0.5141	0.3865	0.2739	0.1929	0.4946	0.4232	0.7591		
		0.2967	1.2178	0.4127	0.5921	0.4086	0.616	0.7677	1.4407	0.5414	0.8513	0.3857	1.5404		0.2079	0.7734	0.3246	0.3587	0.2661	0.4677	0.5524	0.8184	0.268	0.4671	0.2332	0.7812		
		0.3994	0.874	1.2143	0.3843	0.3361	1.3478	0.2988	0.3408	0.5375	0.3244	0.2386	0.2529		0.2737	0.6417	0.6134	0.2708	0.2501	0.6112	0.1956	0.1688	0.3527	0.2324	0.1734	0.1795		
		
~End
Copyright © 2003 Molecular Devices. All rights reserved.
