##BLOCKS= 1          
Plate:	Plate#1	1.3	PlateFormat	Endpoint	Absorbance	Raw	FALSE	1						2	490 750	1	12	96	1	8	None	
	Temperature(¡C)	1	2	3	4	5	6	7	8	9	10	11	12		1	2	3	4	5	6	7	8	9	10	11	12		
	23.40	0.2497	1.1404	0.3183	2.0864	0.2415	0.6198	0.3356	0.4542	1.4068	0.8887	3.0286	1.1321		0.2083	0.7923	0.2366	1.3542	0.1808	0.4798	0.193	0.3095	0.9735	0.7584	1.3724	0.7234		
		0.6988	0.59	1.447	1.4487	1.1014	0.4886	0.984	0.5542	1.3052	0.3154	1.511	1.3794		0.571	0.3681	0.9335	1.0323	0.7794	0.3522	0.7158	0.4317	0.8841	0.2336	1.1084	0.8934		
		1.5961	0.4093	0.868	1.2102	0.9538	1.2807	1.7057	0.6127	0.3276	1.6149	1.6064	1.2273		0.9882	0.3305	0.5303	0.9243	0.6797	0.8861	0.9477	0.4486	0.2464	1.1837	1.1348	0.8256		
		1.2146	1.9744	1.7455	1.5422	0.6175	1.1271	1.5622	1.0063	1.5543	0.2723	2.1956	1.2325		1.0022	1.2628	1.1214	1.0594	0.4551	0.8055	1.1207	0.6598	0.9155	0.2008	1.3542	0.9252		
		0.5704	0.6514	0.2997	0.6929	1.4617	1.4527	1.2688	0.2599	2.2529	1.5357	0.2891	2.3114		0.2969	0.4433	0.2214	0.5003	1.0145	0.9021	0.774	0.2002	1.3962	0.962	0.2164	1.2597		
		1.1354	0.6308	1.8929	1.2125	1.008	1.129	0.6306	0.3405	0.3205	1.4454	0.9481	2.0951		0.8228	0.4337	0.624	0.5595	0.648	0.5845	0.3516	0.2619	0.2391	0.6188	0.3202	0.7844		
		0.5794	2.5775	0.3623	0.7514	0.5696	0.4797	0.6481	1.9237	0.5156	1.0894	0.4855	1.3066		0.4188	1.6011	0.2838	0.4461	0.3562	0.3614	0.4385	1.0711	0.2826	0.6567	0.3033	0.6958		
		0.4691	0.5764	0.7749	0.5376	0.4475	1.218	0.4084	0.3273	0.4682	0.2881	0.2712	0.2564		0.315	0.3752	0.3834	0.3809	0.3383	0.5434	0.2663	0.1784	0.3121	0.2027	0.1914	0.1841		
		
~End
Copyright © 2003 Molecular Devices. All rights reserved.
