##BLOCKS= 1          
Plate:	Plate#1	1.3	PlateFormat	Endpoint	Absorbance	Raw	FALSE	1						2	490 750	1	12	96	1	8	None	
	Temperature(¡C)	1	2	3	4	5	6	7	8	9	10	11	12		1	2	3	4	5	6	7	8	9	10	11	12		
	22.20	0.1664	0.233	0.2544	0.1484	0.1598	0.1606	0.163	0.1596	0.1745	0.1432	0.1755	0.1435		0.1257	0.1275	0.2141	0.1233	0.1331	0.1317	0.1261	0.1219	0.1351	0.1201	0.1263	0.1164		
		0.4393	0.1572	0.3186	0.1531	0.1479	0.1854	0.166	0.1562	0.1522	0.1559	0.1924	0.1528		0.3761	0.1196	0.2085	0.1252	0.1231	0.1456	0.1345	0.1275	0.1267	0.13	0.1391	0.1272		
		0.1446	0.1571	0.1634	0.1497	0.1872	0.1716	0.1575	0.1433	0.1671	0.1552	0.1571	0.1554		0.1134	0.133	0.1368	0.1268	0.1361	0.132	0.1315	0.1181	0.1333	0.1273	0.1301	0.1308		
		0.2516	0.1496	0.1485	0.1506	0.1815	0.1554	0.1752	0.1864	0.1526	0.1629	0.1572	0.1486		0.197	0.1279	0.1215	0.1244	0.1401	0.128	0.1324	0.1397	0.1225	0.1331	0.1311	0.1202		
		0.2143	0.1486	0.1618	0.1534	0.146	0.1686	0.1626	0.1518	0.1715	0.157	0.1671	0.1729		0.126	0.124	0.1314	0.1272	0.1215	0.1375	0.1343	0.1269	0.1385	0.1285	0.1356	0.1232		
		0.1713	0.1608	0.1736	0.1662	0.157	0.1603	0.1924	0.1749	0.17	0.1643	0.1548	0.1557		0.1306	0.1335	0.1363	0.1391	0.1299	0.1305	0.1418	0.1375	0.1396	0.1298	0.1267	0.1258		
		0.1489	0.2643	0.1514	0.1599	0.1484	0.1598	0.1745	0.1934	0.1612	0.1672	0.1862	0.2424		0.1195	0.2288	0.1256	0.1328	0.1255	0.1312	0.1339	0.141	0.1317	0.1357	0.1378	0.1761		
		0.1695	0.2515	0.7859	0.1633	0.1688	0.1682	0.1646	0.1643	0.1714	0.1565	0.1528	0.147		0.1389	0.1629	0.7742	0.1308	0.1299	0.1352	0.1301	0.1209	0.134	0.1241	0.1255	0.1188		
		
~End
Copyright © 2003 Molecular Devices. All rights reserved.
