##BLOCKS= 1          
Plate:	Plate#1	1.3	PlateFormat	Endpoint	Absorbance	Raw	FALSE	1						2	490 750	1	12	96	1	8	None	
	Temperature(¡C)	1	2	3	4	5	6	7	8	9	10	11	12		1	2	3	4	5	6	7	8	9	10	11	12		
	22.30	0.1609	0.2205	0.1594	0.1658	0.171	0.1539	0.1635	0.1732	0.1702	0.1513	0.1786	0.1478		0.1189	0.1265	0.1304	0.1368	0.1325	0.1261	0.1252	0.1331	0.1313	0.1257	0.1296	0.1215		
		0.5815	0.1482	0.2737	0.1771	0.1724	0.1575	0.1675	0.1484	0.1566	0.1607	0.1895	0.1545		0.4451	0.115	0.1897	0.1352	0.1405	0.1236	0.1283	0.1213	0.1281	0.1302	0.1313	0.1254		
		0.1575	0.1449	0.1615	0.1476	0.2207	0.1699	0.1637	0.1795	0.1608	0.1764	0.1633	0.1671		0.1289	0.1196	0.1332	0.1263	0.147	0.14	0.1387	0.1362	0.1263	0.1461	0.1337	0.1406		
		0.1583	0.1422	0.1517	0.1663	0.168	0.1605	0.1826	0.1974	0.1575	0.1581	0.1655	0.1826		0.1246	0.1221	0.1276	0.1305	0.13	0.1324	0.1298	0.1357	0.1347	0.1287	0.1313	0.1407		
		0.2072	0.1448	0.1666	0.1674	0.1643	0.1684	0.1689	0.1564	0.1774	0.1562	0.1755	0.2986		0.1284	0.1215	0.1335	0.1381	0.136	0.135	0.1376	0.1311	0.1409	0.1278	0.1359	0.2117		
		0.1781	0.1635	0.1791	0.172	0.1625	0.1667	0.1819	0.2034	0.1555	0.1774	0.1577	0.1977		0.1368	0.1332	0.1402	0.1418	0.1359	0.1355	0.1338	0.1353	0.1282	0.1375	0.1297	0.1575		
		0.1498	0.3138	0.1704	0.1599	0.1413	0.1541	0.1906	0.2065	0.1478	0.1725	0.183	0.2305		0.1215	0.2746	0.1376	0.1312	0.1203	0.1278	0.1419	0.1395	0.123	0.1357	0.1258	0.147		
		0.1551	0.2152	0.1547	0.2069	0.1606	0.1659	0.1677	0.2024	0.1739	0.1508	0.1502	0.1585		0.1297	0.1402	0.127	0.1409	0.1234	0.1196	0.1355	0.1305	0.1295	0.1248	0.1234	0.1245		
		
~End
Copyright © 2003 Molecular Devices. All rights reserved.
