##BLOCKS= 1          
Plate:	Plate#1	1.3	PlateFormat	Endpoint	Absorbance	Raw	FALSE	1						2	490 750	1	12	96	1	8	None	
	Temperature(¡C)	1	2	3	4	5	6	7	8	9	10	11	12		1	2	3	4	5	6	7	8	9	10	11	12		
	22.30	0.1608	0.3038	0.1565	0.1586	0.1823	0.1736	0.1947	0.1594	0.1748	0.1637	0.1719	0.1597		0.1227	0.1794	0.1293	0.131	0.1513	0.1409	0.1355	0.1242	0.1363	0.137	0.1244	0.1336		
		0.4879	0.145	0.3497	0.1778	0.1601	0.1651	0.1729	0.1467	0.1429	0.157	0.1956	0.1405		0.4128	0.1132	0.2327	0.1256	0.1325	0.1301	0.1398	0.1188	0.1192	0.1284	0.1406	0.1156		
		0.1473	0.1627	0.1483	0.1692	0.1855	0.1672	0.1651	0.1768	0.1727	0.1751	0.1541	0.158		0.1256	0.1363	0.1244	0.1439	0.1358	0.1278	0.1392	0.1344	0.1353	0.1411	0.1255	0.1328		
		0.1602	0.1585	0.165	0.1746	0.1722	0.1643	0.1925	0.1655	0.1571	0.1656	0.1697	0.2427		0.1189	0.127	0.1341	0.1366	0.1292	0.1342	0.1332	0.1285	0.126	0.1349	0.1419	0.2011		
		0.2094	0.1527	0.1734	0.1673	0.1506	0.1537	0.1612	0.1601	0.1553	0.1577	0.1777	0.4112		0.1355	0.1285	0.1392	0.1368	0.1245	0.1269	0.1277	0.1331	0.1263	0.1269	0.1301	0.3307		
		0.1973	0.1697	0.1703	0.1815	0.1811	0.1662	0.1926	0.1856	0.148	0.1907	0.1507	0.1552		0.1334	0.137	0.1307	0.1504	0.1536	0.1336	0.1436	0.1398	0.1204	0.145	0.1239	0.1248		
		0.1491	0.329	0.1453	0.163	0.1458	0.1568	0.2011	0.2186	0.1538	0.1911	0.1789	0.1717		0.1174	0.298	0.1203	0.1335	0.1226	0.1269	0.1444	0.1451	0.1281	0.1496	0.1279	0.1155		
		0.1585	0.1841	0.1505	0.1812	0.2237	0.1617	0.1808	0.1838	0.1737	0.168	0.1813	0.1568		0.1259	0.133	0.1245	0.1395	0.1421	0.1275	0.1277	0.1436	0.1291	0.1342	0.1329	0.1217		
		
~End
Copyright © 2003 Molecular Devices. All rights reserved.
