##BLOCKS= 1          
Plate:	Plate#1	1.3	PlateFormat	Endpoint	Absorbance	Raw	FALSE	1						2	490 750	1	12	96	1	8	None	
	Temperature(¡C)	1	2	3	4	5	6	7	8	9	10	11	12		1	2	3	4	5	6	7	8	9	10	11	12		
	23.10	0.1915	0.2409	0.1386	0.1953	0.1945	0.2399	0.1946	0.3691	1.2652	1.3141	2.6251	1.7795		0.1351	0.1494	0.1111	0.1577	0.154	0.1933	0.156	0.2754	0.9642	1.1874	1.6609	1.406		
		0.6965	0.2194	0.3139	0.2329	0.2615	0.2476	1.5117	1.4459	2.2299	0.5305	0.2174	1.2076		0.5526	0.1623	0.2024	0.1807	0.1976	0.1937	1.1518	0.8347	1.5143	0.378	0.1394	0.9033		
		0.1515	0.1447	0.7379	0.1433	0.2104	0.4222	0.3229	1.3184	1.9094	0.3962	0.4208	0.5971		0.1262	0.115	0.5107	0.1178	0.1564	0.3288	0.2656	1.0877	1.3523	0.307	0.3082	0.4894		
		0.1788	0.1679	0.1523	0.1681	0.866	0.6264	0.1544	0.9254	2.0273	0.6662	0.6648	0.2821		0.1366	0.1404	0.1225	0.132	0.686	0.4936	0.1252	0.7104	1.3799	0.5122	0.5028	0.2119		
		0.3852	0.3374	0.2387	1.3308	0.3244	0.4193	0.3055	1.6198	0.7522	0.2923	2.1875	2.056		0.2377	0.1794	0.1778	0.97	0.2489	0.3189	0.2514	1.1494	0.6018	0.2379	1.4006	1.2775		
		2.0986	0.2224	1.2031	2.1382	1.6651	0.2811	0.1748	0.2826	0.2887	0.1498	0.2926	0.6181		0.9497	0.172	0.5728	1.0739	0.9033	0.2095	0.1236	0.2083	0.2223	0.1175	0.227	0.2794		
		0.459	0.2795	1.5974	1.3492	0.157	0.4502	0.1599	0.1505	0.1669	0.2089	0.7111	1.0975		0.2669	0.2181	0.7326	0.5643	0.1283	0.3302	0.1264	0.1146	0.1223	0.1575	0.4988	0.8867		
		0.4165	0.177	0.1982	1.3266	0.7377	0.3677	0.2014	0.2006	0.1582	0.1807	0.1661	0.5516		0.2497	0.1307	0.1668	0.7151	0.51	0.2922	0.1533	0.1385	0.1176	0.1413	0.1343	0.3828		
		
~End
Copyright © 2003 Molecular Devices. All rights reserved.
