##BLOCKS= 1          
Plate:	Plate#1	1.3	PlateFormat	Endpoint	Absorbance	Raw	FALSE	1						2	490 750	1	12	96	1	8	None	
	Temperature(¡C)	1	2	3	4	5	6	7	8	9	10	11	12		1	2	3	4	5	6	7	8	9	10	11	12		
	23.10	0.1834	0.2081	0.1538	0.44	0.2434	0.7278	0.262	0.4321	1.7497	1.0014	0.1954	2.2285		0.1443	0.1159	0.125	0.3464	0.1957	0.5902	0.202	0.333	1.4131	0.8428	0.1316	1.447		
		0.652	0.1669	0.31	0.16	0.1812	0.1741	1.3874	1.4142	1.6783	0.5104	0.1783	1.6913		0.5162	0.1329	0.2143	0.1222	0.1425	0.1338	1.0326	0.7773	1.1258	0.3476	0.1208	1.1105		
		0.1489	0.1419	1.1231	0.1626	0.2304	0.2063	0.2266	1.1007	1.4064	0.2572	0.3564	1.2092		0.1188	0.1154	0.8531	0.1328	0.1754	0.1601	0.1816	0.8771	1.0181	0.1962	0.2739	0.8781		
		0.2038	0.1778	0.1476	0.4612	0.6567	0.1751	0.1822	0.5808	1.5368	1.0418	1.3093	1.256		0.1832	0.1435	0.1177	0.3443	0.5194	0.1438	0.1391	0.4547	1.0714	0.687	0.8784	0.9851		
		0.3585	0.596	0.2976	0.4506	0.1533	0.2845	0.3308	1.7893	0.5186	0.3911	1.9978	2.0636		0.23	0.3301	0.2221	0.3442	0.1194	0.2211	0.2601	1.268	0.3942	0.2999	1.3325	1.3439		
		2.6328	1.061	1.333	1.6664	1.1572	0.3783	0.1809	0.4109	0.2209	0.1686	0.1474	1.6014		1.3007	0.5959	0.5958	0.8663	0.7112	0.2856	0.1267	0.2959	0.1723	0.1341	0.1125	1.1696		
		0.2392	0.2578	1.2922	0.6757	0.1434	0.3362	0.1697	0.1811	0.1772	0.1505	0.2261	0.1579		0.1684	0.2258	0.5736	0.3802	0.1205	0.2452	0.1338	0.1386	0.1306	0.1167	0.1691	0.1208		
		0.2813	0.204	0.3829	1.1573	0.3424	0.5327	0.1623	0.1447	0.1877	0.1379	0.4716	0.2961		0.2245	0.1475	0.2906	0.6852	0.2526	0.4328	0.1287	0.1116	0.1503	0.1122	0.3564	0.2097		
		
~End
Copyright © 2003 Molecular Devices. All rights reserved.
