##BLOCKS= 1          
Plate:	Plate#1	1.3	PlateFormat	Endpoint	Absorbance	Raw	FALSE	1						2	490 750	1	12	96	1	8	None	
	Temperature(¡C)	1	2	3	4	5	6	7	8	9	10	11	12		1	2	3	4	5	6	7	8	9	10	11	12		
	23.50	0.1939	0.2386	0.168	0.168	0.1649	0.1622	0.1835	0.148	0.1475	0.1538	0.1731	0.1515		0.1284	0.128	0.1308	0.1303	0.1284	0.1289	0.1292	0.1135	0.115	0.1235	0.1188	0.1203		
		0.4359	0.1443	0.2651	0.1902	0.1837	0.1915	0.1713	0.2681	2.5971	0.1674	0.1936	0.2254		0.3822	0.1117	0.1762	0.1344	0.1339	0.133	0.1241	0.2203	1.6531	0.1257	0.1367	0.1715		
		0.1822	0.1751	0.147	0.1842	0.1882	0.1805	0.1435	0.1603	0.1596	0.1657	0.1697	0.1487		0.1308	0.1385	0.1181	0.137	0.1324	0.1258	0.1172	0.1224	0.1209	0.1264	0.129	0.1206		
		0.2047	0.1595	0.1673	0.2024	0.196	0.1809	0.1799	0.1838	0.1733	0.1478	0.1788	0.1499		0.1405	0.1212	0.1211	0.1427	0.1398	0.1332	0.1284	0.1354	0.1312	0.1211	0.134	0.1184		
		0.1955	0.1661	0.1543	0.1788	0.1482	0.1858	0.1756	0.1495	0.173	0.1677	0.1792	0.1535		0.1218	0.124	0.1182	0.1311	0.1174	0.1314	0.1269	0.1213	0.1273	0.1307	0.1293	0.1122		
		0.1672	0.6097	0.161	0.1662	0.158	0.1513	0.2176	0.2036	0.157	0.1824	0.1743	0.2389		0.1369	0.5173	0.1288	0.1366	0.1258	0.1174	0.1448	0.1428	0.1228	0.1355	0.1353	0.183		
		0.166	0.3815	0.1562	0.1541	0.1452	0.1592	0.1888	0.1962	0.1973	0.1912	0.21	0.1924		0.1245	0.3411	0.1259	0.1214	0.1196	0.1269	0.1329	0.1313	0.1366	0.1372	0.143	0.1363		
		0.1693	0.1785	0.1651	0.176	0.3578	0.2574	0.2176	0.182	0.2182	0.1751	0.1849	0.1637		0.1285	0.1238	0.1234	0.1442	0.2914	0.1805	0.1421	0.1333	0.1431	0.1294	0.1279	0.1197		
		
~End
Copyright © 2003 Molecular Devices. All rights reserved.
