##BLOCKS= 1          
Plate:	Plate#1	1.3	PlateFormat	Endpoint	Absorbance	Raw	FALSE	1						2	490 750	1	12	96	1	8	None	
	Temperature(¡C)	1	2	3	4	5	6	7	8	9	10	11	12		1	2	3	4	5	6	7	8	9	10	11	12		
	23.50	0.1963	0.2181	0.1777	0.1631	0.1618	0.1686	0.2066	0.15	0.1517	0.1493	0.1884	0.1647		0.1357	0.12	0.1366	0.1245	0.1269	0.1335	0.1499	0.1158	0.1163	0.1191	0.1297	0.1296		
		0.6356	0.1485	0.2782	0.19	0.1645	0.1692	0.1889	0.3153	0.1748	0.1773	0.1932	0.1604		0.506	0.1114	0.1797	0.1313	0.1281	0.1243	0.1394	0.2609	0.1384	0.1319	0.1345	0.1251		
		0.2247	0.1536	0.1443	0.1782	0.1794	0.1834	0.1547	0.1727	0.1707	0.1742	0.1732	0.16		0.1421	0.1224	0.1163	0.1294	0.1273	0.1292	0.1265	0.1264	0.1232	0.1304	0.1307	0.1299		
		0.2059	0.1774	0.1934	0.1892	0.1869	0.1704	0.1995	0.1748	0.173	0.1611	0.1781	0.1563		0.1376	0.1287	0.1394	0.1293	0.133	0.1338	0.1435	0.1337	0.1305	0.1277	0.1353	0.1239		
		0.2066	0.1753	0.1502	0.1727	0.1624	0.1786	0.1846	0.1571	0.188	0.1806	0.1712	0.185		0.1234	0.1298	0.1163	0.1266	0.1285	0.1271	0.1378	0.1266	0.1352	0.1358	0.1272	0.1361		
		0.1738	0.5774	0.1658	0.1601	0.1452	0.1613	0.2081	0.1912	0.1679	0.185	0.1684	0.1618		0.1426	0.4987	0.1328	0.1302	0.1171	0.1232	0.1404	0.1412	0.1279	0.1376	0.1293	0.1286		
		0.1655	0.3689	0.1727	0.1651	0.1434	0.1834	0.1729	0.2278	0.1966	0.1927	0.1824	0.2134		0.1305	0.3213	0.1406	0.1296	0.1182	0.1481	0.1256	0.1513	0.1389	0.1342	0.1267	0.1477		
		0.1746	0.2079	0.1686	0.1696	0.1852	0.1961	0.2083	0.1652	0.2089	0.1779	0.1774	0.1703		0.1322	0.1383	0.1246	0.1395	0.1504	0.1392	0.139	0.1317	0.138	0.1318	0.1297	0.123		
		
~End
Copyright © 2003 Molecular Devices. All rights reserved.
