##BLOCKS= 1          
Plate:	Plate#1	1.3	PlateFormat	Endpoint	Absorbance	Raw	FALSE	1						2	490 750	1	12	96	1	8	None	
	Temperature(¡C)	1	2	3	4	5	6	7	8	9	10	11	12		1	2	3	4	5	6	7	8	9	10	11	12		
	23.60	0.1682	0.172	0.1621	0.1855	0.1668	0.1603	0.1724	0.1974	0.1798	0.1645	0.2012	0.1589		0.1339	0.1156	0.1299	0.1467	0.1352	0.1293	0.1388	0.1442	0.1309	0.131	0.1347	0.1279		
		0.4851	0.2288	0.2697	0.171	0.1635	0.1609	0.1745	0.1432	0.1669	0.1669	0.1967	0.1592		0.3826	0.2102	0.188	0.1342	0.1324	0.1308	0.1398	0.117	0.1341	0.1351	0.1431	0.1275		
		0.1645	0.1773	0.1644	0.1887	0.1788	0.1865	0.1827	0.1682	0.1643	0.1836	0.1904	0.245		0.1307	0.1414	0.131	0.1469	0.1362	0.1532	0.1452	0.1376	0.1326	0.1505	0.1582	0.196		
		0.2745	0.1737	0.1595	0.1663	0.1663	0.1746	0.1735	0.1687	0.1618	0.1632	0.1599	0.1674		0.2425	0.1404	0.1266	0.1382	0.135	0.1422	0.1434	0.1371	0.1325	0.1269	0.1294	0.1308		
		0.2511	0.1605	0.1543	0.1666	0.1641	0.1785	0.1677	0.1802	0.158	0.1826	0.1718	0.2072		0.1465	0.1297	0.1261	0.1345	0.1313	0.1445	0.1366	0.1441	0.1286	0.1447	0.1386	0.1419		
		0.1785	0.1639	0.1789	0.1733	0.1599	0.1915	0.211	0.1668	0.1669	0.1683	0.1554	0.2021		0.1453	0.1347	0.1511	0.1396	0.1321	0.1419	0.147	0.1333	0.1359	0.1374	0.1275	0.1598		
		0.1515	1.138	0.1535	0.1651	0.1603	0.1498	0.1723	0.1707	0.1613	0.1562	0.1558	0.1879		0.1203	0.8818	0.1278	0.1357	0.1297	0.1249	0.1365	0.1359	0.1291	0.1236	0.1276	0.1435		
		0.1565	0.1732	0.1588	0.1522	0.1615	0.1617	0.1743	0.2016	0.1811	0.1904	0.1488	0.1834		0.1286	0.1363	0.1258	0.1269	0.1292	0.1281	0.1335	0.1438	0.1347	0.1551	0.1214	0.1388		
		
~End
Copyright © 2003 Molecular Devices. All rights reserved.
