##BLOCKS= 1          
Plate:	Plate#1	1.3	PlateFormat	Endpoint	Absorbance	Raw	FALSE	1						2	490 750	1	12	96	1	8	None	
	Temperature(¡C)	1	2	3	4	5	6	7	8	9	10	11	12		1	2	3	4	5	6	7	8	9	10	11	12		
	23.60	0.1786	0.2196	0.1811	0.1771	0.1602	0.168	0.1717	0.179	0.1923	0.1753	0.2282	0.1581		0.1338	0.1424	0.1498	0.1409	0.131	0.1366	0.1377	0.1335	0.1406	0.139	0.1555	0.1279		
		0.4844	0.1456	0.3792	0.1728	0.2363	0.2203	0.2392	0.147	0.172	0.1635	0.2071	0.249		0.3659	0.1142	0.2637	0.1379	0.1903	0.1763	0.1957	0.1193	0.1371	0.1322	0.1535	0.1927		
		0.1838	0.1696	0.1825	0.1927	0.1794	0.1677	0.175	0.2017	0.2198	0.167	0.1659	0.1625		0.147	0.1365	0.149	0.1515	0.1374	0.1368	0.139	0.1617	0.1647	0.1351	0.1349	0.1309		
		0.1876	0.1693	0.1572	0.2026	0.1657	0.169	0.1858	0.1599	0.1663	0.1929	0.176	0.1785		0.141	0.1364	0.1332	0.1695	0.1332	0.1394	0.1523	0.1357	0.1354	0.1569	0.1428	0.1414		
		0.2521	0.1644	0.155	0.1555	0.1654	0.1536	0.1654	0.1685	0.159	0.1766	0.1666	0.219		0.1442	0.1319	0.1267	0.1262	0.1302	0.1253	0.1347	0.1354	0.1298	0.1419	0.134	0.1469		
		0.1808	0.1619	0.1505	0.1779	0.1665	0.1875	0.2197	0.1689	0.1595	0.1678	0.1635	0.5693		0.1511	0.1302	0.1253	0.1417	0.137	0.1386	0.1517	0.1344	0.1303	0.1373	0.1329	0.4898		
		0.1758	0.9789	0.1619	0.1608	0.1596	0.1697	0.1787	0.1756	0.1801	0.1615	0.1633	0.2235		0.1419	0.7235	0.1346	0.1311	0.1297	0.1407	0.1412	0.139	0.1403	0.127	0.1331	0.1674		
		0.3108	0.1983	0.8599	0.1552	0.1627	0.163	0.1746	0.1972	0.1874	0.1564	0.1569	0.3283		0.2473	0.1577	0.8558	0.1292	0.1308	0.1323	0.138	0.148	0.1358	0.1247	0.1266	0.2655		
		
~End
Copyright © 2003 Molecular Devices. All rights reserved.
