##BLOCKS= 1          
Plate:	Plate#1	1.3	PlateFormat	Endpoint	Absorbance	Raw	FALSE	1						2	490 750	1	12	96	1	8	None	
	Temperature(¡C)	1	2	3	4	5	6	7	8	9	10	11	12		1	2	3	4	5	6	7	8	9	10	11	12		
	23.60	0.2608	0.1648	0.1641	0.1871	0.1846	0.1646	0.1595	0.174	0.21	0.1659	0.2116	0.2355		0.2014	0.1108	0.1336	0.1503	0.1453	0.1323	0.1291	0.1292	0.152	0.1321	0.142	0.186		
		0.5665	0.1526	0.2763	0.1696	0.1653	0.1609	0.16	0.143	0.1656	0.1679	0.1912	0.1554		0.4209	0.1186	0.1925	0.1351	0.1334	0.1292	0.1307	0.1135	0.133	0.1356	0.1405	0.1252		
		0.1594	0.1703	0.1726	0.1942	0.1813	0.1745	0.1833	0.1749	0.1548	0.172	0.1678	0.2167		0.1309	0.1354	0.1379	0.1531	0.1352	0.141	0.1456	0.1434	0.1256	0.1402	0.1357	0.1648		
		0.1605	0.1671	0.1651	0.1765	0.1705	0.1854	0.1702	0.1732	0.1662	0.1797	0.1776	0.1448		0.1321	0.1333	0.1326	0.1431	0.1347	0.1528	0.1397	0.14	0.1338	0.1413	0.143	0.126		
		0.2238	0.1609	0.155	0.1626	0.1714	0.166	0.1735	0.1704	0.1686	0.1705	0.1635	0.2291		0.1313	0.131	0.1266	0.1314	0.1357	0.1345	0.1414	0.1369	0.1368	0.1374	0.1329	0.1635		
		0.1525	0.1664	0.1644	0.1682	0.1589	0.1965	0.2167	0.1646	0.1714	0.1705	0.1588	0.347		0.1301	0.1344	0.1354	0.1368	0.1319	0.143	0.1494	0.1302	0.1384	0.1376	0.1298	0.2874		
		0.1615	1.0003	0.1547	0.1697	0.1608	0.1513	0.1673	0.1593	0.1693	0.175	0.1624	0.1627		0.1298	0.7486	0.1283	0.1374	0.1303	0.1257	0.1346	0.1268	0.1356	0.1362	0.133	0.1334		
		0.1934	0.1713	0.1718	0.1618	0.1656	0.168	0.1716	0.2024	0.189	0.1607	0.1572	0.2043		0.1672	0.135	0.1328	0.1338	0.1323	0.1311	0.135	0.1493	0.1371	0.127	0.1268	0.1494		
		
~End
Copyright © 2003 Molecular Devices. All rights reserved.
