##BLOCKS= 1          
Plate:	Plate#1	1.3	PlateFormat	Endpoint	Absorbance	Raw	FALSE	1						2	490 750	1	12	96	1	8	None	
	Temperature(¡C)	1	2	3	4	5	6	7	8	9	10	11	12		1	2	3	4	5	6	7	8	9	10	11	12		
	23.20	0.2545	1.2503	0.2683	2.6096	0.2465	0.6128	0.7846	1.2369	1.476	1.2247	2.8629	1.9787		0.1654	0.7137	0.1838	1.5028	0.1599	0.4106	0.3803	0.9456	1.0919	0.8312	0.8491	1.5171		
		0.4275	2.148	1.921	0.3322	2.102	1.3285	1.9575	1.1978	1.7383	0.6733	2.0568	2.0215		0.3301	1.4533	1.3111	0.2116	1.3352	0.97	1.4929	0.8436	1.3272	0.4092	1.5094	1.5449		
		1.2298	0.2152	1.7075	0.9274	1.3528	1.7715	0.3653	1.7955	2.4479	0.902	2.1032	1.9931		0.7076	0.1615	0.8541	0.6105	0.911	1.027	0.2409	1.2736	1.5844	0.5711	1.5553	1.5474		
		1.7713	2.1717	0.2445	2.2034	0.3574	1.3196	0.3303	1.8097	0.3255	0.5048	2.2941	1.8648		1.3138	1.5891	0.1675	1.1322	0.2332	0.8096	0.2154	1.1897	0.2073	0.3008	1.2226	1.1885		
		1.9168	1.4787	0.2715	1.1821	1.4183	2.3842	2.495	0.3838	2.2479	0.331	0.3335	1.9651		1.2415	0.6667	0.1832	0.7911	0.9911	1.3905	1.7286	0.2398	1.1759	0.211	0.2127	1.0991		
		0.8589	0.9848	1.4882	1.63	0.5347	1.6723	1.1626	0.3566	0.3721	1.0052	1.8862	2.45		0.6258	0.6095	0.6789	1.0549	0.373	0.8915	0.534	0.2433	0.2415	0.5488	0.8051	1.0097		
		0.3959	1.3579	0.7759	0.9221	1.6424	0.3096	0.4702	1.5615	0.43	1.2058	0.9533	1.6277		0.2416	0.9504	0.512	0.5004	0.8628	0.2101	0.2889	1.093	0.2733	0.7554	0.5396	0.8204		
		0.4527	1.6123	1.835	0.9921	1.8176	0.9606	1.184	0.2586	0.2563	0.2482	0.2246	0.2679		0.2828	0.7622	1.0781	0.5671	0.9317	0.5903	0.6918	0.149	0.1636	0.1648	0.1473	0.1691		
		
~End
Copyright © 2003 Molecular Devices. All rights reserved.
