##BLOCKS= 1          
Plate:	Plate#1	1.3	PlateFormat	Endpoint	Absorbance	Raw	FALSE	1						2	490 750	1	12	96	1	8	None	
	Temperature(¡C)	1	2	3	4	5	6	7	8	9	10	11	12		1	2	3	4	5	6	7	8	9	10	11	12		
	23.10	0.343	1.1807	0.2669	2.5639	0.2554	0.5569	1.2793	1.1389	1.5879	1.3574	2.7503	2.1953		0.2193	0.713	0.1814	1.4419	0.1635	0.3694	0.6772	0.8482	1.1615	0.9448	0.8523	1.6616		
		0.4177	1.6085	2.0119	0.3255	1.9192	1.4872	2.0889	1.1488	1.8133	0.6008	1.9037	2.2645		0.3371	1.1158	1.3855	0.2145	1.0862	1.1096	1.6372	0.7844	1.3914	0.3595	1.412	1.736		
		1.2687	0.2273	1.9709	0.7357	1.4145	1.6954	0.353	1.9731	1.8355	0.9538	1.9619	1.915		0.7276	0.1685	0.9647	0.4572	0.953	0.9215	0.2294	1.3478	1.1077	0.6137	1.411	1.49		
		1.9482	2.1773	0.2737	2.3001	0.3881	1.0817	0.3166	1.8348	0.3231	0.5301	2.0303	1.9659		1.4535	1.5931	0.1891	1.1496	0.2562	0.6558	0.2125	1.1329	0.2074	0.3237	1.143	1.2322		
		2.044	1.4471	0.2605	1.3562	1.0605	2.2129	2.4695	0.3719	2.3902	0.3215	0.3385	1.8819		1.4012	0.6162	0.1796	0.9076	0.7029	1.2009	1.6392	0.2371	1.23	0.213	0.2197	0.9051		
		0.8529	0.9406	1.6188	1.5649	0.5109	1.8013	1.3454	0.3357	0.3946	1.0107	1.852	1.9972		0.5859	0.5894	0.729	1.0276	0.3572	0.9404	0.6647	0.2309	0.2547	0.5462	0.727	0.858		
		0.5012	1.5029	0.8565	1.1722	1.5624	0.3182	0.4641	1.5029	0.407	0.8076	1.1822	1.5829		0.3108	0.9753	0.5706	0.6285	0.811	0.2179	0.2852	1.0239	0.2628	0.4977	0.6766	0.8259		
		0.4631	1.7285	1.7389	0.9339	1.7574	0.9218	1.045	0.2166	0.2831	0.2705	0.2636	0.2852		0.3026	0.8658	0.9801	0.5457	0.8704	0.5827	0.5734	0.1478	0.1839	0.1781	0.1707	0.1863		
		
~End
Copyright © 2003 Molecular Devices. All rights reserved.
