##BLOCKS= 1          
Plate:	Plate#1	1.3	PlateFormat	Endpoint	Absorbance	Raw	FALSE	1						2	490 750	1	12	96	1	8	None	
	Temperature(¡C)	1	2	3	4	5	6	7	8	9	10	11	12		1	2	3	4	5	6	7	8	9	10	11	12		
	22.80	0.314	1.5671	0.3159	2.7288	0.1466	1.7619	2.0748	0.4793	2.293	1.9277	2.8815	2.2503		0.2342	0.9543	0.2399	1.6543	0.119	0.967	1.2073	0.3628	1.2746	0.9981	1.3211	1.4973		
		0.5936	2.224	2.5728	1.9332	2.1149	0.4129	2.644	1.1427	2.3094	0.7393	0.5093	1.7844		0.4954	0.8473	1.5157	1.4096	1.3465	0.3108	1.2341	0.6429	1.501	0.3505	0.2643	1.2076		
		0.7937	0.1562	0.7331	1.0532	2.5177	1.3771	0.4399	2.608	1.8627	2.2925	1.9612	2.0249		0.4705	0.1229	0.5874	0.5348	1.0695	0.5052	0.3185	1.1178	0.7778	1.2923	1.258	1.2557		
		2.4938	1.799	2.0022	1.8533	0.4171	1.7268	0.4568	2.8729	2.6926	0.5276	1.7703	2.5828		1.2822	1.3227	1.3199	1.3065	0.3146	0.8128	0.3527	1.7231	1.4696	0.3972	1.1996	1.4314		
		0.5776	0.8645	0.3154	2.502	0.4173	2.2646	2.4224	0.4168	2.1004	2.4508	0.577	1.7082		0.3777	0.5131	0.244	1.3652	0.3474	1.6134	1.6216	0.3263	1.3116	1.2318	0.4503	1.1604		
		0.7918	0.8791	0.7756	0.8675	0.3602	0.6327	0.47	0.3545	0.3703	0.3679	0.6046	1.0743		0.5425	0.5452	0.5935	0.5883	0.2655	0.4438	0.3504	0.2746	0.291	0.2803	0.4744	0.7327		
		0.4898	1.5437	0.6592	0.5894	1.3028	0.3743	0.3545	0.3301	0.4052	0.2014	0.3285	0.4338		0.3769	1.0737	0.485	0.4554	0.9075	0.2802	0.2846	0.2508	0.3232	0.1604	0.2434	0.2941		
		0.3645	0.5419	0.3942	0.4246	0.3829	0.3949	0.2124	0.2861	0.2664	0.2646	0.2934	0.2761		0.2758	0.4025	0.2969	0.3029	0.2637	0.3095	0.1682	0.2137	0.2094	0.2065	0.23	0.2128		
		
~End
Copyright © 2003 Molecular Devices. All rights reserved.
