##BLOCKS= 1          
Plate:	Plate#1	1.3	PlateFormat	Endpoint	Absorbance	Raw	FALSE	1						2	490 750	1	12	96	1	8	None	
	Temperature(¡C)	1	2	3	4	5	6	7	8	9	10	11	12		1	2	3	4	5	6	7	8	9	10	11	12		
	21.70	0.702	2.2939	0.988	1.9691	0.9259	1.4087	0.8262	1.3007	2.2363	1.2175	1.2675	2.2615		0.2715	1.163	0.3671	1.2433	0.4341	0.6852	0.3331	0.8417	1.3778	0.7384	0.8714	1.3615		
		0.6573	1.8914	1.9514	0.8765	2.0979	0.4635	2.2095	1.1369	1.8411	1.472	0.1644	2.1476		0.5098	1.464	1.3978	0.3981	1.3596	0.1976	1.4385	0.7778	1.2052	0.7748	0.1091	1.2915		
		0.8908	0.1308	1.2611	1.4509	1.8849	1.7087	1.6119	2.3754	2.1107	2.3041	2.0459	2.3528		0.4538	0.1006	0.6614	0.8171	1.1371	1.1614	0.9604	1.7408	1.4805	1.58	1.4495	1.6053		
		2.2387	2.3764	2.2169	2.0172	0.9995	1.9424	1.3556	1.8278	2.4294	0.7304	2.1742	1.8467		1.5604	1.551	1.5053	1.3975	0.4998	1.3822	0.587	1.0914	1.5747	0.354	1.4891	1.3671		
		0.9148	1.2464	1.3819	2.1681	0.7865	2.2332	2.4265	0.9244	2.0365	2.4232	1.1847	2.0755		0.3265	0.625	0.6352	1.5163	0.3131	1.6643	1.5473	0.405	1.2474	1.589	0.5829	1.252		
		1.6883	0.9505	2.0983	2.4953	1.3092	0.8891	0.9907	1.5384	0.7092	0.6531	1.7483	1.8445		0.7909	0.5705	0.9863	1.1201	0.5752	0.494	0.5665	0.4572	0.3468	0.3482	1.0423	0.9631		
		1.7601	1.7336	1.133	1.5476	1.3083	2.3691	0.5967	1.0246	0.4612	0.6938	1.5853	1.5303		0.9813	1.1837	0.6236	0.8149	0.6499	0.975	0.2925	0.541	0.2212	0.3315	0.7029	0.7008		
		0.936	0.8341	1.6584	1.3426	0.7979	0.7258	1.3627	0.9048	0.5598	0.8487	0.7555	0.5614		0.4177	0.378	1.11	0.5274	0.4096	0.2782	0.5337	0.4015	0.2438	0.3704	0.2717	0.2396		
		
~End
Copyright © 2003 Molecular Devices. All rights reserved.
