##BLOCKS= 1          
Plate:	Plate#1	1.3	PlateFormat	Endpoint	Absorbance	Raw	FALSE	1						2	490 750	1	12	96	1	8	None	
	Temperature(¡C)	1	2	3	4	5	6	7	8	9	10	11	12		1	2	3	4	5	6	7	8	9	10	11	12		
	21.80	0.4457	2.3985	0.7074	2.3894	1.2699	0.9604	1.0417	1.4704	2.2652	1.3992	1.197	2.2905		0.1964	1.2025	0.2872	1.477	0.4622	0.4976	0.4225	0.7222	1.5488	0.8405	0.7401	1.3585		
		0.7173	2.07	2.0468	0.5994	2.4223	0.5538	2.4164	1.1099	1.945	1.3473	0.1773	2.372		0.5872	1.5422	1.322	0.2791	1.6428	0.2394	1.5054	0.7677	1.3133	0.6095	0.116	1.3976		
		0.92	0.1593	1.0591	1.4937	1.9466	1.8124	1.5137	2.3299	2.0045	2.38	2.0711	2.2615		0.4188	0.1209	0.5607	0.8876	1.1743	1.3072	0.9002	1.6293	1.4434	1.6176	1.441	1.4282		
		2.3836	2.1052	2.213	2.3123	1.1425	2.1183	0.8761	2.4431	2.3451	1.0798	2.0217	2.2122		1.6099	1.4263	1.512	1.5992	0.5498	1.516	0.4361	1.6427	1.5398	0.5019	1.3946	1.4763		
		1.0364	1.4539	0.7323	2.2697	0.5632	1.961	2.2594	1.5627	2.4339	2.5886	1.5611	2.1394		0.4545	0.7902	0.2914	1.5017	0.2449	1.3125	1.4186	0.761	1.4605	1.7305	0.7327	1.4036		
		1.5492	1.0742	2.7254	2.6567	0.8386	1.195	1.0893	1.1644	0.9116	0.6763	1.5455	1.5199		0.6181	0.6237	1.1706	1.2733	0.4137	0.6499	0.6436	0.3724	0.43	0.3528	0.8243	0.8317		
		1.6257	1.7034	1.6733	1.7939	1.8584	2.2453	0.7279	1.3524	0.7966	1.4596	0.7687	2.618		0.98	1.1412	0.9541	0.9171	1.1349	1.055	0.3667	0.7433	0.3279	0.8268	0.3235	1.1955		
		1.3098	0.9758	1.2845	1.4714	0.7867	0.5969	0.654	0.6636	0.749	0.9741	0.6797	0.5996		0.5355	0.4573	0.7235	0.5921	0.4588	0.2584	0.2545	0.2997	0.3051	0.4205	0.2756	0.2555		
		
~End
Copyright © 2003 Molecular Devices. All rights reserved.
