##BLOCKS= 1          
Plate:	Plate#1	1.3	PlateFormat	Endpoint	Absorbance	Raw	FALSE	1						2	490 750	1	12	96	1	8	None	
	Temperature(¡C)	1	2	3	4	5	6	7	8	9	10	11	12		1	2	3	4	5	6	7	8	9	10	11	12		
	21.80	1.059	2.1022	0.8915	2.2272	1.1891	1.5502	1.4391	1.3266	2.5401	0.4694	1.0365	2.3009		0.4688	1.0417	0.3812	1.3874	0.4441	0.888	0.6742	0.6717	1.6647	0.2735	0.6576	1.2876		
		0.5883	1.9839	2.0493	1.2091	2.4482	0.9587	2.4836	1.1201	2.2942	0.962	0.1681	2.3932		0.4946	1.5045	1.358	0.4635	1.5058	0.4325	1.5301	0.7653	1.3571	0.4889	0.1082	1.4327		
		0.7771	0.1489	1.2954	2.0058	1.7743	1.8157	1.4446	2.2579	1.9245	2.2944	2.054	2.1531		0.3797	0.1143	0.7676	1.2181	1.0782	1.1871	0.8359	1.6478	1.4012	1.5751	1.4326	1.306		
		1.9166	1.9653	2.117	2.1592	1.0011	2.1744	1.8716	2.377	2.1348	1.5877	2.0035	2.0495		1.403	1.3039	1.5114	1.5251	0.5346	1.5629	0.9399	1.4185	1.4029	0.786	1.4636	1.4435		
		0.9348	1.6324	0.513	2.1985	0.7789	2.1819	2.12	1.0708	2.2271	2.5223	1.1735	2.3972		0.4041	0.821	0.2014	1.4809	0.3358	1.506	1.3316	0.4081	1.2995	1.7322	0.6008	1.5319		
		1.6103	1.1618	2.2266	2.7537	1.2078	1.3723	1.1805	1.1402	1.2104	0.9106	1.5727	1.3166		0.8397	0.681	1.0455	1.2563	0.5164	0.7882	0.6622	0.403	0.534	0.45	0.9468	0.6257		
		1.7382	1.7837	1.0206	1.4251	0.8013	1.6637	0.5558	2.4851	0.6667	0.7726	2.4049	1.2156		1.042	1.188	0.5687	0.7593	0.4319	0.7781	0.2633	1.5815	0.2921	0.3905	1.0892	0.5896		
		2.1045	1.1187	0.7466	1.2258	0.5684	1.0238	0.5057	0.7944	0.6089	0.7481	0.8864	0.5711		1.0724	0.5128	0.3856	0.502	0.2877	0.3922	0.2296	0.3376	0.237	0.3024	0.3278	0.2462		
		
~End
Copyright © 2003 Molecular Devices. All rights reserved.
