##BLOCKS= 1          
Plate:	Plate#1	1.3	PlateFormat	Endpoint	Absorbance	Raw	FALSE	1						2	490 750	1	12	96	1	8	None	
	Temperature(¡C)	1	2	3	4	5	6	7	8	9	10	11	12		1	2	3	4	5	6	7	8	9	10	11	12		
	22.40	0.2821	1.6402	0.2967	2.7706	0.3452	0.5531	0.744	0.4522	1.4929	0.3619	2.4821	1.8774		0.1732	0.7715	0.1873	1.7215	0.2169	0.3216	0.4273	0.2942	0.8151	0.2243	0.8409	1.1735		
		0.2969	0.206	1.861	0.8607	2.1225	0.6898	2.606	1.0517	2.0114	0.4278	0.6292	1.979		0.2253	0.1531	1.2162	0.5351	1.1115	0.3779	1.3499	0.7206	1.1951	0.269	0.3609	0.9835		
		0.5381	0.1982	1.2551	0.7641	1.0416	1.7394	1.542	1.433	0.413	0.5103	1.5267	2.1436		0.271	0.1332	0.613	0.3515	0.654	0.8465	0.6707	0.8921	0.2568	0.3399	1.206	1.1317		
		1.6255	1.8833	2.1366	2.6762	0.3514	2.6449	0.3198	1.8086	0.6583	0.4829	2.8609	1.4899		0.9743	1.0659	1.0519	1.3622	0.2039	1.4475	0.184	0.9198	0.3728	0.2557	1.2765	0.9155		
		0.6062	0.8285	0.2985	2.2088	1.2678	2.2513	2.581	0.324	2.6885	0.9182	0.3586	2.0217		0.3206	0.4077	0.1752	1.1263	0.8368	1.113	1.1432	0.2086	1.2841	0.5721	0.2129	1.008		
		1.4078	0.7683	1.1058	1.4715	1.895	1.5817	1.3853	0.3407	0.318	0.8034	0.7458	1.1912		0.896	0.4253	0.4897	0.7935	0.848	0.5684	0.6273	0.2374	0.2031	0.4223	0.3523	0.4933		
		0.2732	2.0884	0.3322	0.9047	1.578	2.0151	0.408	0.9391	0.8404	0.4284	0.5524	0.6876		0.1774	1.0109	0.2258	0.3711	0.8112	0.922	0.2131	0.485	0.4048	0.2145	0.2697	0.3195		
		0.4934	0.5213	0.4289	0.5712	0.5473	1.4278	0.4446	0.2768	1.9764	0.2926	0.2373	0.3033		0.2924	0.2624	0.1853	0.289	0.3675	0.5884	0.1822	0.1536	0.8862	0.1829	0.1574	0.1782		
		
~End
Copyright © 2003 Molecular Devices. All rights reserved.
