##BLOCKS= 1          
Plate:	Plate#1	1.3	PlateFormat	Endpoint	Absorbance	Raw	FALSE	1						2	490 750	1	12	96	1	8	None	
	Temperature(¡C)	1	2	3	4	5	6	7	8	9	10	11	12		1	2	3	4	5	6	7	8	9	10	11	12		
	22.40	0.3375	1.5762	0.2786	1.0808	0.3712	0.4805	0.8131	0.5927	1.8844	0.4246	2.5461	2.011		0.1888	0.7592	0.1673	0.7067	0.2092	0.2786	0.4155	0.3736	0.9089	0.2803	0.9963	1.09		
		0.3891	0.2313	1.7922	1.6907	2.2458	0.6893	1.889	1.4699	1.9219	0.3819	1.2401	2.5957		0.2976	0.1612	1.1648	1.2215	1.143	0.3812	0.9583	1.0404	1.101	0.246	0.7978	1.311		
		0.6261	0.226	1.291	0.7712	1.1931	1.6308	1.6702	1.4343	0.4092	0.5586	2.3165	2.0647		0.2952	0.1467	0.6418	0.4765	0.7385	0.8751	0.7565	0.8948	0.2275	0.37	1.4274	1.0858		
		2.0089	2.2226	2.2809	2.0903	0.4305	2.406	0.38	2.109	0.6223	0.5305	1.8367	1.65		1.0893	1.1295	1.2121	1.109	0.2272	1.3993	0.1909	1.1009	0.3557	0.2761	0.9068	0.9754		
		0.5241	1.1168	0.3296	2.1756	1.2006	2.0185	2.7723	0.5945	2.4424	0.8016	0.3182	2.1315		0.2609	0.5589	0.1867	1.2407	0.7926	0.9909	1.4049	0.4735	1.2272	0.5072	0.1696	0.9962		
		1.3558	0.8083	1.2552	1.3114	1.8875	1.7262	1.1772	0.3224	0.3021	1.0718	1.1032	1.553		0.9237	0.4523	0.5608	0.7737	0.8558	0.6736	0.573	0.2229	0.2028	0.6268	0.4698	0.565		
		0.206	1.2288	0.3915	1.2937	1.6354	2.0613	0.494	1.0623	0.6902	0.4987	0.5522	0.8944		0.144	0.6632	0.269	0.493	0.8081	0.7833	0.2539	0.5403	0.3401	0.2623	0.2609	0.4422		
		0.3165	0.5112	0.6738	0.5839	0.685	2.3268	0.448	0.3163	1.5696	0.2592	0.315	0.2887		0.2064	0.2575	0.2743	0.2989	0.4784	0.9966	0.1875	0.1687	0.7181	0.1623	0.1909	0.1851		
		
~End
Copyright © 2003 Molecular Devices. All rights reserved.
