##BLOCKS= 1          
Plate:	Plate#1	1.3	PlateFormat	Endpoint	Absorbance	Raw	FALSE	1						2	490 750	1	12	96	1	8	None	
	Temperature(¡C)	1	2	3	4	5	6	7	8	9	10	11	12		1	2	3	4	5	6	7	8	9	10	11	12		
	22.10	0.2492	1.1366	0.2039	3.1542	0.2577	2.8414	0.2493	0.5891	1.9538	1.1819	2.6318	2.5853		0.1917	0.7947	0.1569	2.0658	0.1922	1.9679	0.1678	0.4402	1.382	0.8818	1.3205	1.6376		
		0.5416	2.2181	2.5178	3.1071	2.4772	0.7788	2.3538	1.1011	2.2199	0.4037	1.5923	2.4294		0.4247	1.4896	1.6014	2.2087	1.5359	0.5671	1.5215	0.765	1.3461	0.2778	1.0572	1.4464		
		0.4829	0.1406	0.7922	1.6662	1.5444	1.8762	1.9886	2.672	0.3658	2.3988	2.071	2.1192		0.3362	0.1128	0.5271	1.0109	1.023	1.2202	0.8733	1.8206	0.2646	1.6322	1.3742	1.3635		
		2.5793	2.4159	2.3418	2.1649	0.4145	3.1828	1.8708	2.1639	1.8004	0.4939	1.9739	1.9527		1.8783	1.5522	1.4218	1.4421	0.2883	2.456	1.2246	1.4454	1.1986	0.3324	1.2542	1.3124		
		1.9185	1.3391	0.2651	3.2116	0.9269	2.043	2.0667	0.3565	2.269	2.2951	0.3096	2.6352		1.2241	0.7898	0.1874	2.4442	0.6794	1.3894	1.2821	0.26	1.5038	1.4803	0.2294	1.659		
		2.3356	1.0429	1.3981	2.1605	2.0127	2.3421	0.9653	0.3196	0.3301	1.0959	1.6093	1.9501		1.6565	0.6872	0.9044	1.4299	1.2736	1.5599	0.5873	0.2268	0.2425	0.7242	0.8487	0.9434		
		1.2467	1.9792	1.1956	1.1699	0.9113	0.6708	0.5463	2.1241	0.6103	1.7085	1.0222	1.9418		0.6305	1.4821	0.8162	0.7891	0.5667	0.4791	0.3517	1.2131	0.4172	0.9163	0.6285	1.1111		
		0.3869	2.1324	0.6065	0.706	2.2014	1.4916	0.3	0.2573	1.4778	0.2031	0.2306	0.2824		0.2774	1.2805	0.3831	0.4906	1.4325	0.7615	0.2057	0.1621	0.9444	0.1551	0.1776	0.2139		
		
~End
Copyright © 2003 Molecular Devices. All rights reserved.
