##BLOCKS= 1          
Plate:	Plate#1	1.3	PlateFormat	Endpoint	Absorbance	Raw	FALSE	1						2	490 750	1	12	96	1	8	None	
	Temperature(¡C)	1	2	3	4	5	6	7	8	9	10	11	12		1	2	3	4	5	6	7	8	9	10	11	12		
	21.70	0.9405	2.4694	1.5158	2.8886	0.9468	3.0382	1.8077	1.7882	3.2936	3.3108	2.9244	3.5191		0.4041	1.0507	0.5166	1.6631	0.3252	2.2144	0.7351	1.3435	2.0813	2.3402	1.8495	1.8462		
		0.5986	3.1427	2.6206	3.3146	3.4825	1.9527	3.1182	1.8683	3.4044	2.1609	2.2149	3.1775		0.4858	2.1954	1.4892	2.2262	2.2042	1.3069	1.861	1.3021	1.9135	1.1389	1.3797	1.5366		
		1.1343	0.2835	1.893	3.0654	2.4596	2.815	2.5086	3.1623	3.2394	3.1985	3.2547	3.3356		0.6481	0.1567	1.0977	2.1293	1.0708	1.4662	1.0796	2.0455	2.078	1.8861	1.8681	2.0367		
		3.1938	3.2278	3.4782	3.3852	1.3873	3.302	2.3104	3.1458	3.3932	1.9321	3.1662	2.4046		2.0878	1.7715	2.2576	2.0781	0.7003	2.1273	1.2269	1.6786	2.0705	0.9089	1.4961	1.235		
		3.1876	1.804	1.0034	3.2472	2.1183	2.9634	3.2828	1.7867	3.2925	2.7569	1.8316	2.9575		2.4662	0.4906	0.3289	2.1048	1.2815	1.7235	2.012	0.7513	1.7992	1.6882	1.0725	1.6934		
		1.692	1.7852	1.7389	2.2319	2.045	2.3872	2.1208	0.7568	1.6091	2.5677	1.3519	2.4864		1.1345	0.7598	0.9643	1.3293	1.3001	0.964	1.0854	0.5213	0.6544	1.4379	0.7952	0.9705		
		2.0894	3.1691	1.2949	1.9507	1.3084	1.5105	2.1028	1.9512	1.4513	1.2693	1.6232	1.8258		0.949	2.1802	0.8513	1.0716	0.6972	0.9947	1.2228	1.0095	0.7849	0.6657	0.7997	0.7333		
		0.7481	1.6497	1.602	1.4486	1.8714	1.6291	1.0021	0.317	1.497	0.8941	0.8533	0.9326		0.4034	0.8762	1.0051	0.8897	0.8531	0.6912	0.3951	0.2017	0.5361	0.3815	0.2948	0.3565		
		
~End
Copyright © 2003 Molecular Devices. All rights reserved.
