##BLOCKS= 1          
Plate:	Plate#1	1.3	PlateFormat	Endpoint	Absorbance	Raw	FALSE	1						2	490 750	1	12	96	1	8	None	
	Temperature(¡C)	1	2	3	4	5	6	7	8	9	10	11	12		1	2	3	4	5	6	7	8	9	10	11	12		
	21.60	0.5882	2.5012	1.1395	2.7821	1.0775	3.2876	2.416	1.8559	2.8963	3.5423	2.8436	3.4474		0.2289	1.028	0.3736	1.5775	0.3795	2.4719	1.1225	1.4152	1.8886	2.6272	1.7648	1.6831		
		0.4666	3.1438	2.8286	3.2978	3.4789	2.607	3.1559	1.8039	3.3133	2.2354	2.6978	3.4775		0.3707	2.2241	1.6362	2.4907	1.9879	1.6768	1.805	1.2158	1.8629	1.2303	1.7195	1.8222		
		1.2749	0.2109	2.4324	2.9488	2.7928	2.9189	2.7387	3.0455	3.0327	3.3034	3.3331	3.3054		0.732	0.1359	1.2788	2.0396	1.1935	1.5264	1.0901	1.9476	1.9859	2.0381	1.8663	1.8895		
		3.0288	3.3074	3.4009	3.3411	1.6941	3.0367	2.4721	2.9581	3.3315	1.8666	3.2179	2.5462		1.9777	2.0136	2.4141	2.0155	0.7788	1.9781	1.4632	1.5333	2.0968	0.8715	1.6004	1.3912		
		3.1795	1.2229	1.0583	3.2155	2.124	2.58	3.0056	1.095	3.247	2.6678	1.4205	3.3047		2.5085	0.3589	0.3597	2.0729	1.3593	1.5345	1.4888	0.4697	1.8335	1.6749	0.6524	2.039		
		1.9167	1.9939	1.8441	2.2055	2.0745	2.1614	1.5729	0.418	1.1117	1.5516	2.0397	2.2732		1.2936	0.854	1.0424	1.2935	1.3471	0.9312	0.8413	0.2837	0.5063	0.8495	1.1995	0.9509		
		1.5915	3.2344	1.3852	1.8089	2.0528	1.6108	1.5595	1.6667	1.3654	1.6746	1.0898	2.0943		0.6516	2.291	0.9259	0.9672	1.1105	0.9959	0.9141	0.9445	0.8039	0.8507	0.5242	0.931		
		1.2818	1.9266	1.9469	1.4852	2.4613	1.6195	0.8912	0.5451	0.9481	0.8343	0.9293	1.0191		0.6095	1.0003	1.0801	0.9234	1.0864	0.7344	0.3643	0.2124	0.3601	0.3276	0.349	0.4185		
		
~End
Copyright © 2003 Molecular Devices. All rights reserved.
