##BLOCKS= 1          
Plate:	Plate#1	1.3	PlateFormat	Endpoint	Absorbance	Raw	FALSE	1						2	490 750	1	12	96	1	8	None	
	Temperature(¡C)	1	2	3	4	5	6	7	8	9	10	11	12		1	2	3	4	5	6	7	8	9	10	11	12		
	23.50	0.2815	1.3166	0.3541	2.5556	0.2901	0.4209	0.613	0.5464	1.5664	0.3084	2.0165	1.7514		0.1616	0.9482	0.2327	1.527	0.1899	0.2953	0.3723	0.3497	0.8517	0.2503	0.8546	1.116		
		0.4907	2.028	2.1361	0.2908	1.7555	0.3462	1.7737	0.9971	2.1004	0.4651	0.2402	2.0816		0.3807	1.4815	1.1808	0.1817	1.0484	0.2004	1.084	0.6533	1.1396	0.2964	0.1669	1.1738		
		0.8162	0.187	0.5757	1.297	1.2157	1.3263	1.4612	2.376	1.8133	1.8068	1.9499	1.984		0.4328	0.1335	0.3718	0.8288	0.7626	0.9357	0.7877	1.3188	1.1192	1.1831	1.2259	1.1082		
		2.5227	2.3587	2.259	2.2884	0.5199	2.1737	0.5813	2.0941	2.1781	1.091	2.2933	1.7701		1.3842	1.2579	1.2753	1.1843	0.3224	1.253	0.3274	1.0548	1.1884	0.6202	1.1213	0.9196		
		0.7236	1.2991	0.3055	2.1466	0.5125	2.4118	2.1395	0.4878	2.0576	2.276	0.3751	2.3403		0.3238	0.7295	0.2105	1.1509	0.3054	1.3352	1.1219	0.3261	1.0566	1.2058	0.2428	1.0761		
		1.245	0.8036	1.1791	2.1852	1.7706	2.0928	1.0652	0.4049	0.7104	1.3726	0.8886	1.5914		0.8415	0.4622	0.5532	0.9375	0.8909	0.6876	0.5816	0.2627	0.3798	0.6862	0.4516	0.7658		
		1.4231	1.5808	0.5386	1.3219	1.2391	1.2814	0.3923	0.6822	0.8048	0.5884	0.5041	1.0833		0.6422	0.953	0.341	0.6453	0.683	0.7868	0.2635	0.4603	0.6012	0.3965	0.3225	0.7104		
		0.3433	0.4128	2.2606	0.8285	1.0776	0.9168	0.3294	0.3635	0.2746	0.2881	0.2201	0.3486		0.2103	0.2528	1.1215	0.4725	0.6724	0.5977	0.2267	0.2248	0.1874	0.1941	0.1527	0.2267		
		
~End
Copyright © 2003 Molecular Devices. All rights reserved.
