##BLOCKS= 1          
Plate:	Plate#1	1.3	PlateFormat	Endpoint	Absorbance	Raw	FALSE	1						2	490 750	1	12	96	1	8	None	
	Temperature(¡C)	1	2	3	4	5	6	7	8	9	10	11	12		1	2	3	4	5	6	7	8	9	10	11	12		
	22.00	1.9769	2.6697	0.7233	2.7342	0.6299	2.9742	1.7279	0.8968	2.0722	3.0298	2.6682	2.8791		0.5733	0.9031	0.1924	1.2644	0.1966	1.4648	0.4741	0.5569	1.3325	2.0819	1.1618	1.2848		
		0.5373	0.4281	2.1799	2.4675	2.4701	2.5258	2.5126	1.3638	2.4811	2.4551	2.2962	2.814		0.4129	0.2056	1.1943	1.3505	1.2891	1.3662	1.3675	0.8228	1.2913	1.1936	1.2121	1.2857		
		0.5912	0.1819	1.834	1.4511	2.6369	0.7106	1.4421	0.9537	0.8912	1.0641	2.7287	2.7992		0.2777	0.1347	0.7653	0.5319	1.1156	0.1891	0.3542	0.4486	0.2796	0.297	1.4504	1.3672		
		2.6937	2.7702	1.2127	2.7078	1.0893	2.1759	1.1455	2.4856	1.6635	1.6182	2.4895	2.874		1.3171	1.3155	0.2861	1.4427	0.3405	1.1342	0.5281	1.3664	0.4059	0.4904	1.413	1.1819		
		2.7152	1.1796	0.7742	1.7569	0.6952	2.3047	1.337	1.2395	2.1493	1.5104	0.8892	2.1405		1.4801	0.3364	0.2068	0.7345	0.2306	1.3404	0.3197	0.318	0.9364	0.5371	0.24	1.0954		
		2.035	1.0916	2.1638	1.2488	0.7328	0.6676	1.7793	0.4246	0.7498	0.8615	2.0287	1.8503		0.6592	0.6544	0.7499	0.6892	0.4744	0.1836	0.5918	0.2321	0.2655	0.3681	0.6872	0.5547		
		0.7489	1.4309	0.5025	1.7631	1.7788	0.8574	0.8325	2.1804	0.8477	1.2407	0.6221	1.8033		0.2263	0.6662	0.3025	0.5091	0.5516	0.2493	0.2695	1.0114	0.2999	0.3957	0.2082	0.7821		
		1.0113	1.3106	0.8081	1.3888	1.8321	1.4876	0.7317	0.3775	0.7156	0.5915	0.7306	0.6404		0.3389	0.4239	0.2532	0.5313	0.5002	0.3529	0.1905	0.1652	0.2086	0.1849	0.1906	0.1781		
		
~End
Copyright © 2003 Molecular Devices. All rights reserved.
