##BLOCKS= 1          
Plate:	Plate#1	1.3	PlateFormat	Endpoint	Absorbance	Raw	FALSE	1						2	490 750	1	12	96	1	8	None	
	Temperature(¡C)	1	2	3	4	5	6	7	8	9	10	11	12		1	2	3	4	5	6	7	8	9	10	11	12		
	21.90	1.6302	2.5127	0.7493	2.5408	1.1662	2.3866	1.6145	0.8399	2.2059	2.5633	2.838	2.868		0.3752	0.9476	0.188	1.1694	0.2549	1.1167	0.4957	0.5068	1.4046	1.1289	1.2695	1.3062		
		0.4331	0.4534	2.3685	2.7068	2.6033	2.7383	2.887	1.4627	2.5856	2.2243	2.7824	2.644		0.3324	0.2086	1.2331	1.5265	1.2783	1.4731	1.5842	0.9	1.3167	0.9631	1.3292	1.1591		
		0.7667	0.1759	2.155	1.2916	2.8019	1.3648	1.6914	1.7347	0.987	1.239	2.6033	2.8697		0.2604	0.1283	0.7827	0.5117	1.0841	0.3656	0.4037	0.9538	0.3391	0.3164	1.4026	1.4204		
		2.8267	2.8348	1.403	2.6868	1.2028	2.3936	0.857	2.4858	1.4067	1.9808	2.831	2.8371		1.4312	1.2788	0.3415	1.3819	0.3307	1.1336	0.396	1.3032	0.3528	0.6046	1.4376	1.2937		
		2.605	1.8233	0.46	1.9483	0.8149	2.6462	1.5757	1.3567	2.1708	1.2846	1.0173	1.9648		1.4095	0.4655	0.151	0.7953	0.2553	1.3768	0.3675	0.3634	0.93	0.4088	0.2759	0.9865		
		2.0602	1.314	2.2467	1.5426	0.8322	0.7793	1.7047	0.541	0.7909	1.1688	2.1973	1.6344		0.6663	0.6216	0.7692	0.7015	0.4674	0.2126	0.5338	0.2507	0.2561	0.3657	0.7298	0.4712		
		0.4606	1.8013	0.496	2.3418	1.6552	0.6893	0.8606	2.4573	1.1877	0.7351	0.7222	1.7831		0.1486	0.7421	0.277	0.6533	0.5025	0.2107	0.2515	1.0802	0.3664	0.2272	0.2065	0.5878		
		0.9797	1.7875	0.6154	1.6838	1.9851	1.4405	1.0212	0.4069	1.0453	0.6344	0.7645	0.7998		0.2702	0.6337	0.1863	0.5277	0.5566	0.3915	0.293	0.1579	0.3098	0.1952	0.2029	0.2706		
		
~End
Copyright © 2003 Molecular Devices. All rights reserved.
