##BLOCKS= 1          
Plate:	Plate#1	1.3	PlateFormat	Endpoint	Absorbance	Raw	FALSE	1						2	490 750	1	12	96	1	8	None	
	Temperature(¡C)	1	2	3	4	5	6	7	8	9	10	11	12		1	2	3	4	5	6	7	8	9	10	11	12		
	21.90	1.4315	2.4874	0.7939	2.6486	0.7087	3.0059	1.582	0.6936	2.1549	2.1525	1.4723	2.7537		0.44	0.9579	0.198	1.2666	0.2127	1.3707	0.4412	0.3164	1.3437	1.0196	0.3108	1.1709		
		0.4508	0.5003	2.1353	2.2662	2.5286	2.7759	2.8881	1.3789	2.4428	2.2946	2.5293	2.4904		0.3412	0.2153	1.091	1.2732	1.1827	1.4459	1.5352	0.8276	1.2172	1.1063	1.2311	1.0998		
		0.7635	0.1816	1.6047	1.8498	2.4158	0.7198	1.0579	1.7238	1.2051	1.1746	2.8091	2.8065		0.2613	0.1337	0.6798	0.9477	0.8986	0.204	0.2956	0.7945	0.3899	0.3439	1.4625	1.4218		
		2.5524	2.7763	1.564	2.4356	1.0982	2.1742	1.0199	2.558	0.9231	1.6389	2.858	2.8328		1.3302	1.2401	0.4093	1.275	0.2855	1.0592	0.4408	1.3309	0.2478	0.5317	1.4848	1.2495		
		2.8425	1.9923	0.8638	2.2509	0.9039	2.723	1.6425	1.6411	2.8131	1.5117	1.1538	1.9034		1.5128	0.5673	0.2486	0.95	0.2823	1.366	0.3825	0.4272	1.3699	0.4834	0.294	0.8994		
		2.09	1.2449	2.178	1.9003	0.8493	0.4752	1.9938	0.5243	0.964	0.8918	2.1237	1.9422		0.711	0.6749	0.7611	0.796	0.4582	0.1479	0.6173	0.2502	0.2953	0.3055	0.7243	0.5428		
		0.7556	1.5166	0.5781	1.9471	1.9265	0.7857	0.9865	1.5673	0.8594	1.2885	0.8352	1.6514		0.213	0.6717	0.3523	0.5505	0.5821	0.2332	0.2905	0.7762	0.2911	0.4591	0.2642	0.5566		
		1.2087	1.2817	0.91	1.6069	1.881	1.999	1.0753	0.2835	0.8694	0.7695	0.8914	1.601		0.3394	0.3937	0.2394	0.5387	0.5534	0.5423	0.2729	0.1424	0.2473	0.2253	0.2383	0.4297		
		
~End
Copyright © 2003 Molecular Devices. All rights reserved.
