##BLOCKS= 1          
Plate:	Plate#1	1.3	PlateFormat	Endpoint	Absorbance	Raw	FALSE	1						2	490 750	1	12	96	1	8	None	
	Temperature(¡C)	1	2	3	4	5	6	7	8	9	10	11	12		1	2	3	4	5	6	7	8	9	10	11	12		
	23.60	0.585	1.5041	0.5702	3.1172	0.6297	1.1858	2.515	0.6835	1.2216	0.7918	2.9706	2.7208		0.2868	0.8993	0.2797	2.2153	0.3386	0.7301	1.6822	0.4779	0.6952	0.5183	0.9809	1.807		
		0.5577	0.2986	1.5298	0.7458	1.732	0.6847	1.5772	1.6039	1.4319	0.6832	2.2722	1.6318		0.4562	0.1958	0.9089	0.4312	1.1585	0.4282	1.0046	1.0745	0.8512	0.4271	1.4439	0.9496		
		0.9454	0.1787	1.7774	2.1966	1.0147	2.196	0.43	2.4021	2.2736	2.4935	2.4665	2.4852		0.5568	0.1331	1.1838	1.4916	0.585	1.4632	0.2664	1.6416	1.538	1.6407	1.701	1.6615		
		1.8684	1.7138	2.8539	2.337	0.8677	1.3716	1.0692	1.7457	2.795	1.1862	1.6645	2.0092		1.1896	1.0153	1.8697	1.4943	0.5016	0.8541	0.628	0.985	1.8432	0.7417	1.039	1.158		
		1.2234	2.6503	0.4451	2.5417	1.2781	2.5689	1.5661	0.7945	1.9612	2.8134	0.9365	1.3383		0.8267	1.453	0.2487	1.6436	0.8001	1.8318	0.9749	0.4749	1.1535	1.9303	0.5416	0.825		
		0.7642	1.3163	0.8164	1.2498	1.6669	1.7963	0.6762	0.482	0.5275	2.3828	1.7147	1.8461		0.5409	0.8596	0.5734	0.9145	1.1797	1.1434	0.3633	0.3209	0.333	1.4509	1.0686	1.1729		
		0.4795	2.216	1.1169	1.0662	1.4655	0.3284	0.7211	2.1727	0.6725	1.1258	0.8377	1.3296		0.2991	1.6243	0.8074	0.7328	1.0125	0.2337	0.4025	1.4543	0.3965	0.6387	0.5072	0.7152		
		0.8147	0.8154	0.6744	0.7649	0.3161	0.8028	0.3582	0.3293	0.5117	0.3762	0.5444	0.5912		0.5437	0.4939	0.4527	0.5432	0.218	0.4801	0.1979	0.2184	0.253	0.2188	0.2849	0.3007		
		
~End
Copyright © 2003 Molecular Devices. All rights reserved.
