##BLOCKS= 1          
Plate:	Plate#1	1.3	PlateFormat	Endpoint	Absorbance	Raw	FALSE	1						2	490 750	1	12	96	1	8	None	
	Temperature(¡C)	1	2	3	4	5	6	7	8	9	10	11	12		1	2	3	4	5	6	7	8	9	10	11	12		
	23.60	0.536	1.6631	0.4577	2.9645	0.5769	1.097	2.4552	0.6344	1.2059	0.9634	2.8238	1.777		0.2395	0.9357	0.2202	2.0324	0.3109	0.6866	1.6253	0.4395	0.6711	0.5626	0.9233	1.0978		
		0.7969	0.2811	1.4631	0.9392	2.7184	0.7455	1.6648	1.0048	1.4461	0.6251	1.8322	1.8777		0.5824	0.1826	0.8535	0.5393	1.9907	0.4123	1.0363	0.6109	0.8513	0.3865	1.1375	1.1489		
		1.1097	0.1529	1.6588	1.7059	1.3794	2.48	0.4071	2.2381	2.2622	2.0492	2.7486	1.5404		0.6515	0.1133	1.0944	1.1428	0.7872	1.6148	0.2584	1.4742	1.4941	1.3324	1.9179	0.9889		
		1.8791	1.8059	2.2898	1.4441	0.7972	1.336	1.0382	1.7048	1.6348	1.2251	2.2226	1.564		1.1972	1.0597	1.4215	0.8254	0.445	0.8014	0.5991	0.9457	1.0227	0.7388	1.4662	0.8186		
		1.1968	2.3784	0.4363	2.4053	1.3692	1.7987	2.2459	0.7344	1.9006	2.6281	0.8049	1.4714		0.832	1.1755	0.25	1.6234	0.8674	1.142	1.3582	0.4474	1.1287	1.7366	0.4794	0.876		
		0.7601	1.3573	0.864	1.1782	1.5873	1.8878	0.843	0.5996	0.7496	2.1308	1.7356	2.0655		0.5415	0.8757	0.6052	0.859	1.1144	1.1753	0.448	0.4047	0.468	1.3116	1.0979	1.3069		
		0.6476	2.2731	1.0945	0.9679	1.265	0.309	0.9114	2.7421	0.7094	0.9845	0.7624	1.6545		0.4166	1.6535	0.7799	0.6515	0.9533	0.2136	0.5168	1.879	0.4054	0.5612	0.478	0.8826		
		0.7304	0.7821	0.9269	1.0103	0.3444	0.6535	0.4119	0.3809	0.5092	0.415	0.6317	0.4798		0.4968	0.5034	0.6305	0.7399	0.2346	0.3785	0.2266	0.2563	0.2794	0.2359	0.3347	0.2627		
		
~End
Copyright © 2003 Molecular Devices. All rights reserved.
