##BLOCKS= 1          
Plate:	Plate#1	1.3	PlateFormat	Endpoint	Absorbance	Raw	FALSE	1						2	490 750	1	12	96	1	8	None	
	Temperature(¡C)	1	2	3	4	5	6	7	8	9	10	11	12		1	2	3	4	5	6	7	8	9	10	11	12		
	23.20	0.2514	0.9703	0.2958	2.4718	0.2639	1.2599	0.2776	0.5315	1.6093	0.5411	0.9343	2.3873		0.1551	0.6551	0.2118	1.3352	0.1759	0.8323	0.1722	0.3755	1.0631	0.4017	0.5291	1.3077		
		0.4691	2.1984	2.0925	1.017	1.7021	0.9744	1.4991	0.7613	2.0908	0.5524	1.4977	1.708		0.3659	1.4928	1.3165	0.7263	1.0372	0.6011	0.9869	0.5238	1.2871	0.3857	0.9268	1.0305		
		0.5937	0.1439	0.8227	1.0388	1.2592	1.8361	1.592	1.3129	0.321	1.6661	2.4813	1.9198		0.3621	0.116	0.4413	0.6531	0.8667	1.1774	0.6723	0.8615	0.2229	1.0766	1.4917	1.1187		
		1.0307	1.8921	1.8963	1.6512	0.6739	1.6006	1.8273	2.0455	1.8803	0.6129	1.7131	1.3399		0.6651	1.1014	1.1663	1.0088	0.4598	1.0221	1.2011	1.2353	1.1406	0.4463	1.0508	0.8099		
		2.4954	1.0486	0.2688	2.0071	1.0309	1.7384	1.9937	0.3407	1.9028	1.8522	0.3384	2.0479		1.8041	0.4288	0.1752	1.1987	0.7259	1.1143	1.2432	0.2292	1.2218	1.1679	0.2256	1.1607		
		1.51	0.6082	1.4426	1.6099	1.1585	2.0492	1.5506	0.3836	0.5557	0.897	1.0223	1.8062		0.8446	0.3436	0.6776	1.0614	0.7048	0.9245	0.74	0.2355	0.3823	0.4572	0.458	0.7691		
		1.2023	1.2689	1.2001	1.2805	0.1493	0.6199	0.8663	1.5166	1.061	1.1293	1.0503	1.1344		0.6067	0.9194	0.8206	0.593	0.1165	0.4311	0.4456	0.7507	0.5503	0.6716	0.6222	0.58		
		0.3692	1.1921	1.2782	1.1906	0.6153	1.2439	0.4685	0.2884	1.1615	0.1808	0.2728	0.4455		0.2392	0.6256	0.7787	0.7843	0.4323	0.6084	0.2404	0.1766	0.6306	0.1332	0.1533	0.3084		
		
~End
Copyright © 2003 Molecular Devices. All rights reserved.
