##BLOCKS= 1          
Plate:	Plate#1	1.3	PlateFormat	Endpoint	Absorbance	Raw	FALSE	1						2	490 750	1	12	96	1	8	None	
	Temperature(¡C)	1	2	3	4	5	6	7	8	9	10	11	12		1	2	3	4	5	6	7	8	9	10	11	12		
	23.20	0.3776	1.1456	0.3168	2.2364	0.2662	2.1194	0.1767	0.6461	1.5757	0.4217	1.2536	2.255		0.252	0.7633	0.2297	1.2807	0.1882	1.3848	0.1201	0.4565	1.0398	0.3034	0.7861	1.318		
		0.6182	2.257	2.0992	1.5383	1.7898	0.9688	1.3997	0.887	2.2912	0.3667	1.5212	1.5651		0.4954	1.5054	1.3105	1.076	1.1382	0.6427	0.9033	0.6208	1.3624	0.2442	0.9165	0.9452		
		0.5745	0.1445	0.6751	1.362	1.3224	1.1563	1.6343	1.1804	0.3117	1.8436	2.343	1.9812		0.3438	0.1154	0.3715	0.8704	0.8536	0.7159	0.7382	0.769	0.2232	1.1109	1.4075	1.1456		
		1.7881	1.9741	1.865	1.6966	1.0177	1.8647	1.6033	2.06	1.7921	0.6478	1.7932	1.7863		1.1902	1.1464	1.1471	1.049	0.7482	1.1649	1.0308	1.2319	1.0526	0.4391	1.0827	1.1057		
		2.2335	0.8833	0.2406	2.0405	0.7297	2.0007	1.9178	0.3102	2.1225	2.0361	0.3574	1.8737		1.5911	0.3679	0.1482	1.2332	0.5126	1.2704	1.1808	0.2075	1.3205	1.2938	0.2387	1.1176		
		1.9551	0.9546	1.1388	1.4113	1.4513	2.0724	1.6172	0.5309	0.3004	0.7525	1.2116	2.0021		1.0247	0.5218	0.5093	0.9497	0.8684	0.8813	0.85	0.3251	0.207	0.3849	0.5926	0.9061		
		1.2447	1.5262	0.7844	1.4964	0.1514	0.4775	0.9599	1.1982	2.4391	0.809	0.8294	1.3482		0.6139	1.1875	0.5005	0.7317	0.1253	0.325	0.5057	0.5571	1.0863	0.4781	0.4784	0.7138		
		0.4954	1.161	1.0388	1.3766	0.6044	1.3282	0.6566	0.2259	1.3106	0.3925	0.2516	0.2508		0.3125	0.6376	0.6842	0.8758	0.4276	0.6641	0.3686	0.1211	0.6818	0.2776	0.1478	0.1661		
		
~End
Copyright © 2003 Molecular Devices. All rights reserved.
