##BLOCKS= 1          
Plate:	Plate#1	1.3	PlateFormat	Endpoint	Absorbance	Raw	FALSE	1						2	490 750	1	12	96	1	8	None	
	Temperature(¡C)	1	2	3	4	5	6	7	8	9	10	11	12		1	2	3	4	5	6	7	8	9	10	11	12		
	23.30	0.2783	1.7636	0.3931	2.79	0.2365	0.701	0.5917	0.6243	1.2356	0.5673	1.077	2.5136		0.1836	0.9699	0.2361	2.0034	0.1696	0.4933	0.2158	0.479	0.8305	0.4096	0.8603	1.5877		
		0.5771	1.6748	1.9653	1.2034	1.8567	0.7896	2.0277	0.6013	1.8183	0.3981	1.4407	1.992		0.4626	1.4081	1.2534	0.8808	1.2868	0.5055	1.3948	0.4302	1.201	0.288	1.0029	1.2236		
		1.1744	0.2432	1.2502	1.2084	1.2599	1.6793	2.5847	1.8019	1.6826	1.6325	1.8909	2.1875		0.7308	0.1644	0.7975	0.941	0.7465	1.0775	1.1267	1.4591	1.3166	1.2909	1.329	1.1063		
		1.2267	2.3224	1.9784	1.5508	0.6159	1.6244	0.5486	1.821	1.6631	0.4682	1.5982	1.3907		0.8114	1.4302	1.3411	1.0511	0.4109	1.2765	0.3181	1.0657	1.2089	0.2488	1.0277	0.9027		
		0.641	1.1631	0.4554	1.9596	1.5665	1.5597	2.5739	0.6699	1.9811	1.5426	0.3014	1.7349		0.3629	0.4553	0.2527	1.429	1.0922	1.1338	1.5466	0.4717	1.2262	1.1487	0.1948	1.1525		
		1.2001	0.8282	1.2133	1.4345	1.0034	2.3264	0.7058	0.3243	0.3724	1.7329	0.9364	2.232		0.9209	0.5973	0.8977	0.9086	0.7513	1.3309	0.4066	0.246	0.2829	1.0077	0.65	0.8881		
		1.0923	1.8631	0.4619	0.6866	0.3368	1.0983	0.8597	1.2539	0.4834	1.5639	0.9921	1.5039		0.5137	1.3602	0.3581	0.516	0.2064	0.7975	0.4894	0.854	0.2749	0.9935	0.6945	0.7822		
		0.3048	0.5734	1.5983	1.0249	1.2135	1.443	0.6729	0.3021	1.1548	0.4996	0.2798	0.5842		0.2	0.3383	1.2352	0.7338	0.9183	0.7837	0.3198	0.1747	0.7654	0.3872	0.1622	0.3143		
		
~End
Copyright © 2003 Molecular Devices. All rights reserved.
