##BLOCKS= 1          
Plate:	Plate#1	1.3	PlateFormat	Endpoint	Absorbance	Raw	FALSE	1						2	490 750	1	12	96	1	8	None	
	Temperature(¡C)	1	2	3	4	5	6	7	8	9	10	11	12		1	2	3	4	5	6	7	8	9	10	11	12		
	23.30	0.3687	2.1555	0.3963	2.914	0.3349	0.7816	0.7173	0.5722	1.2874	1.1093	1.1036	2.4979		0.213	1.152	0.2133	2.1745	0.2057	0.5016	0.2524	0.4379	0.8326	0.8267	0.8844	1.4918		
		0.3535	1.6899	2.3743	1.6755	2.4663	0.9656	1.6552	0.649	1.9068	0.3941	1.2175	2.3154		0.2788	1.4053	1.4126	1.1816	1.4372	0.5643	1.149	0.4334	1.2407	0.2354	0.7898	1.3644		
		1.5482	0.3026	1.2389	1.1896	1.8272	1.7725	2.674	1.699	1.6125	1.9178	1.8795	2.3686		1.0118	0.1847	0.7967	0.8342	0.9363	1.1647	1.1792	1.3074	1.2751	1.4911	1.3233	1.1581		
		1.6054	2.2268	2.3421	1.6233	0.6218	1.7283	0.5384	2.0576	2.2069	0.3979	1.6883	1.9488		1.168	1.3394	1.4587	1.0881	0.4098	1.3432	0.3004	1.2116	1.5782	0.239	1.1377	1.3361		
		0.8161	1.6968	0.2916	2.0248	1.5285	1.7809	2.4808	0.8568	2.3121	2.3731	0.3135	1.6821		0.4655	0.5792	0.1912	1.3523	0.9184	1.2565	1.5528	0.5412	1.4656	1.624	0.1979	1.0817		
		1.1616	1.0405	1.1463	2.2613	1.0911	2.4262	0.9473	0.3606	0.778	1.7133	0.8505	2.1494		0.9285	0.7512	0.8485	1.3254	0.8201	1.3988	0.5379	0.271	0.4401	0.9835	0.5678	0.9119		
		0.8243	2.2375	0.4881	1.0038	1.1822	0.9693	0.6761	1.4201	0.5212	1.395	1.1435	2.3663		0.4975	1.6402	0.381	0.7253	0.7708	0.7068	0.4316	0.9002	0.2703	0.8891	0.7145	1.0872		
		0.3654	0.8786	1.968	1.3139	1.3082	1.1699	0.5927	0.267	0.8975	0.4519	0.3603	0.3394		0.2139	0.5143	1.3906	0.9571	0.9903	0.658	0.3543	0.1943	0.6023	0.2766	0.1908	0.1995		
		
~End
Copyright © 2003 Molecular Devices. All rights reserved.
