##BLOCKS= 1          
Plate:	Plate#1	1.3	PlateFormat	Endpoint	Absorbance	Raw	FALSE	1						2	490 750	1	12	96	1	8	None	
	Temperature(¡C)	1	2	3	4	5	6	7	8	9	10	11	12		1	2	3	4	5	6	7	8	9	10	11	12		
	22.50	0.2676	1.546	0.3334	1.9605	0.3729	0.8953	0.2655	0.6665	1.1059	0.8545	0.8755	1.5952		0.1528	1.0695	0.2247	1.3094	0.2744	0.7594	0.1921	0.4689	0.9029	0.6679	0.3192	1.3146		
		0.4455	1.0684	1.6928	0.7198	1.8113	0.2128	1.7485	1.3634	1.8803	0.4845	0.1673	2.103		0.3468	0.8094	1.2135	0.4494	1.3993	0.1654	1.3761	1.011	1.3456	0.2994	0.1123	1.4862		
		0.338	0.165	1.1904	1.0163	1.6368	0.4584	1.3111	1.8642	1.8078	0.8836	0.4238	1.9334		0.2548	0.1324	0.8736	0.7811	1.09	0.2766	1.0453	1.4358	1.4335	0.5781	0.2976	1.3702		
		1.6081	1.7876	1.9658	1.6955	1.0911	1.8523	0.4864	1.4526	1.5347	0.6709	1.6027	1.4012		1.3608	1.3362	1.4791	1.2347	0.7907	1.4954	0.3321	1.0457	1.102	0.4173	1.1286	1.0808		
		0.7295	0.4976	0.294	1.7483	0.8277	1.7698	1.3607	1.4804	1.8905	1.7138	1.9588	2.0052		0.3784	0.2663	0.2076	1.4527	0.6406	1.4399	1.0116	1.0205	1.3145	1.2691	1.4719	1.4297		
		1.3462	0.2514	0.8367	1.2434	0.6887	0.5491	0.2825	0.5556	0.3393	0.5829	0.4125	1.2318		0.9435	0.1967	0.5673	0.9649	0.4859	0.3619	0.1985	0.3913	0.239	0.4027	0.2791	0.7631		
		1.0777	0.1327	0.9382	0.7345	0.134	0.4398	0.3485	0.5942	0.684	0.5031	0.4771	0.7215		0.6603	0.1084	0.6767	0.5101	0.1165	0.3126	0.2648	0.4313	0.4926	0.3589	0.3445	0.4894		
		0.5672	0.3513	0.7465	0.8511	0.4016	0.5376	0.2488	0.1323	0.2908	0.3229	0.275	0.232		0.3797	0.2609	0.5094	0.5185	0.2905	0.3811	0.1968	0.107	0.2036	0.2331	0.1767	0.1639		
		
~End
Copyright © 2003 Molecular Devices. All rights reserved.
