##BLOCKS= 1          
Plate:	Plate#1	1.3	PlateFormat	Endpoint	Absorbance	Raw	FALSE	1						2	490 750	1	12	96	1	8	None	
	Temperature(¡C)	1	2	3	4	5	6	7	8	9	10	11	12		1	2	3	4	5	6	7	8	9	10	11	12		
	23.00	0.2896	1.182	0.2234	2.7076	0.3008	1.5596	0.478	0.3904	1.9102	1.6228	1.8034	2.3417		0.1952	0.7179	0.1524	1.5173	0.2031	0.9242	0.2623	0.2531	1.1533	1.1923	1.0038	1.379		
		0.4306	2.6256	2.2597	2.4448	2.297	1.4178	2.0695	1.2638	2.5688	0.3188	1.6443	2.3678		0.3274	1.7443	1.3347	1.797	1.4067	0.9626	1.2562	0.7725	1.6201	0.2012	0.8756	1.4016		
		0.6409	0.1774	1.0623	2.0369	1.4028	1.5054	1.6772	2.1589	0.442	2.1718	2.0415	1.952		0.3721	0.1375	0.5457	1.3415	0.8562	0.9148	0.6871	1.4127	0.2883	1.4032	1.2318	1.1777		
		2.0552	2.1194	2.3427	2.1706	0.3442	2.0898	2.1108	2.1346	2.0134	0.5226	1.978	1.9031		1.0635	1.3416	1.3323	1.3855	0.2323	1.2034	1.3826	1.2798	1.234	0.3504	1.1438	1.0783		
		2.4542	1.0278	0.2329	2.2988	1.8857	1.9752	2.2359	0.3288	1.9807	2.0018	0.3011	2.1223		1.5701	0.4614	0.1466	1.3448	1.2118	1.2193	1.4193	0.2047	1.2751	1.248	0.1982	1.3225		
		2.0068	0.7665	1.7989	1.764	1.6013	1.9103	1.2211	0.375	0.4934	1.4272	1.208	1.9082		1.226	0.4734	0.9289	1.2041	1.0482	1.2468	0.6379	0.2397	0.3286	0.7707	0.5738	0.9814		
		1.5867	1.7963	1.17	1.3385	1.5588	0.9047	1.2937	1.7168	1.0559	1.4901	1.0573	1.3497		0.6133	1.3199	0.805	0.6185	0.9567	0.618	0.7425	0.9201	0.6386	0.7819	0.628	0.7398		
		0.3625	1.3636	1.3355	1.1835	0.898	1.777	0.3098	0.2043	1.4899	0.3792	0.2683	0.2716		0.2312	0.9163	0.8185	0.834	0.6269	0.908	0.1691	0.1279	0.8013	0.2279	0.1735	0.1705		
		
~End
Copyright © 2003 Molecular Devices. All rights reserved.
