##BLOCKS= 1          
Plate:	Plate#1	1.3	PlateFormat	Endpoint	Absorbance	Raw	FALSE	1						2	490 750	1	12	96	1	8	None	
	Temperature(¡C)	1	2	3	4	5	6	7	8	9	10	11	12		1	2	3	4	5	6	7	8	9	10	11	12		
	23.00	0.2718	1.2277	0.2435	2.649	0.2381	1.949	0.3441	0.3696	2.0726	1.4847	1.8966	2.3098		0.1848	0.762	0.1602	1.5334	0.158	1.1777	0.1939	0.2438	1.2303	1.0575	1.0465	1.3517		
		0.3941	2.3697	2.3191	2.6195	2.138	1.437	2.077	1.2891	2.3268	0.3476	1.6474	2.1137		0.295	1.5802	1.3476	1.8996	1.3297	0.9899	1.2518	0.7934	1.4185	0.2233	0.9313	1.2659		
		0.5641	0.164	0.7134	2.5295	1.294	1.5026	1.611	2.0757	0.4903	2.4599	2.2206	1.8683		0.3245	0.1307	0.389	1.7581	0.8093	0.9281	0.6591	1.3323	0.3276	1.6498	1.3558	1.1311		
		2.1412	2.639	2.3516	2.3535	0.4208	1.9904	2.0608	2.3472	1.999	0.4889	1.9623	1.5061		1.1855	1.7074	1.361	1.5047	0.2812	1.1814	1.3409	1.4148	1.1821	0.3232	1.1022	0.8451		
		2.7038	1.1331	0.2133	2.2853	1.8331	1.9717	2.146	0.35	2.3464	1.9079	0.3595	2.0258		1.6477	0.5105	0.1347	1.3186	1.169	1.1752	1.3517	0.2209	1.5132	1.1692	0.2406	1.3079		
		2.2203	0.7977	1.4801	1.849	1.6553	1.9346	1.3451	0.3408	0.4002	1.2687	1.4888	1.9537		1.308	0.5129	0.8095	1.2729	1.1096	1.2516	0.7097	0.2233	0.2682	0.6947	0.6607	0.9962		
		1.4392	2.0404	1.1986	1.4271	1.5943	0.8589	1.1023	1.4428	1.124	1.3108	1.063	1.2817		0.5919	1.4476	0.8059	0.6942	1.0012	0.5662	0.6249	0.8037	0.6587	0.6911	0.6283	0.7155		
		0.3391	1.5742	1.4474	1.3396	1.0136	1.3184	0.3767	0.2284	1.4976	0.2088	0.2267	0.2545		0.2209	1.0957	0.8731	0.956	0.72	0.7001	0.1981	0.13	0.7961	0.1466	0.1505	0.1635		
		
~End
Copyright © 2003 Molecular Devices. All rights reserved.
