##BLOCKS= 1          
Plate:	Plate#1	1.3	PlateFormat	Endpoint	Absorbance	Raw	FALSE	1						2	490 750	1	12	96	1	8	None	
	Temperature(¡C)	1	2	3	4	5	6	7	8	9	10	11	12		1	2	3	4	5	6	7	8	9	10	11	12		
	23.50	0.2381	0.8854	0.2986	1.2464	0.3245	0.7693	0.2392	0.5013	1.6575	0.4252	2.9309	1.4556		0.1584	0.6994	0.2259	0.8771	0.2426	0.6595	0.1679	0.3442	1.4102	0.339	0.8744	1.0441		
		0.6636	0.231	1.5402	1.1635	0.9053	0.3342	0.9318	0.5108	1.2923	0.285	1.2745	1.8642		0.5464	0.1651	1.1237	0.9464	0.6921	0.2386	0.7591	0.3975	0.9576	0.2151	1.0506	1.3936		
		0.4796	0.1408	0.6426	0.8156	1.2338	0.8658	0.9582	0.3951	0.2997	1.1035	1.5367	1.1182		0.357	0.112	0.4104	0.5769	0.8874	0.649	0.6694	0.292	0.223	0.9262	1.2009	0.7931		
		1.1128	1.1266	1.4713	1.6425	0.3342	0.5846	0.744	1.0704	1.1672	0.3532	1.6169	0.773		0.9675	0.8726	1.143	1.2532	0.2409	0.4394	0.5653	0.7831	0.8955	0.2562	1.2465	0.6284		
		0.4677	0.4502	0.3346	1.1697	0.7108	1.0179	1.8737	0.2061	1.5718	1.7839	0.2427	1.4068		0.2573	0.3006	0.2459	0.8949	0.5153	0.7733	1.4218	0.1576	1.187	1.3116	0.1792	1.0825		
		0.7958	0.5561	0.412	1.2344	0.4153	0.5468	0.3601	0.2678	0.212	0.5352	0.4346	2.265		0.595	0.3928	0.2846	0.684	0.2897	0.3272	0.2213	0.2082	0.1584	0.3394	0.3166	1.0478		
		0.4885	0.5617	0.4277	0.3441	0.3536	0.4956	0.2999	0.9302	0.3069	0.4706	0.2755	0.6241		0.3298	0.3698	0.3439	0.2443	0.2104	0.3907	0.2151	0.6407	0.2084	0.3304	0.1938	0.3447		
		0.2996	0.3463	0.3435	0.3183	0.2805	0.469	0.2651	0.345	0.5492	0.245	0.1986	0.3034		0.2336	0.246	0.2368	0.2325	0.2108	0.3155	0.1829	0.2245	0.3794	0.1837	0.1484	0.2244		
		
~End
Copyright © 2003 Molecular Devices. All rights reserved.
