##BLOCKS= 1          
Plate:	Plate#1	1.3	PlateFormat	Endpoint	Absorbance	Raw	FALSE	1						2	490 750	1	12	96	1	8	None	
	Temperature(¡C)	1	2	3	4	5	6	7	8	9	10	11	12		1	2	3	4	5	6	7	8	9	10	11	12		
	23.40	0.3234	0.8734	0.3398	1.1171	0.2451	1.1592	0.3161	0.4309	1.3663	0.5597	2.9043	1.495		0.2537	0.6703	0.2578	0.7725	0.1837	0.9823	0.2295	0.2891	1.1112	0.4522	1.2708	1.0916		
		0.6394	0.362	1.1851	1.0276	0.5136	0.2657	0.9841	0.6076	1.1694	0.3476	1.1555	1.9104		0.492	0.2568	0.9003	0.8019	0.3963	0.1918	0.8132	0.4811	0.8759	0.2635	0.9423	1.4265		
		0.3902	0.2368	0.7824	0.56	1.1118	0.7421	0.9341	0.3351	0.2827	1.6692	1.6859	1.7634		0.2635	0.19	0.4941	0.3965	0.8357	0.5626	0.6521	0.2489	0.2143	1.4254	1.3601	1.3353		
		1.0261	0.9438	1.8904	1.4065	0.3272	0.5461	0.9042	1.2133	1.3642	0.3078	1.3703	1.0616		0.91	0.7715	1.4869	1.1427	0.2411	0.4126	0.7119	0.9196	1.0766	0.2282	1.0263	0.877		
		0.4912	0.5194	0.2279	1.0457	0.6021	1.5652	1.4661	0.2579	1.7535	1.373	0.2044	1.5026		0.2952	0.3473	0.1674	0.794	0.4259	1.2497	1.1087	0.1946	1.2876	1.0295	0.1511	1.0597		
		0.9623	0.563	0.5498	1.3306	0.6279	0.4959	0.3068	0.4016	0.3068	0.3622	0.4721	1.9902		0.6612	0.3833	0.3933	0.7549	0.456	0.2904	0.1853	0.3145	0.2314	0.2465	0.3353	1.0234		
		0.3194	1.1679	0.2839	0.6574	0.2942	0.2885	0.4057	0.7624	0.2515	0.3963	0.3699	0.3398		0.2779	0.8312	0.2242	0.4863	0.1629	0.2243	0.2854	0.4992	0.1756	0.2735	0.264	0.22		
		0.3373	0.85	0.3616	0.2489	0.2986	0.2999	0.2762	0.2735	0.6618	0.3043	0.1926	0.2887		0.2461	0.6408	0.2475	0.1851	0.2288	0.2028	0.1896	0.1847	0.4823	0.2143	0.1437	0.211		
		
~End
Copyright © 2003 Molecular Devices. All rights reserved.
