##BLOCKS= 1          
Plate:	Plate#1	1.3	PlateFormat	Endpoint	Absorbance	Raw	FALSE	1						2	490 750	1	12	96	1	8	None	
	Temperature(¡C)	1	2	3	4	5	6	7	8	9	10	11	12		1	2	3	4	5	6	7	8	9	10	11	12		
	22.10	0.5296	2.0811	0.3432	2.371	0.6089	2.1327	0.7492	1.3825	2.5587	2.3205	1.8158	3.445		0.2581	0.9657	0.1793	1.5511	0.2887	1.3489	0.3287	0.9424	1.743	1.5754	0.3487	2.2078		
		0.7325	1.8746	2.0953	1.0878	2.4576	0.5132	2.7188	1.4842	2.3578	0.6974	0.32	2.8531		0.5543	1.4224	1.3179	0.6628	1.7512	0.3013	1.6856	0.9111	1.3764	0.4391	0.224	1.6284		
		0.7476	0.1474	1.4351	1.0861	1.3574	1.7816	1.7984	2.4289	2.3045	2.098	2.5243	2.1601		0.4507	0.1059	0.8917	0.723	0.8128	1.2101	0.844	1.5863	1.6426	1.4031	1.6687	1.2882		
		2.5303	2.4425	2.4426	2.4642	0.9354	2.0734	1.8909	2.7735	2.2969	0.6132	3.0316	2.4963		1.742	1.4863	1.5149	1.544	0.5993	1.4345	1.1599	1.6004	1.3322	0.3861	1.8388	1.4591		
		0.678	1.9821	0.5494	3.0559	1.1711	2.1814	2.5235	1.0251	3.0642	2.1322	0.3903	2.2889		0.4041	0.5375	0.2546	2.1103	0.8485	1.4362	1.5696	0.5687	1.8086	1.3196	0.2185	1.3025		
		1.5143	0.9021	1.3345	2.4569	0.5519	1.4311	1.3172	0.3522	0.4952	1.5878	1.5082	2.0181		0.8776	0.5227	0.6454	1.503	0.372	0.8375	0.6565	0.2435	0.2965	0.7085	0.6647	0.9394		
		1.3764	2.7035	1.0134	0.9571	1.4937	0.7088	1.1095	2.6917	0.3792	1.6374	1.3818	1.6451		0.9088	1.6456	0.6948	0.4769	0.7865	0.4475	0.6552	1.7408	0.2114	0.9154	0.5375	0.8201		
		0.758	2.0412	0.8865	0.7399	0.7435	0.3934	0.4972	0.276	0.5124	0.5178	0.7914	0.315		0.3845	1.1828	0.5357	0.4607	0.4748	0.2429	0.2857	0.1669	0.2908	0.2605	0.3811	0.1873		
		
~End
Copyright © 2003 Molecular Devices. All rights reserved.
