##BLOCKS= 1          
Plate:	Plate#1	1.3	PlateFormat	Endpoint	Absorbance	Raw	FALSE	1						2	490 750	1	12	96	1	8	None	
	Temperature(¡C)	1	2	3	4	5	6	7	8	9	10	11	12		1	2	3	4	5	6	7	8	9	10	11	12		
	22.10	0.5024	1.8679	0.7858	2.5435	0.6051	1.9934	1.0471	1.2764	2.1831	2.2991	1.6809	2.9629		0.3136	0.8744	0.397	1.6633	0.2756	1.1749	0.5007	0.8267	1.4139	1.612	0.3821	1.7378		
		0.7463	1.7948	2.1323	1.1934	2.3192	0.4917	2.3541	1.6352	2.3683	0.5618	0.1665	2.5158		0.5599	1.3854	1.3237	0.7185	1.6454	0.268	1.5039	0.9962	1.3732	0.3586	0.1205	1.4799		
		0.7366	0.1853	1.2854	1.6255	1.1753	1.6151	1.6503	2.4522	2.1972	2.4853	2.2797	2.7942		0.4229	0.136	0.8	1.15	0.7523	1.0848	0.7569	1.5398	1.5519	1.7228	1.5128	1.7713		
		2.5108	2.5144	2.5045	2.8473	0.9775	2.13	1.4071	2.376	3.0077	1.1394	2.9509	2.5575		1.7464	1.5941	1.5517	1.923	0.5839	1.4938	0.8397	1.3579	1.954	0.6492	1.8631	1.5849		
		0.6464	1.0606	0.3957	2.6703	1.3648	2.4513	2.2281	0.5262	2.9394	2.2447	0.7863	2.1356		0.342	0.3045	0.2173	1.8527	0.9167	1.6382	1.3343	0.2745	1.7471	1.3557	0.4023	1.1635		
		1.498	1.6408	2.1922	1.9278	0.4974	1.4598	1.1761	0.4231	0.5449	1.8562	0.9202	1.9711		0.9558	0.7476	0.9553	1.1647	0.3286	0.8927	0.5603	0.2911	0.3186	0.7826	0.4397	0.8593		
		1.6436	2.0752	0.7587	1.9831	0.9559	1.2277	0.8232	2.649	0.466	1.4998	1.7514	2.0315		0.8311	1.1877	0.5048	0.9124	0.4871	0.7998	0.4868	1.7181	0.2651	0.7853	0.7305	0.9168		
		0.6325	2.2067	1.1229	0.9194	0.6948	0.6085	0.3933	0.2444	0.4053	0.2342	0.4691	0.3897		0.3701	1.2881	0.6169	0.5755	0.453	0.345	0.2368	0.1539	0.2088	0.1493	0.2205	0.2036		
		
~End
Copyright © 2003 Molecular Devices. All rights reserved.
