##BLOCKS= 1          
Plate:	Plate#1	1.3	PlateFormat	Endpoint	Absorbance	Raw	FALSE	1						2	490 750	1	12	96	1	8	None	
	Temperature(¡C)	1	2	3	4	5	6	7	8	9	10	11	12		1	2	3	4	5	6	7	8	9	10	11	12		
	22.60	0.4994	2.1412	0.6115	1.413	0.3929	0.8585	2.6242	0.9845	2.0168	1.2297	2.0699	2.5949		0.2094	1.1291	0.2738	0.826	0.1889	0.4469	1.3769	0.5099	1.0155	0.7507	0.6612	1.2354		
		0.7288	0.3558	2.6233	2.1339	2.9033	1.3121	1.539	1.9783	2.3476	1.3082	0.2628	2.6603		0.5831	0.2015	1.4808	1.1256	1.4385	0.6669	1.0159	1.0637	1.1656	0.7154	0.1438	1.3172		
		0.8469	0.1363	2.5781	1.6441	2.195	2.5003	2.8031	1.8574	1.0566	1.815	2.9075	2.8955		0.4425	0.1062	1.0119	0.7969	1.0666	1.2811	1.1427	0.8938	0.5117	0.8794	1.5195	1.3925		
		2.5572	2.5942	2.9383	2.8712	0.7582	2.0319	0.6305	2.8661	2.9209	1.1449	2.7515	2.8039		1.4265	1.3396	1.4621	1.4855	0.3925	1.0861	0.3023	1.3794	1.4707	0.5487	1.3044	1.3296		
		1.1088	2.1076	0.546	2.1708	1.6656	2.8076	2.8334	0.655	3.216	2.1607	0.6427	2.7318		0.4808	0.6979	0.285	0.976	0.8149	1.4451	1.4748	0.3455	1.6176	1.0819	0.2936	1.3782		
		1.4174	1.7681	2.3648	1.779	1.3854	1.5505	1.8152	0.7892	1.0843	2.745	2.0925	2.4503		0.8063	0.6277	0.8376	0.8307	0.6669	0.7521	0.847	0.3369	0.5294	1.1977	0.6932	1.0495		
		2.3598	1.2995	1.377	2.3079	2.0574	0.5789	0.6134	2.0496	0.9294	2.0919	1.5579	1.2537		1.0678	0.9076	0.5974	0.7747	0.9304	0.2939	0.2796	0.9995	0.4365	1.0249	0.6755	0.5898		
		0.5904	0.9991	0.9388	1.76	0.5897	0.83	0.6022	0.4777	2.0334	0.3785	0.5526	0.4206		0.2459	0.4833	0.4965	0.4777	0.3362	0.4166	0.3297	0.2106	0.9244	0.2082	0.2629	0.2041		
		
~End
Copyright © 2003 Molecular Devices. All rights reserved.
