##BLOCKS= 1          
Plate:	Plate#1	1.3	PlateFormat	Endpoint	Absorbance	Raw	FALSE	1						2	490 750	1	12	96	1	8	None	
	Temperature(¡C)	1	2	3	4	5	6	7	8	9	10	11	12		1	2	3	4	5	6	7	8	9	10	11	12		
	23.10	0.3859	1.9716	0.6163	2.2054	0.3393	2.0345	2.4283	1.0903	2.2951	2.9524	2.3195	2.7933		0.185	0.9952	0.3138	1.2197	0.1705	1.169	1.0984	0.577	1.2009	1.8328	0.7561	1.4137		
		0.5409	0.3218	2.783	2.6456	3.2067	1.5669	2.7625	1.7381	3.0778	2.5351	2.5261	2.5748		0.428	0.1873	1.323	1.3032	1.2311	0.8656	1.5071	0.8392	1.614	1.2058	1.3582	1.2968		
		1.4586	0.151	2.7246	2.306	2.5438	2.3842	2.8297	2.8363	2.9621	1.5099	3.2394	3.1219		0.7476	0.1185	0.85	1.2214	0.7329	1.1025	1.0612	1.5636	1.6223	0.7705	1.6477	1.7048		
		3.1318	2.7564	1.8749	2.8289	0.9603	2.6937	0.5757	3.3061	1.1068	1.3128	3.0243	2.8808		1.868	1.3955	1.0383	1.5794	0.4904	1.436	0.2578	1.6315	0.5125	0.6004	1.4827	1.5538		
		1.2024	0.9759	0.4808	3.1736	2.8833	2.8858	2.9456	0.5977	2.9162	0.3714	0.8782	2.9197		0.4623	0.4319	0.2597	1.6404	1.567	1.6015	1.6673	0.2784	1.5996	0.1995	0.3953	1.435		
		2.4299	2.1434	2.268	1.3635	1.5598	1.9826	1.9427	0.6201	1.0607	2.8137	2.3467	2.5485		1.3047	0.6965	0.8103	0.7309	0.945	0.8787	0.8207	0.2457	0.4927	0.9222	0.7844	1.0379		
		1.789	2.1959	1.4634	2.3181	0.1336	0.4191	0.7893	2.5978	1.4198	3.14	2.3749	2.646		0.7897	1.3419	0.7961	0.7081	0.1093	0.2403	0.4027	1.3173	0.7737	1.5706	0.8568	1.0669		
		0.7008	2.824	0.457	1.4839	0.4394	2.6804	0.4207	0.4292	1.8514	0.3099	0.3275	0.3165		0.2953	1.5207	0.2531	0.5418	0.2491	1.1771	0.2398	0.1806	0.9082	0.1922	0.1836	0.1846		
		
~End
Copyright © 2003 Molecular Devices. All rights reserved.
