##BLOCKS= 1          
Plate:	Plate#1	1.3	PlateFormat	Endpoint	Absorbance	Raw	FALSE	1						2	490 750	1	12	96	1	8	None	
	Temperature(¡C)	1	2	3	4	5	6	7	8	9	10	11	12		1	2	3	4	5	6	7	8	9	10	11	12		
	23.10	0.5062	1.977	0.3958	2.571	0.2918	1.3117	2.35	0.982	1.9401	2.9827	2.2127	2.425		0.2463	0.9702	0.2043	1.3732	0.1538	0.8088	1.1147	0.5472	1.0071	1.86	0.644	1.1065		
		0.382	0.3371	3.0518	2.7347	2.6651	1.5241	2.683	1.9974	2.4121	2.3523	2.1265	2.9894		0.2986	0.2018	1.436	1.2678	1.0855	0.8484	1.4716	0.9724	1.3505	1.0998	1.1376	1.5038		
		1.4787	0.1662	2.4668	2.3937	2.4263	2.1831	2.7339	2.8492	2.5689	1.2632	3.1163	3.0264		0.7934	0.1321	0.7954	1.2493	0.7751	0.9251	1.0092	1.5325	1.1459	0.6452	1.559	1.3872		
		2.5426	2.8821	2.2377	2.9591	0.9483	2.7577	0.5949	2.8619	1.1961	1.0939	3.1069	2.9453		1.3616	1.4688	1.2031	1.5948	0.51	1.4715	0.2691	1.2544	0.563	0.4844	1.469	1.5226		
		1.2978	0.9667	0.5111	2.6235	2.017	2.6523	2.8698	0.6226	2.7596	0.4219	0.4637	2.7339		0.4733	0.4611	0.2805	1.2419	1.0677	1.4288	1.5588	0.3055	1.5058	0.2162	0.2306	1.3105		
		2.452	1.7056	2.5861	1.4847	1.6627	1.8278	2.2325	0.6879	0.9415	2.9721	2.211	2.4226		1.2938	0.5659	0.9325	0.7975	0.9581	0.7897	0.9375	0.2672	0.4377	1.0686	0.684	0.9792		
		1.8245	2.0196	1.3779	2.4928	2.3113	0.3966	0.6495	2.634	1.2814	1.8731	2.3382	1.5982		0.7812	1.142	0.756	0.6873	1.1509	0.2468	0.3465	1.2948	0.6992	0.7975	0.907	0.6976		
		0.5703	2.1956	0.5447	1.4324	0.3892	2.0752	0.3125	0.3982	2.0252	0.3118	0.323	0.3877		0.2635	0.9445	0.2886	0.5217	0.2527	0.8754	0.1841	0.1823	0.9754	0.19	0.188	0.2201		
		
~End
Copyright © 2003 Molecular Devices. All rights reserved.
