##BLOCKS= 1          
Plate:	Plate#1	1.3	PlateFormat	Endpoint	Absorbance	Raw	FALSE	1						2	490 750	1	12	96	1	8	None	
	Temperature(¡C)	1	2	3	4	5	6	7	8	9	10	11	12		1	2	3	4	5	6	7	8	9	10	11	12		
	23.10	0.5234	1.9606	0.3517	1.9867	0.3695	1.1152	2.7211	0.9421	3.2845	2.9113	2.1186	2.6857		0.277	0.9841	0.1748	1.0984	0.1818	0.6715	1.2432	0.4994	1.6342	1.8612	0.6759	1.2813		
		0.613	0.3671	2.8918	2.8457	2.9863	1.6219	2.9614	1.815	2.7129	2.3342	1.9727	2.2955		0.4625	0.2105	1.2619	1.3861	1.3876	0.9107	1.5907	0.8752	1.3463	1.0663	1.0452	1.0785		
		1.4659	0.1306	2.524	2.6663	2.6201	2.4225	2.638	2.8381	2.9283	1.2567	3.1683	3.0483		0.7731	0.1033	0.8252	1.3435	0.8042	1.0894	0.9632	1.5912	1.5782	0.6537	1.6627	1.5928		
		2.9125	2.5644	2.3645	2.7123	0.9192	2.6509	0.5526	3.311	1.2679	1.2576	3.0822	2.3257		1.5164	1.332	1.2608	1.4537	0.4482	1.4269	0.2734	1.7265	0.552	0.5601	1.446	1.1955		
		1.3891	1.1498	0.6526	2.5386	1.8294	2.9461	2.9908	0.5453	2.9533	0.4245	0.6193	3.012		0.517	0.5354	0.3571	1.3402	0.9729	1.5733	1.7117	0.2759	1.6493	0.2237	0.2984	1.5326		
		2.1166	1.7285	2.2409	1.3055	1.6638	1.6838	2.0436	0.7086	1.0112	2.7336	2.36	2.4729		1.1759	0.5747	0.71	0.704	0.9915	0.7861	0.8535	0.2854	0.4635	0.8605	0.7356	1.0196		
		1.9518	2.948	1.4259	2.5823	0.1241	0.389	0.6832	2.6614	1.3711	2.4951	2.1766	2.2048		0.8066	1.4419	0.7549	0.7993	0.102	0.2458	0.356	1.2985	0.7396	0.919	0.8493	0.9242		
		0.5698	1.1687	0.5466	1.3125	0.3449	2.0799	0.3873	0.4138	1.8544	0.5558	0.3595	0.3215		0.2372	0.5696	0.293	0.5471	0.2303	0.841	0.2216	0.1934	0.9108	0.4185	0.2085	0.187		
		
~End
Copyright © 2003 Molecular Devices. All rights reserved.
