##BLOCKS= 1          
Plate:	Plate#1	1.3	PlateFormat	Endpoint	Absorbance	Raw	FALSE	1						2	490 750	1	12	96	1	8	None	
	Temperature(¡C)	1	2	3	4	5	6	7	8	9	10	11	12		1	2	3	4	5	6	7	8	9	10	11	12		
	22.60	1.1041	1.6463	0.4524	1.0533	0.3542	0.7995	0.6397	0.2572	1.4788	0.4647	2.4985	2.0836		0.4082	0.9642	0.2322	0.7255	0.2133	0.4821	0.2179	0.1754	1.0756	0.2884	0.8191	1.2793		
		0.6212	0.2622	1.7739	1.5243	1.3225	0.4634	0.8673	0.9834	1.7411	0.434	0.9167	1.8981		0.5082	0.2073	1.2199	0.9218	0.828	0.2875	0.588	0.76	1.1282	0.2699	0.5732	1.0932		
		0.8273	0.1481	0.9176	0.4845	1.6543	1.6238	1.1516	0.4544	0.35	1.6712	1.6051	2.2258		0.3673	0.1147	0.5581	0.3271	0.9767	1.0526	0.6675	0.31	0.2099	1.2217	1.1111	1.4912		
		1.2645	1.3465	1.3634	2.0249	0.3515	0.4794	0.3152	1.7094	1.3628	0.5084	1.5516	1.1944		0.7311	0.7401	0.9415	1.3327	0.2048	0.3093	0.1887	1.057	0.9194	0.276	0.9878	0.7567		
		0.5273	0.6567	0.4143	1.5845	0.4786	1.2475	2.4826	0.4976	1.9104	2.0416	0.4099	1.4083		0.3842	0.2576	0.2348	1.1751	0.284	0.8854	1.4462	0.2599	1.1192	1.3744	0.2104	0.9201		
		0.8084	0.5222	0.7685	0.95	0.3631	0.548	0.522	0.4077	0.428	1.0054	0.6851	1.7475		0.5509	0.4171	0.4396	0.7221	0.2768	0.3561	0.2444	0.3203	0.2557	0.5586	0.3139	0.9031		
		0.2276	0.7152	0.2738	0.7765	0.4338	0.9057	0.3919	1.1064	0.6107	0.9376	1.1455	1.2106		0.1544	0.4519	0.2148	0.4874	0.3133	0.6123	0.222	0.6283	0.2755	0.4521	0.6492	0.5584		
		0.2991	0.5262	0.3567	0.4434	0.7047	0.3416	0.3565	0.2703	1.1139	0.3904	0.3755	0.3601		0.1973	0.3096	0.1994	0.303	0.5164	0.1867	0.1726	0.1804	0.5764	0.2168	0.1776	0.1743		
		
~End
Copyright © 2003 Molecular Devices. All rights reserved.
