##BLOCKS= 1          
Plate:	Plate#1	1.3	PlateFormat	Endpoint	Absorbance	Raw	FALSE	1						2	490 750	1	12	96	1	8	None	
	Temperature(¡C)	1	2	3	4	5	6	7	8	9	10	11	12		1	2	3	4	5	6	7	8	9	10	11	12		
	23.70	0.1938	1.3636	0.1929	2.3637	0.2227	2.4188	0.7379	1.1694	2.1976	1.6301	1.4278	1.8084		0.1418	1.0087	0.1543	1.6397	0.1787	1.9862	0.5692	0.8991	1.7293	1.3907	1.1314	1.4736		
		0.5581	0.2231	1.7226	1.1623	1.7687	0.4555	1.1846	1.2965	1.7758	1.3927	0.2852	1.7106		0.4351	0.1754	1.2863	0.9636	1.4345	0.3393	0.9709	0.9918	1.4617	1.0121	0.2113	1.3604		
		0.2896	0.1913	1.6523	2.4237	0.418	1.4429	1.4858	1.9152	2.3064	2.5803	2.5695	2.5014		0.1913	0.1404	1.2448	1.8367	0.3197	1.1919	1.0215	1.5691	1.9539	2.0508	2.0198	1.974		
		2.8796	2.5033	2.5653	2.6544	1.4589	1.3358	0.8424	1.9409	2.2032	0.4056	2.4983	2.9323		2.3549	2.0347	2.0021	2.0825	1.1916	1.0865	0.6397	1.5418	1.7289	0.3154	1.9487	2.2635		
		2.2132	1.3556	0.2408	2.4864	0.8214	1.9007	2.0271	0.2063	2.9436	2.2783	2.2373	2.2508		1.453	1.0724	0.1829	1.9779	0.6844	1.481	1.5824	0.1639	2.3115	1.7686	1.7818	1.68		
		1.2524	1.3306	0.9647	2.4985	1.7801	1.5792	1.1445	0.5736	1.0594	0.7931	0.9676	1.464		0.8937	0.9374	0.7402	1.4761	1.1809	0.7701	0.8237	0.4199	0.7595	0.6	0.7795	1.0352		
		1.5521	1.087	1.2729	1.4937	0.8773	0.3267	0.4188	1.4355	0.241	0.4019	0.5858	1.1697		1.1518	0.9131	0.9796	0.9805	0.7314	0.2465	0.3095	0.9639	0.1771	0.2759	0.4403	0.7452		
		0.2445	0.7423	0.388	0.7929	0.2606	0.256	0.2111	0.3085	0.2288	0.2274	0.2712	0.2975		0.172	0.5364	0.2687	0.5638	0.1976	0.1832	0.1527	0.2013	0.1661	0.1624	0.1961	0.2152		
		
~End
Copyright © 2003 Molecular Devices. All rights reserved.
