##BLOCKS= 1          
Plate:	Plate#1	1.3	PlateFormat	Endpoint	Absorbance	Raw	FALSE	1						2	490 750	1	12	96	1	8	None	
	Temperature(¡C)	1	2	3	4	5	6	7	8	9	10	11	12		1	2	3	4	5	6	7	8	9	10	11	12		
	23.60	0.2481	1.5222	0.2001	2.0153	0.2262	1.9994	0.9315	1.3641	2.2741	1.6851	1.5061	2.4082		0.1954	1.1235	0.1575	1.395	0.1846	1.643	0.7306	1.0573	1.8082	1.4096	1.2106	1.927		
		0.4276	0.2364	1.8779	1.5811	2.2134	0.7019	1.0339	2.0271	1.8669	1.3722	0.2461	2.3004		0.3629	0.1909	1.3707	1.3323	1.8141	0.5312	0.8344	1.5584	1.5186	1.0308	0.1918	1.8246		
		0.3422	0.1832	1.6664	2.6263	0.4363	2.0078	1.6903	2.1339	1.6339	2.8799	2.2412	2.1924		0.2302	0.1362	1.2477	2.0185	0.3322	1.6973	1.1464	1.7533	1.3609	2.3504	1.749	1.715		
		2.4256	1.9853	2.7177	2.4424	1.6673	1.2709	1.1556	2.2028	2.2101	0.4083	1.9662	2.5717		1.9637	1.5759	2.0861	1.9056	1.3448	1.0423	0.8853	1.75	1.7534	0.3184	1.5269	1.98		
		2.279	1.5887	0.256	1.9961	0.8197	2.4246	2.5128	0.2818	2.431	2.2402	2.2136	2.124		1.4947	1.2821	0.1967	1.6106	0.6994	1.9117	1.9798	0.2236	1.8814	1.7562	1.657	1.5778		
		0.6975	1.2486	1.1102	1.831	1.3484	2.2012	1.2726	0.5146	1.0524	0.9799	0.986	1.3788		0.5269	0.8966	0.8472	1.1238	0.8807	1.1182	0.929	0.369	0.7297	0.7386	0.7472	0.9934		
		1.0503	1.3092	1.1184	1.7052	0.6542	0.2294	0.3546	2.086	0.2346	0.3535	0.9071	1.8621		0.8001	1.104	0.8487	1.1027	0.5448	0.1763	0.2682	1.2322	0.1759	0.2421	0.6679	1.1643		
		0.191	0.7718	0.4132	0.5659	0.3541	0.2526	0.2759	0.3033	0.2188	0.218	0.1982	0.1847		0.1502	0.5574	0.283	0.4041	0.2715	0.1837	0.2022	0.1972	0.1662	0.1565	0.1492	0.1349		
		
~End
Copyright © 2003 Molecular Devices. All rights reserved.
