##BLOCKS= 1          
Plate:	Plate#1	1.3	PlateFormat	Endpoint	Absorbance	Raw	FALSE	1						2	490 750	1	12	96	1	8	None	
	Temperature(¡C)	1	2	3	4	5	6	7	8	9	10	11	12		1	2	3	4	5	6	7	8	9	10	11	12		
	23.40	0.1388	0.3726	0.1726	0.4857	0.1647	0.1916	0.3862	0.2345	0.4516	0.1791	0.179	1.002		0.1036	0.2569	0.1409	0.3811	0.1359	0.1556	0.3158	0.1862	0.3483	0.1476	0.122	0.8302		
		0.5499	0.241	2.1799	0.2114	0.4018	0.1392	0.6336	1.4379	1.0363	0.2372	0.3915	1.0405		0.4698	0.1932	1.6307	0.1709	0.3185	0.1057	0.4763	1.0706	0.8465	0.1905	0.306	0.8709		
		0.1999	0.1402	0.2433	0.141	0.9922	0.3367	0.6429	0.2272	0.207	0.3317	0.4513	1.1913		0.1563	0.1094	0.1941	0.1137	0.7643	0.2652	0.47	0.1839	0.1661	0.2658	0.3399	0.9499		
		0.148	1.0221	1.1848	0.2305	0.2238	0.2668	0.2086	0.9026	0.3509	0.1398	0.2033	0.5779		0.1188	0.8421	0.9467	0.1867	0.1825	0.2151	0.1636	0.7159	0.2771	0.1077	0.1634	0.4854		
		0.2701	0.7287	0.1568	0.2144	0.4052	0.2419	1.8346	0.1294	1.2527	0.1856	0.1917	0.5855		0.1665	0.511	0.1188	0.1611	0.3354	0.1938	1.4349	0.1049	0.9915	0.1505	0.1546	0.4492		
		0.3365	0.6373	0.5584	1.2289	0.303	0.3671	0.1839	0.2785	0.1979	0.1875	0.5214	1.0385		0.2626	0.4628	0.4214	0.8439	0.2465	0.2802	0.1347	0.224	0.1562	0.1507	0.3985	0.7465		
		0.1973	0.3364	0.5423	0.2931	0.1237	0.4294	0.1573	0.1351	0.1374	0.1466	0.268	0.2938		0.1494	0.2824	0.3789	0.232	0.1037	0.3527	0.1275	0.1085	0.1093	0.1152	0.213	0.23		
		0.2128	0.2034	0.1703	0.2267	0.3781	0.1388	0.1478	0.1501	0.1581	0.19	0.1455	0.2655		0.1775	0.159	0.1347	0.1849	0.3024	0.11	0.1176	0.1143	0.1218	0.1488	0.1176	0.2011		
		
~End
Copyright © 2003 Molecular Devices. All rights reserved.
