##BLOCKS= 1          
Plate:	Plate#1	1.3	PlateFormat	Endpoint	Absorbance	Raw	FALSE	1						2	490 750	1	12	96	1	8	None	
	Temperature(¡C)	1	2	3	4	5	6	7	8	9	10	11	12		1	2	3	4	5	6	7	8	9	10	11	12		
	23.40	0.1635	0.4624	0.1624	0.564	0.1787	0.2292	0.5598	0.2739	0.4951	0.1917	0.1942	1.3793		0.1337	0.3217	0.1337	0.4451	0.1449	0.1891	0.4548	0.2084	0.3646	0.1573	0.135	1.136		
		0.4491	0.2025	2.2002	0.1382	0.3464	0.1786	0.7916	1.1472	1.0747	0.2392	0.1874	1.0661		0.3818	0.1549	1.6527	0.1086	0.2744	0.1289	0.5991	0.845	0.8359	0.1937	0.1225	0.8789		
		0.2067	0.1441	0.2118	0.1674	0.7382	0.2549	0.8917	0.2278	0.2179	0.2694	0.5031	1.3523		0.1495	0.1134	0.1684	0.137	0.5686	0.1926	0.666	0.1828	0.175	0.2134	0.3783	1.0889		
		0.1602	0.9266	1.164	0.2387	0.2297	0.1808	0.2367	1.0841	0.485	0.1431	0.2825	0.4646		0.1277	0.7647	0.9344	0.191	0.1872	0.1402	0.19	0.8584	0.3852	0.1121	0.2231	0.3831		
		0.3024	0.9546	0.2451	0.2978	0.4014	0.1623	1.645	0.1608	1.4111	0.2015	0.2302	0.7681		0.1916	0.6922	0.1924	0.2301	0.3278	0.1296	1.2867	0.1302	1.1201	0.1632	0.186	0.5858		
		0.4512	0.6207	0.6428	1.2287	0.3203	0.3455	0.1988	0.3117	0.1937	0.186	0.6767	0.8231		0.3213	0.4156	0.4836	0.8474	0.2645	0.2692	0.1459	0.2539	0.1542	0.1479	0.5189	0.5997		
		0.1913	0.3457	0.5019	0.254	0.1242	0.3747	0.1695	0.1765	0.1686	0.1598	0.2263	0.2949		0.1501	0.3008	0.3555	0.2019	0.1024	0.3081	0.1349	0.1392	0.1338	0.1258	0.1773	0.2305		
		0.2296	0.214	0.2422	0.2065	0.4312	0.1355	0.151	0.172	0.1915	0.5151	0.211	0.2687		0.1897	0.1662	0.2045	0.1691	0.326	0.1066	0.1207	0.1336	0.1559	0.4866	0.1729	0.2136		
		
~End
Copyright © 2003 Molecular Devices. All rights reserved.
