##BLOCKS= 1          
Plate:	Plate#1	1.3	PlateFormat	Endpoint	Absorbance	Raw	FALSE	1						2	490 750	1	12	96	1	8	None	
	Temperature(¡C)	1	2	3	4	5	6	7	8	9	10	11	12		1	2	3	4	5	6	7	8	9	10	11	12		
	23.40	0.1601	0.4401	0.191	0.7466	0.1768	0.2034	0.4056	0.2333	0.4596	0.1924	0.1866	1.0245		0.1184	0.3041	0.1559	0.5876	0.1455	0.1663	0.3186	0.1783	0.3424	0.1585	0.13	0.8475		
		0.6286	0.2124	2.2391	0.1427	0.273	0.166	0.857	1.2946	1.2392	0.2351	0.1927	1.3401		0.5269	0.1621	1.6838	0.1112	0.2137	0.1243	0.6486	0.9539	0.9916	0.1852	0.1243	1.1041		
		0.1867	0.1436	0.2024	0.1411	0.9424	0.3172	0.8676	0.2375	0.2171	0.3123	0.563	1.6014		0.1402	0.1133	0.1576	0.1158	0.7257	0.2401	0.6416	0.1926	0.1723	0.2503	0.4173	1.3045		
		0.1593	1.2848	1.5988	0.2028	0.2358	0.1913	0.2395	0.9988	0.2671	0.131	0.2242	0.6666		0.1132	1.0819	1.2843	0.1602	0.1884	0.1577	0.1927	0.7925	0.2068	0.102	0.1786	0.5625		
		0.392	0.8751	0.1959	0.2321	0.2814	0.2063	1.9074	0.1553	1.2913	0.2259	0.1873	0.5914		0.2597	0.6174	0.1489	0.1742	0.2126	0.1649	1.422	0.1257	1.0212	0.184	0.1508	0.4409		
		0.4189	0.6494	0.4589	1.1538	0.2635	0.3554	0.1995	0.2588	0.1854	0.1882	0.5545	0.7797		0.2971	0.4512	0.3484	0.8147	0.2162	0.2773	0.1451	0.2051	0.1487	0.1505	0.4159	0.5448		
		0.2232	0.3983	0.516	0.3211	0.1306	0.4663	0.2267	0.2231	0.1692	0.1577	0.2473	0.2144		0.1686	0.3462	0.3626	0.2564	0.1083	0.3829	0.1868	0.1777	0.1359	0.1258	0.1947	0.1679		
		0.2019	0.2425	0.2431	0.2131	0.5701	0.1553	0.1767	0.1686	0.1529	0.1679	0.2091	0.1713		0.1657	0.194	0.1969	0.1739	0.4456	0.1237	0.1408	0.1287	0.12	0.1306	0.1668	0.1336		
		
~End
Copyright © 2003 Molecular Devices. All rights reserved.
