##BLOCKS= 1          
Plate:	Plate#1	1.3	PlateFormat	Endpoint	Absorbance	Raw	FALSE	1						2	490 750	1	12	96	1	8	None	
	Temperature(¡C)	1	2	3	4	5	6	7	8	9	10	11	12		1	2	3	4	5	6	7	8	9	10	11	12		
	22.90	0.1521	0.2741	0.173	0.1451	0.155	0.1538	0.1559	0.1579	0.1668	0.1447	0.1601	0.1399		0.1178	0.1035	0.144	0.12	0.1284	0.1267	0.1216	0.1198	0.1279	0.1206	0.1206	0.1138		
		0.4369	0.1538	0.3171	0.1468	0.145	0.1709	0.1588	0.149	0.1505	0.1523	0.1809	0.1455		0.3736	0.119	0.2066	0.1193	0.1198	0.1366	0.1282	0.1225	0.1239	0.1258	0.132	0.1211		
		0.143	0.1556	0.1583	0.1434	0.1842	0.1586	0.1565	0.1401	0.1598	0.1595	0.1537	0.1503		0.1126	0.1298	0.131	0.1216	0.1323	0.1232	0.1294	0.1152	0.1283	0.1285	0.1263	0.1266		
		0.2142	0.1456	0.1457	0.1511	0.1672	0.1528	0.1674	0.1753	0.1524	0.1513	0.1541	0.1431		0.1645	0.122	0.1189	0.1238	0.1324	0.1234	0.1335	0.1345	0.1261	0.1213	0.124	0.1158		
		0.21	0.147	0.1683	0.1518	0.1505	0.1638	0.1597	0.1482	0.1704	0.153	0.1606	0.169		0.1229	0.1222	0.1376	0.1244	0.1235	0.1338	0.131	0.1226	0.1356	0.1237	0.1303	0.1206		
		0.1556	0.1535	0.1647	0.1615	0.1551	0.1584	0.1806	0.1621	0.1644	0.1578	0.1523	0.1494		0.1254	0.1259	0.1302	0.1345	0.1273	0.1274	0.1348	0.1278	0.1344	0.1258	0.1242	0.1204		
		0.142	0.267	0.147	0.1555	0.1473	0.156	0.1667	0.1841	0.1556	0.161	0.162	0.2281		0.1154	0.2291	0.1207	0.1286	0.1237	0.1279	0.1286	0.1357	0.1268	0.1297	0.1228	0.1743		
		0.1653	0.2353	0.8841	0.1551	0.1554	0.1592	0.156	0.159	0.1644	0.1529	0.1489	0.142		0.134	0.1604	0.8746	0.126	0.1279	0.1269	0.1224	0.1189	0.1302	0.1208	0.1219	0.115		
		
~End
Copyright © 2003 Molecular Devices. All rights reserved.
