##BLOCKS= 1          
Plate:	Plate#1	1.3	PlateFormat	Endpoint	Absorbance	Raw	FALSE	1						2	490 750	1	12	96	1	8	None	
	Temperature(¡C)	1	2	3	4	5	6	7	8	9	10	11	12		1	2	3	4	5	6	7	8	9	10	11	12		
	22.90	0.1525	0.2561	0.1533	0.1609	0.1617	0.1499	0.1572	0.1711	0.1644	0.1437	0.1649	0.1429		0.1158	0.1131	0.1254	0.1325	0.1274	0.1236	0.1216	0.1312	0.1264	0.1197	0.1249	0.1176		
		0.5759	0.1432	0.2715	0.1671	0.1645	0.149	0.1598	0.1423	0.1572	0.1545	0.1823	0.1534		0.4472	0.114	0.1848	0.1298	0.1332	0.1186	0.1234	0.1173	0.1281	0.1256	0.1279	0.1249		
		0.1516	0.1389	0.1568	0.1409	0.2093	0.1649	0.1571	0.1633	0.1531	0.1699	0.1582	0.1607		0.1252	0.1142	0.1287	0.121	0.1399	0.1356	0.1315	0.1264	0.1207	0.1398	0.1289	0.1348		
		0.1522	0.1387	0.1456	0.1614	0.16	0.1546	0.1691	0.1819	0.1511	0.1513	0.1578	0.1737		0.118	0.1181	0.121	0.1268	0.1274	0.1248	0.1284	0.1305	0.1232	0.1253	0.1288	0.1424		
		0.1999	0.1412	0.1602	0.1567	0.1582	0.1621	0.1625	0.1547	0.1697	0.1507	0.1705	0.2323		0.1233	0.1184	0.1282	0.129	0.1302	0.1291	0.1313	0.1294	0.1338	0.1223	0.1352	0.1636		
		0.1623	0.1559	0.1674	0.1622	0.1591	0.1635	0.171	0.1726	0.1508	0.1685	0.1538	0.1761		0.1349	0.1259	0.1328	0.1342	0.1324	0.1332	0.128	0.125	0.124	0.1351	0.1268	0.14		
		0.1428	0.3066	0.1595	0.1553	0.1367	0.1391	0.1703	0.1921	0.1429	0.1709	0.1741	0.1906		0.1163	0.2705	0.13	0.1272	0.1158	0.115	0.1324	0.1347	0.1185	0.134	0.1231	0.1267		
		0.1487	0.1918	0.1487	0.1824	0.1409	0.1629	0.1621	0.191	0.1609	0.1473	0.1437	0.1513		0.1234	0.1306	0.122	0.1322	0.1159	0.1154	0.1325	0.1252	0.1244	0.1212	0.1179	0.1199		
		
~End
Copyright © 2003 Molecular Devices. All rights reserved.
