##BLOCKS= 1          
Plate:	Plate#1	1.3	PlateFormat	Endpoint	Absorbance	Raw	FALSE	1						2	490 750	1	12	96	1	8	None	
	Temperature(¡C)	1	2	3	4	5	6	7	8	9	10	11	12		1	2	3	4	5	6	7	8	9	10	11	12		
	27.70	0.2565	1.1606	0.2793	2.6212	0.298	0.8317	1.2291	1.5598	1.5125	2.2723	3.2324	2.1841		0.1634	0.5906	0.1949	1.5487	0.1937	0.5213	0.6411	1.1563	1.0322	1.553	0.9653	1.5584		
		0.3959	2.0877	2.1635	0.4476	2.2769	1.9614	2.2646	1.2581	2.177	1.2947	2.1235	2.2605		0.3109	1.3267	1.3812	0.3131	1.3951	1.3864	1.5491	0.8404	1.5099	0.7727	1.4143	1.5909		
		1.5007	0.4076	1.6525	1.6901	1.4689	2.3144	0.4982	2.1398	2.8639	2.6588	2.5575	2.389		0.8156	0.311	0.8724	1.1318	0.984	1.4133	0.3688	1.4091	1.9868	1.8734	1.6849	1.6395		
		1.7565	2.2808	0.3408	2.1145	0.4905	2.6007	0.4491	1.8281	0.4451	0.6146	2.244	2.3526		1.2577	1.5945	0.2619	1.0451	0.3606	1.7589	0.3338	1.2136	0.3153	0.4058	1.1505	1.4266		
		1.9668	1.5721	0.3646	1.3183	2.4131	2.7644	2.5213	0.5215	2.1394	0.4482	0.4438	2.0136		1.231	0.7789	0.2816	0.9161	1.6331	1.6937	1.7609	0.3617	1.1068	0.3218	0.3148	1.0623		
		1.396	1.041	1.496	1.8018	1.1641	2.1766	1.4478	0.5034	0.5565	1.2902	1.9085	2.4309		1.0494	0.6746	0.7205	1.2444	0.8957	1.1485	0.7051	0.383	0.3946	0.7437	0.8414	0.9269		
		0.4463	1.613	1.3525	0.9301	1.6008	0.4139	0.7145	1.6108	0.6348	1.3318	1.0646	1.9789		0.2651	1.0973	1.0146	0.5295	0.8533	0.3033	0.4835	1.1005	0.4282	0.8529	0.623	0.9721		
		0.4395	1.631	1.9948	1.4727	1.9118	1.2341	1.5301	0.275	0.259	0.2597	0.2226	0.2929		0.2666	0.704	1.1236	0.9355	0.9047	0.7399	0.9151	0.149	0.1607	0.1688	0.1416	0.1765		
		
~End
Copyright © 2003 Molecular Devices. All rights reserved.
