##BLOCKS= 1          
Plate:	Plate#1	1.3	PlateFormat	Endpoint	Absorbance	Raw	FALSE	1						2	490 750	1	12	96	1	8	None	
	Temperature(¡C)	1	2	3	4	5	6	7	8	9	10	11	12		1	2	3	4	5	6	7	8	9	10	11	12		
	27.70	0.2587	1.0319	0.2399	2.6204	0.2393	0.7177	1.1434	1.4701	1.5704	2.135	3.1529	2.2576		0.1708	0.5369	0.1644	1.369	0.1513	0.443	0.6016	1.0824	1.0839	1.4657	0.9145	1.5288		
		0.4224	1.1486	1.8836	0.3333	2.1326	2.0139	2.2356	1.1218	2.0883	1.1436	1.952	2.052		0.3567	0.7431	1.2009	0.2137	1.1296	1.4286	1.5502	0.7408	1.4137	0.6464	1.2815	1.4473		
		1.5387	0.3142	1.6671	1.7655	1.2785	2.207	0.4622	2.3657	2.8874	2.5615	2.0873	2.5198		0.8439	0.2115	0.7848	1.0862	0.7966	1.2144	0.2964	1.4223	1.728	1.7271	1.1441	1.7011		
		2.1051	2.2423	0.2689	2.2129	0.4007	2.2865	0.3627	2.0018	0.3402	0.4934	1.9948	2.3807		1.4865	1.5406	0.1844	1.0482	0.2637	1.3625	0.2347	1.0911	0.2089	0.293	1.0396	1.4378		
		1.9476	1.3219	0.2593	1.1408	2.1833	2.7576	2.762	0.4126	2.1383	0.3355	0.3817	2.1136		1.2696	0.5886	0.172	0.7044	1.3781	1.4567	1.8852	0.2564	1.0665	0.2221	0.2428	0.9705		
		1.3695	0.9642	1.765	1.5504	1.0625	2.1613	1.4557	0.3847	0.4717	1.2346	1.7711	2.0575		1.0183	0.5889	0.8312	1.0211	0.7985	1.0737	0.6776	0.2678	0.3078	0.68	0.6592	0.868		
		0.4798	1.5666	1.4276	0.9171	1.3524	0.3184	0.6312	1.5286	0.5305	1.1232	1.1244	1.2297		0.3214	0.9731	1.0551	0.4625	0.684	0.2192	0.3898	0.9926	0.3315	0.6676	0.6474	0.6061		
		0.5506	1.5077	2.025	1.2965	1.8929	1.3727	1.3825	0.2311	0.2557	0.256	0.278	0.2916		0.3031	0.7496	1.1277	0.791	0.9046	0.8529	0.779	0.1483	0.1608	0.1644	0.1732	0.1786		
		
~End
Copyright © 2003 Molecular Devices. All rights reserved.
