##BLOCKS= 1          
Plate:	Plate#1	1.3	PlateFormat	Endpoint	Absorbance	Raw	FALSE	1						2	490 750	1	12	96	1	8	None	
	Temperature(¡C)	1	2	3	4	5	6	7	8	9	10	11	12		1	2	3	4	5	6	7	8	9	10	11	12		
	27.60	0.3514	1.0418	0.2552	2.6885	0.2466	0.6714	1.4792	1.4816	1.6093	2.3464	3.294	2.4125		0.2659	0.577	0.1701	1.4691	0.1537	0.4248	0.7461	1.0824	1.0835	1.6257	1.016	1.6553		
		0.3824	1.6024	2.1631	0.3428	2.0076	2.0191	2.6108	1.1239	2.2447	1.0904	2.1724	2.492		0.3163	1.0581	1.3745	0.2202	1.0599	1.4223	1.8939	0.7301	1.5483	0.6078	1.4466	1.7532		
		1.5698	0.3134	1.9226	1.4739	1.4129	2.2087	0.3648	2.4328	2.8806	2.5976	2.3513	2.3748		0.8819	0.2143	0.8933	0.8951	0.9061	1.205	0.235	1.5241	1.7188	1.786	1.5175	1.6155		
		1.9709	2.3045	0.2636	2.2685	0.3978	2.6301	0.3169	1.8198	0.3433	0.5493	2.1005	2.3485		1.4004	1.5796	0.1824	1.0601	0.2616	1.6347	0.2102	1.099	0.2122	0.33	1.1259	1.4017		
		2.0999	1.4615	0.2413	1.4748	2.2961	2.812	2.6554	0.4161	2.1892	0.3393	0.3705	1.8691		1.3609	0.6288	0.1646	0.9775	1.4616	1.5287	1.7123	0.2646	1.0159	0.2253	0.2412	0.8524		
		1.4396	0.9289	1.5692	1.7133	1.0882	2.2723	1.6651	0.3773	0.4902	1.2514	1.8457	1.9205		1.0555	0.59	0.6826	1.1528	0.8143	1.1279	0.8013	0.2638	0.3195	0.6873	0.69	0.7818		
		0.5097	1.7585	1.3847	1.1136	1.4757	0.3345	0.6365	1.5331	0.5155	1.1361	1.2421	1.6883		0.3181	1.0933	1.0285	0.5843	0.763	0.2317	0.409	1.0078	0.3287	0.6716	0.7043	0.8682		
		0.4635	1.93	2.191	1.3403	1.9454	1.2397	1.3932	0.2293	0.2932	0.2776	0.2669	0.279		0.2966	0.9102	1.2114	0.8685	0.9273	0.7678	0.7886	0.1462	0.1838	0.1771	0.1662	0.1764		
		
~End
Copyright © 2003 Molecular Devices. All rights reserved.
