##BLOCKS= 1          
Plate:	Plate#1	1.3	PlateFormat	Endpoint	Absorbance	Raw	FALSE	1						2	490 750	1	12	96	1	8	None	
	Temperature(¡C)	1	2	3	4	5	6	7	8	9	10	11	12		1	2	3	4	5	6	7	8	9	10	11	12		
	25.80	0.3748	1.9007	0.4451	2.7012	0.169	2.6321	2.4025	0.8113	2.6165	2.6983	2.9203	2.2283		0.256	0.8065	0.3292	1.5805	0.1292	1.5841	1.1548	0.5988	1.4046	1.307	1.4447	1.3277		
		0.5945	2.8998	2.5523	2.5085	2.3572	0.7509	3.006	1.1378	2.3737	1.2634	1.9784	1.779		0.4946	1.4346	1.5005	1.5995	1.3138	0.5594	1.4683	0.6122	1.4693	0.6447	0.8334	1.0263		
		1.4144	0.1866	1.5823	2.9646	2.4213	2.5859	0.5145	2.961	2.6624	2.4295	1.9666	2.0793		0.8887	0.1572	1.1473	1.6792	1.0004	1.1747	0.3716	1.3738	1.2245	1.2684	1.2122	1.266		
		2.6072	1.9817	1.9763	2.0338	0.6448	3.0451	1.1111	2.8291	2.7478	0.6352	1.814	2.6276		1.3317	1.2825	1.2548	1.2486	0.4814	1.5908	0.7699	1.6626	1.3867	0.4594	1.1337	1.3914		
		0.6729	1.2033	0.3376	2.7797	0.8498	2.3887	2.4741	0.6121	2.1834	2.2801	0.7845	1.8477		0.4471	0.6054	0.255	1.499	0.6341	1.5416	1.535	0.451	1.2961	1.0479	0.5925	1.0679		
		0.8239	0.9396	1.2993	1.1638	0.7285	0.8601	0.9146	0.4489	0.4864	0.5469	1.2194	1.0078		0.5971	0.6192	0.9674	0.8095	0.5219	0.607	0.6527	0.323	0.3525	0.4112	0.9189	0.6754		
		0.9963	2.3658	0.8166	0.8896	1.4328	0.502	0.4644	0.4754	0.5763	0.2637	0.4258	0.8163		0.7371	1.6222	0.5769	0.6721	0.966	0.3461	0.3569	0.3037	0.434	0.204	0.3037	0.5557		
		0.4359	0.8438	0.5582	0.4961	0.431	0.6176	0.2623	0.4162	0.276	0.3268	0.3569	0.3279		0.295	0.5741	0.4101	0.3602	0.302	0.4435	0.2028	0.3075	0.208	0.2381	0.2647	0.2404		
		
~End
Copyright © 2003 Molecular Devices. All rights reserved.
