##BLOCKS= 1          
Plate:	Plate#1	1.3	PlateFormat	Endpoint	Absorbance	Raw	FALSE	1						2	490 750	1	12	96	1	8	None	
	Temperature(¡C)	1	2	3	4	5	6	7	8	9	10	11	12		1	2	3	4	5	6	7	8	9	10	11	12		
	25.70	0.4123	1.8896	0.469	2.8553	0.2031	2.8572	2.1378	0.7653	2.7539	2.895	2.2707	2.0926		0.2986	0.7884	0.3453	1.5853	0.1508	1.7261	1.0806	0.5604	1.504	1.4025	1.1367	1.3405		
		0.6662	3.1216	2.451	2.5954	2.0246	0.7439	2.7871	1.3757	1.6708	1.2518	2.291	1.6877		0.5617	1.5411	1.4353	1.6249	1.1504	0.5423	1.147	0.7607	0.992	0.58	0.9644	0.9771		
		1.6381	0.2138	1.51	2.6634	2.1806	2.5675	0.4657	2.7913	2.9408	2.89	1.9558	1.9654		1.0232	0.1715	1.0661	1.676	0.8616	1.251	0.3326	1.3527	1.3982	1.5929	1.2101	1.2258		
		2.1895	2.2396	2.1473	2.639	0.6306	2.753	0.978	2.6764	2.6355	0.6789	2.3757	2.6197		1.0014	1.4351	1.3669	1.5662	0.4632	1.479	0.7733	1.5634	1.3609	0.4812	1.4904	1.3227		
		0.744	1.2641	0.2852	2.9306	0.7252	1.9332	2.5856	0.4868	2.3424	2.4516	0.4892	2.3251		0.4524	0.6742	0.2167	1.6194	0.5299	1.2546	1.688	0.3559	1.3833	1.2005	0.3698	1.2636		
		0.6297	1.117	1.3016	0.9984	0.7907	0.814	1.0492	0.476	0.5456	0.5134	1.0741	1.1388		0.4336	0.7661	0.9603	0.6873	0.5765	0.5702	0.7394	0.3416	0.3979	0.3821	0.8177	0.7887		
		0.8215	2.1289	0.7496	0.9251	1.2641	0.4711	0.4489	0.6446	0.4817	0.2812	0.5734	0.8199		0.7673	1.4347	0.5293	0.6972	0.8795	0.3196	0.3352	0.439	0.3614	0.2165	0.4194	0.5178		
		0.4486	0.7188	0.4444	0.5046	0.3511	0.4362	0.3649	0.2977	0.3557	0.3239	0.4437	0.4461		0.3642	0.5533	0.3259	0.3594	0.2508	0.3222	0.2753	0.2241	0.276	0.2365	0.3266	0.3304		
		
~End
Copyright © 2003 Molecular Devices. All rights reserved.
