##BLOCKS= 1          
Plate:	Plate#1	1.3	PlateFormat	Endpoint	Absorbance	Raw	FALSE	1						2	490 750	1	12	96	1	8	None	
	Temperature(¡C)	1	2	3	4	5	6	7	8	9	10	11	12		1	2	3	4	5	6	7	8	9	10	11	12		
	25.20	0.4417	2.3357	0.9369	2.7368	1.1836	1.2201	1.3984	1.9024	2.1979	2.1493	1.8291	2.226		0.2004	1.1134	0.4443	1.8062	0.4295	0.7572	0.6889	1.1287	1.4668	1.5703	0.9613	1.2234		
		0.6636	2.1352	2.0054	0.6315	2.4059	0.6706	2.3955	1.0605	1.8474	1.5804	0.199	2.3324		0.531	1.5361	1.2817	0.294	1.5833	0.3425	1.4522	0.7199	1.1836	0.7659	0.1356	1.2619		
		1.1347	0.1543	1.1103	2.3201	1.827	1.7041	1.563	2.3262	2.0213	2.3767	1.9972	2.2749		0.5694	0.1256	0.5686	1.5585	1.0085	1.1614	0.9203	1.5876	1.4458	1.5693	1.3658	1.3354		
		2.3529	1.9827	2.1412	2.32	2.4734	2.0967	2.0702	2.3975	2.2949	1.1458	1.9731	2.3458		1.568	1.3256	1.4371	1.5698	1.4856	1.4697	1.4033	1.5746	1.4791	0.5204	1.3317	1.4942		
		1.0937	1.3253	0.6829	2.2641	1.0507	1.9578	2.2255	1.6534	2.3905	2.5163	1.5271	2.0249		0.5056	0.5642	0.2415	1.4857	0.6631	1.2772	1.3775	0.8492	1.4012	1.6724	0.694	1.2947		
		1.6798	1.0454	2.7428	2.5274	1.4547	2.2119	1.1575	1.1589	1.1033	1.435	1.5737	1.5395		0.7767	0.6384	1.1647	1.1823	0.7602	1.1114	0.6594	0.3822	0.5214	0.8543	0.8239	0.8114		
		1.6147	2.0751	2.4286	1.5464	1.5425	2.215	0.8609	1.7749	0.8023	1.4567	0.8767	2.6801		0.9321	1.3471	1.454	0.7512	0.9217	1.0153	0.4749	1.1472	0.348	0.8402	0.3953	1.4661		
		1.1634	0.939	1.3683	1.5574	0.7734	0.5763	0.668	0.706	0.7023	1.058	0.5963	0.5447		0.5206	0.445	0.8517	0.5943	0.4479	0.26	0.2681	0.335	0.2816	0.4642	0.2594	0.2241		
		
~End
Copyright © 2003 Molecular Devices. All rights reserved.
