##BLOCKS= 1          
Plate:	Plate#1	1.3	PlateFormat	Endpoint	Absorbance	Raw	FALSE	1						2	490 750	1	12	96	1	8	None	
	Temperature(¡C)	1	2	3	4	5	6	7	8	9	10	11	12		1	2	3	4	5	6	7	8	9	10	11	12		
	28.30	0.2571	1.7608	0.2674	2.1894	0.4152	2.0543	1.2808	0.8652	1.1469	1.1872	1.5789	1.6931		0.169	0.7325	0.161	0.9591	0.2259	1.48	0.5412	0.5618	0.6412	0.8929	0.8241	1.0431		
		0.4275	0.4324	1.9689	1.4731	1.5057	1.5671	1.8226	0.7562	1.6419	0.6884	1.3453	2.0843		0.3624	0.2861	1.0363	0.9001	0.9457	0.9564	1.1211	0.4514	0.9573	0.3838	0.6755	1.0163		
		0.757	0.2855	0.8879	1.7107	1.632	1.4567	1.4713	1.2003	0.5018	1.4074	2.208	1.7856		0.4357	0.1458	0.4667	0.9859	0.8057	0.9234	0.6448	0.7497	0.2434	0.904	1.2182	0.9635		
		1.9216	2.0116	1.9912	1.4842	1.6648	0.6928	2.2031	1.5846	1.4091	0.4655	2.2397	1.4232		1.204	1.1738	1.1113	0.9309	0.9814	0.3762	1.3614	0.9554	0.8371	0.2422	1.239	0.7882		
		0.7053	1.4939	1.928	2.3416	2.0995	1.8585	2.3697	1.1494	2.2496	1.8744	0.4598	1.8925		0.3392	0.3856	0.9608	1.1652	1.1704	0.9621	1.2033	0.686	1.268	0.9263	0.2405	1.0661		
		0.421	1.6926	0.9989	2.202	2.3847	1.541	1.3353	0.5526	0.9539	2.0036	1.5605	2.1794		0.3003	0.5487	0.3677	0.8256	0.8189	0.7873	0.587	0.3037	0.4411	0.771	0.5022	0.6939		
		1.8525	1.6913	1.4262	1.3691	0.2506	1.6971	0.323	0.379	0.2509	0.4738	0.3013	0.2312		0.5095	0.8241	0.7406	0.4828	0.1616	0.4231	0.1857	0.19	0.1413	0.2439	0.1737	0.1416		
		0.2691	0.3923	0.2721	0.3889	0.4978	0.5952	0.4303	0.4667	0.9878	1.0699	0.2405	0.2769		0.1732	0.2144	0.1565	0.1959	0.3033	0.3031	0.2126	0.211	0.4532	0.9729	0.1452	0.1611		
		
~End
Copyright © 2003 Molecular Devices. All rights reserved.
