##BLOCKS= 1          
Plate:	Plate#1	1.3	PlateFormat	Endpoint	Absorbance	Raw	FALSE	1						2	490 750	1	12	96	1	8	None	
	Temperature(¡C)	1	2	3	4	5	6	7	8	9	10	11	12		1	2	3	4	5	6	7	8	9	10	11	12		
	28.40	0.3044	1.1222	0.3546	2.1098	0.4684	0.4756	1.0547	1.3804	1.6942	1.6561	1.7839	1.7394		0.2064	0.7502	0.2625	1.2908	0.3403	0.3394	0.7241	1.0177	1.1806	1.2243	1.1337	1.237		
		0.6926	0.5212	1.5453	0.4727	1.4971	1.9069	1.6544	1.0199	1.479	0.595	1.3515	1.7836		0.5601	0.3962	1.081	0.3444	1.0215	1.3076	1.1895	0.7676	1.0837	0.4088	0.9384	1.2551		
		1.3369	0.6603	1.4636	1.7622	1.3302	1.3545	1.5294	1.7787	1.8762	1.975	1.4161	1.6373		0.801	0.4427	0.9523	1.2693	0.905	0.8816	0.9541	1.2837	1.366	1.351	1.0188	1.1556		
		1.8435	1.8197	0.4727	1.9604	0.5036	0.7848	0.4532	1.6213	0.4838	0.5758	1.9868	1.7119		1.3437	1.3519	0.3592	1.348	0.3777	0.5724	0.3417	1.109	0.3478	0.4188	1.2833	1.1581		
		2.0121	1.196	0.4141	0.8381	1.3468	2.1649	1.9206	0.4809	1.9227	0.4911	0.4093	2.3046		1.2843	0.689	0.3153	0.5774	0.9492	1.3841	1.4006	0.3537	1.2289	0.3374	0.2882	1.0478		
		1.1521	0.9905	0.9608	1.5707	1.4326	2.0436	1.6054	0.5947	0.7334	0.7947	0.9724	1.6095		0.7583	0.6278	0.606	1.1299	0.9757	1.1222	0.8422	0.4222	0.5042	0.4978	0.5825	0.7308		
		0.9625	1.551	1.3058	0.9436	1.3397	0.4397	0.7651	1.6553	1.0798	1.3938	0.962	1.3549		0.5533	1.0001	0.9681	0.5631	0.8623	0.3475	0.5299	1.0091	0.7299	0.9312	0.6058	0.8653		
		1.0951	1.7984	2.2885	1.8743	1.2992	1.4476	1.4812	0.4783	0.3554	0.3104	0.2669	0.3163		0.605	1.0152	1.1111	1.0199	0.804	0.8484	0.8843	0.2955	0.2274	0.1966	0.1686	0.1879		
		
~End
Copyright © 2003 Molecular Devices. All rights reserved.
