##BLOCKS= 1          
Plate:	Plate#1	1.3	PlateFormat	Endpoint	Absorbance	Raw	FALSE	1						2	490 750	1	12	96	1	8	None	
	Temperature(¡C)	1	2	3	4	5	6	7	8	9	10	11	12		1	2	3	4	5	6	7	8	9	10	11	12		
	28.30	0.3275	1.2275	0.2604	2.0373	0.3356	0.4661	1.1287	1.3633	1.7847	1.3661	1.9785	1.3915		0.1919	0.8144	0.1715	1.2044	0.2248	0.3178	0.7754	0.9938	1.2368	1.0125	1.2952	0.9808		
		0.6131	0.3363	1.5335	0.3551	1.1578	1.9868	1.5964	0.9533	1.5062	0.5958	1.4075	1.5407		0.4898	0.2451	1.0663	0.2325	0.7476	1.3401	1.1155	0.6919	1.0927	0.381	0.956	1.0924		
		1.1672	0.5412	1.43	1.716	1.1984	1.2648	1.4584	1.722	1.7733	1.8951	1.5499	1.5525		0.6784	0.3149	0.8845	1.2187	0.7645	0.7717	0.8649	1.2036	1.2473	1.2795	1.1026	1.0828		
		1.7076	1.6312	0.2988	1.9478	0.3758	0.7013	0.3589	1.7094	0.3708	0.4727	1.8636	2.0169		1.2768	1.1664	0.2004	1.2914	0.2463	0.4747	0.2395	1.1037	0.2295	0.3127	1.1621	1.2729		
		1.9766	1.1421	0.2754	0.7812	1.1674	2.118	1.6229	0.3478	2.0014	0.4248	0.3509	2.3097		1.2454	0.6028	0.1816	0.4976	0.7741	1.2942	1.1631	0.2289	1.2228	0.2603	0.2176	1.0639		
		0.983	0.9174	0.7775	1.5465	1.2304	2.1376	1.3767	0.4265	0.5844	0.926	0.8431	1.2867		0.6967	0.5547	0.4475	1.06	0.7948	1.1051	0.6317	0.2709	0.3706	0.5544	0.4602	0.5502		
		0.9317	1.6106	1.4243	0.922	1.2845	0.3237	0.608	1.5688	0.9881	1.357	0.8213	1.2254		0.5018	1.0244	1.0212	0.505	0.7861	0.2372	0.3806	0.8761	0.633	0.8552	0.4797	0.7727		
		1.1146	1.681	1.9495	1.647	1.1985	1.3501	1.4914	0.4627	0.29	0.2722	0.2656	0.309		0.6535	0.9263	0.8669	0.8816	0.7249	0.7505	0.8628	0.2715	0.184	0.1713	0.1645	0.1912		
		
~End
Copyright © 2003 Molecular Devices. All rights reserved.
