##BLOCKS= 1          
Plate:	Plate#1	1.3	PlateFormat	Endpoint	Absorbance	Raw	FALSE	1						2	490 750	1	12	96	1	8	None	
	Temperature(¡C)	1	2	3	4	5	6	7	8	9	10	11	12		1	2	3	4	5	6	7	8	9	10	11	12		
	28.60	0.2638	1.1384	0.375	2.1924	0.2636	2.497	0.6743	0.4643	2.2318	1.1511	2.7133	1.995		0.1806	0.6397	0.2795	1.22	0.1908	1.6845	0.3563	0.3107	1.397	0.736	1.2215	0.9836		
		0.5697	0.2703	2.1007	0.392	2.0965	1.0662	2.048	0.9878	2.1266	0.4047	1.2435	1.8069		0.4775	0.1882	1.2662	0.2715	1.155	0.5966	1.0777	0.6042	1.0417	0.2671	0.633	0.9458		
		0.6058	0.2461	0.6777	0.879	1.2364	1.4409	1.7991	0.5133	0.3176	1.9939	2.0565	1.9513		0.4366	0.1858	0.4123	0.5817	0.761	0.6929	0.6735	0.3583	0.2161	1.0684	1.0592	1.028		
		2.8768	2.1681	2.2038	2.278	1.0579	2.2253	2.7882	1.9226	1.8351	0.5476	2.1068	2.1862		2.0152	1.0822	1.1484	1.1299	0.7167	1.4477	1.7147	1.0795	1.034	0.3311	1.0585	1.3338		
		2.5365	1.0502	0.287	2.2417	1.6694	2.2666	2.1564	0.5603	2.167	2.5328	0.3333	2.1782		1.5788	0.3872	0.21	1.2347	0.9785	1.1961	1.128	0.3316	1.1537	1.2245	0.2241	1.0868		
		1.7682	0.8611	1.1909	1.4197	1.4527	1.7241	1.0889	0.3793	0.5601	1.2312	1.2962	1.9834		1.1471	0.6082	0.6315	0.9411	0.9398	1.0161	0.5914	0.2667	0.409	0.6835	0.603	0.8807		
		1.2169	1.9925	0.903	0.848	1.2816	0.6875	0.4351	1.9724	1.7549	1.4861	1.1632	1.343		0.6352	1.1059	0.6748	0.5282	0.7065	0.4584	0.2895	0.8711	0.7796	0.6445	0.5806	0.6388		
		0.3425	1.712	1.2794	0.7549	1.3325	1.3341	0.6128	0.19	1.5665	0.2125	0.2647	0.3844		0.2471	0.9589	0.7571	0.524	0.9025	0.6277	0.434	0.1456	0.788	0.167	0.1753	0.2847		
		
~End
Copyright © 2003 Molecular Devices. All rights reserved.
