##BLOCKS= 1          
Plate:	Plate#1	1.3	PlateFormat	Endpoint	Absorbance	Raw	FALSE	1						2	490 750	1	12	96	1	8	None	
	Temperature(¡C)	1	2	3	4	5	6	7	8	9	10	11	12		1	2	3	4	5	6	7	8	9	10	11	12		
	26.10	0.2614	0.7539	0.2556	1.3774	0.2674	0.5892	1.5089	0.6197	1.4381	0.3712	2.647	2.1731		0.1524	0.4149	0.1555	0.8312	0.1555	0.3671	0.9821	0.3639	0.7631	0.2365	0.8999	1.1952		
		0.489	0.2414	1.7335	2.2975	2.1544	1.0703	1.5506	1.197	2.3388	0.5462	1.2459	2.2793		0.3956	0.1691	1.1361	1.371	1.0456	0.5968	0.7631	0.7965	1.0444	0.3139	0.7782	0.915		
		0.7122	0.2032	1.4198	1.2192	1.2004	1.7583	1.3212	2.2829	0.4609	2.391	2.2	1.4131		0.3855	0.1316	0.6517	0.7703	0.7598	0.8492	0.5884	1.3764	0.2474	1.5308	1.1632	0.7227		
		2.3275	2.2519	2.6739	1.4183	0.3687	2.442	0.4036	1.7853	1.0313	0.4367	3.1355	1.9717		1.2413	1.015	1.2713	0.7127	0.1893	1.3554	0.212	0.9156	0.5925	0.2279	1.3399	1.071		
		1.0374	0.739	0.3569	2.5932	1.2361	0.33	2.3315	0.3557	2.5182	1.5056	0.3839	1.6927		0.5033	0.3744	0.1904	1.4487	0.7676	0.1641	1.0676	0.2134	1.2025	0.9202	0.2062	0.7875		
		1.6456	1.0162	1.6895	1.4792	0.8696	1.2415	1.0997	0.3098	0.3617	1.6516	0.9292	2.4665		1.1553	0.4317	0.7875	0.6941	0.3875	0.4799	0.4704	0.1652	0.2176	0.9369	0.399	0.9647		
		0.4006	1.3972	0.4415	1.2537	1.6398	1.3898	0.423	1.2817	1.2884	0.9024	0.7491	1.0787		0.2712	0.86	0.2927	0.5128	0.7356	0.6546	0.2194	0.6657	0.7074	0.4284	0.3354	0.4855		
		0.6277	0.4196	0.5789	1.3984	0.3914	1.7541	0.2957	0.2747	1.4584	0.3388	0.3189	0.3833		0.2816	0.2139	0.2862	0.7253	0.2833	0.696	0.1417	0.1625	0.6002	0.1963	0.1809	0.2042		
		
~End
Copyright © 2003 Molecular Devices. All rights reserved.
