##BLOCKS= 1          
Plate:	Plate#1	1.3	PlateFormat	Endpoint	Absorbance	Raw	FALSE	1						2	490 750	1	12	96	1	8	None	
	Temperature(¡C)	1	2	3	4	5	6	7	8	9	10	11	12		1	2	3	4	5	6	7	8	9	10	11	12		
	28.20	0.621	1.8028	0.3697	2.8322	0.4185	0.6583	2.4538	1.3561	2.0039	2.5147	2.4035	2.5021		0.2836	1.0525	0.2201	1.4366	0.2614	0.4351	1.1885	1.0754	1.2059	1.9066	1.5521	1.3377		
		0.5967	2.8088	2.7431	0.5338	2.6972	1.7197	2.3368	1.1541	2.8266	1.0796	1.9115	2.7471		0.4673	2.1405	1.5022	0.3285	1.5222	1.2625	1.3035	0.8913	1.6423	0.7422	1.1585	1.3449		
		1.348	0.1421	1.591	2.1466	2.4098	2.5085	2.2494	2.2524	2.5484	2.1209	2.3774	2.6921		0.9184	0.1172	1.0722	1.4654	1.0398	1.4953	0.8779	1.6428	1.8479	1.4546	1.399	1.4182		
		2.3796	2.4863	2.5379	2.6138	2.5419	1.9428	2.2423	2.5077	2.2812	0.5474	2.7328	2.4043		1.4515	1.4223	1.5779	1.464	1.8604	1.2211	1.6035	1.3594	1.3281	0.3083	1.3709	1.4465		
		0.6254	1.6662	0.319	1.8325	1.7813	2.3041	2.5407	1.3158	2.7961	2.2037	0.4532	2.8632		0.3275	0.5568	0.1879	1.0731	1.0831	1.4289	1.423	0.7771	1.5793	1.1754	0.2662	1.4995		
		2.5996	1.1107	1.2361	2.4416	2.5541	2.1294	1.1517	0.3851	0.8597	1.7667	1.3615	2.5914		1.2695	0.672	0.8967	1.2865	1.0742	1.3972	0.5633	0.2899	0.567	0.9235	0.6895	1.1922		
		1.5237	2.1551	0.6475	0.8145	1.4882	0.8275	0.7803	1.7794	1.1505	1.4675	1.1529	2.1241		0.6875	1.4755	0.496	0.563	0.8678	0.6131	0.4401	1.0731	0.7534	0.7377	0.5757	0.769		
		0.7243	1.2021	2.1046	1.0016	1.4656	1.2222	0.5193	0.4562	1.447	0.3457	0.8448	0.4159		0.4706	0.7508	1.4309	0.6763	1.0317	0.7423	0.2449	0.251	0.9056	0.2054	0.4166	0.2317		
		
~End
Copyright © 2003 Molecular Devices. All rights reserved.
