##BLOCKS= 1          
Plate:	Plate#1	1.3	PlateFormat	Endpoint	Absorbance	Raw	FALSE	1						2	490 750	1	12	96	1	8	None	
	Temperature(¡C)	1	2	3	4	5	6	7	8	9	10	11	12		1	2	3	4	5	6	7	8	9	10	11	12		
	28.20	0.3504	2.2366	0.3378	3.0811	0.476	0.685	2.6895	1.22	2.2005	2.2118	1.9576	2.7275		0.1852	1.2188	0.1999	1.8479	0.2847	0.4711	1.5645	0.9696	1.3278	1.6361	1.3664	1.5032		
		0.5012	2.7585	2.5728	0.4575	2.601	1.4085	2.0867	1.0794	2.5941	1.0802	1.7621	2.6078		0.3792	2.0668	1.4771	0.2904	1.4657	1.0646	1.2707	0.8454	1.4372	0.7641	1.1365	1.4714		
		1.478	0.1467	1.5857	1.9868	2.1717	2.3133	2.4083	2.2522	1.9704	1.9645	2.3301	2.9659		0.949	0.1184	1.0782	1.3751	1.0025	1.4293	0.942	1.6554	1.4258	1.2753	1.4171	1.5403		
		2.1242	2.6968	2.2066	2.6376	2.6097	1.8814	1.9401	2.5807	2.4184	0.8229	2.7882	2.5426		1.2756	1.5764	1.2966	1.5458	1.8891	1.2273	1.4564	1.4179	1.5342	0.4329	1.4007	1.4897		
		0.6421	1.5919	0.3344	2.1576	2.1868	2.2297	2.5267	1.1346	2.6537	2.6227	0.3704	3.0081		0.3375	0.5975	0.2007	1.3671	1.3375	1.3601	1.4713	0.6789	1.4975	1.564	0.2287	1.6296		
		2.6872	0.8974	1.2157	2.4745	2.5791	2.3203	0.8993	0.4368	0.9004	2.6158	1.3156	2.3615		1.2676	0.561	0.8336	1.2839	0.9423	1.4936	0.4267	0.3248	0.6252	1.241	0.789	1.1293		
		1.3124	2.1215	0.7425	0.8532	1.1433	0.9774	0.878	1.3499	1.3196	1.4388	0.88	2.1695		0.5922	1.3681	0.5706	0.5978	0.751	0.7189	0.5099	0.8823	0.8398	0.7964	0.5191	0.8694		
		0.6032	1.0928	1.9348	1.4422	2.0931	1.2565	0.4145	0.5295	1.44	0.2835	0.3031	0.3911		0.4349	0.7566	1.3307	1.0022	1.1045	0.772	0.2061	0.2749	0.9182	0.1739	0.1679	0.2047		
		
~End
Copyright © 2003 Molecular Devices. All rights reserved.
