##BLOCKS= 1          
Plate:	Plate#1	1.3	PlateFormat	Endpoint	Absorbance	Raw	FALSE	1						2	490 750	1	12	96	1	8	None	
	Temperature(¡C)	1	2	3	4	5	6	7	8	9	10	11	12		1	2	3	4	5	6	7	8	9	10	11	12		
	28.70	0.417	1.4589	0.3853	3.0914	0.364	0.4424	0.4263	0.3077	1.4043	0.839	1.4688	1.7453		0.2351	1.007	0.2238	2.0689	0.214	0.2153	0.2368	0.1731	0.8654	0.4763	0.5607	1.0957		
		0.6174	2.26	1.7814	2.2427	1.1789	0.3473	1.3158	0.3392	1.3185	0.4765	1.3532	1.721		0.476	1.74	1.2105	1.6576	0.798	0.1887	0.685	0.231	0.6747	0.3082	0.9234	1.0829		
		0.7207	0.2962	1.5531	3.2158	1.2988	1.0463	1.2369	1.5597	1.6437	2.2124	1.8573	1.931		0.4111	0.1645	0.8597	2.3206	0.8524	0.6363	0.7183	0.9993	1.1639	1.5837	1.3267	1.3245		
		1.8913	1.6838	2.1609	1.847	0.5769	2.0206	2.4159	1.7927	1.8457	0.5124	1.766	2.1742		1.3821	1.0614	1.529	1.2476	0.3666	1.4591	1.6682	1.112	1.2517	0.3045	1.2042	1.5369		
		0.7745	1.3046	2.6879	2.0987	1.5984	2.1066	2.3054	0.4757	1.9447	2.9397	0.4195	2.6642		0.4543	0.4733	1.8202	1.4273	1.0528	1.4914	1.5332	0.281	1.2285	1.9607	0.2422	1.2714		
		2.2085	0.9765	2.2333	1.8373	1.4566	1.9752	1.2492	0.3792	0.5599	1.9765	0.8472	2.1385		1.6007	0.5365	1.0843	1.2311	0.977	1.2567	0.7184	0.2657	0.3806	1.0585	0.4382	1.1287		
		1.3205	1.7468	0.6891	1.1461	1.418	1.5326	0.4672	1.5221	0.7049	1.7097	1.206	1.7935		0.7388	1.2042	0.4943	0.626	0.9249	0.8637	0.3003	0.7865	0.4049	1.1617	0.7676	1.1275		
		0.6348	1.0983	1.8268	0.7912	0.5214	1.1137	0.4159	0.3726	0.5327	0.6451	0.3708	0.5186		0.5148	0.748	1.0817	0.5458	0.3729	0.6864	0.2422	0.2472	0.3192	0.4953	0.2148	0.306		
		
~End
Copyright © 2003 Molecular Devices. All rights reserved.
