##BLOCKS= 1          
Plate:	Plate#1	1.3	PlateFormat	Endpoint	Absorbance	Raw	FALSE	1						2	490 750	1	12	96	1	8	None	
	Temperature(¡C)	1	2	3	4	5	6	7	8	9	10	11	12		1	2	3	4	5	6	7	8	9	10	11	12		
	28.80	0.2742	1.7181	0.5076	3.2701	0.4244	0.6112	0.5709	0.3792	1.3679	1.0797	2.0083	1.9711		0.1787	1.1077	0.2655	2.1193	0.2149	0.2391	0.2855	0.2069	0.7788	0.5748	0.9803	1.0311		
		0.6314	2.2575	1.7	2.6981	1.723	0.588	1.5096	0.6826	1.4552	0.6322	1.5987	2.2092		0.5002	1.7128	1.1484	1.8953	1.0771	0.2705	0.7422	0.4321	0.6627	0.3811	1.1025	1.3918		
		0.8952	0.4374	1.4932	3.3301	1.6657	1.1137	1.584	1.3901	1.8064	2.2586	1.5672	2.0886		0.4327	0.2724	0.7952	2.5963	1.0195	0.6295	0.8695	0.8822	1.2275	1.5854	1.059	1.4367		
		2.1661	2.0579	2.1432	1.6032	0.6108	2.3052	2.5501	2.0582	2.2172	0.7745	1.4948	2.1259		1.4416	1.2532	1.4548	0.9937	0.3414	1.6094	1.7294	1.1958	1.5095	0.4489	1.0046	1.4513		
		0.8544	1.2136	2.0739	2.0658	1.7762	2.0256	2.1477	0.4198	2.0849	2.7596	0.494	2.7236		0.4653	0.4367	1.3247	1.406	1.067	1.3609	1.3943	0.2413	1.3183	1.8493	0.2799	1.3717		
		2.1689	0.9327	1.6403	1.9165	1.4133	2.0617	1.8769	0.3689	0.432	1.5563	1.0674	2.2352		1.5969	0.5305	0.8274	1.2813	0.9363	1.1309	1.097	0.2549	0.3029	0.825	0.5665	1.2675		
		1.3593	1.8648	0.8721	1.3399	1.2893	1.8407	0.8725	1.9791	0.6395	1.7652	1.2989	1.4064		0.7417	1.2508	0.6145	0.7169	0.8093	1.0248	0.5186	1.1326	0.371	1.1259	0.8267	0.8703		
		0.7714	0.842	2.3077	0.6131	0.4187	0.8058	0.6278	0.3486	0.5222	0.5217	0.5025	0.3204		0.5238	0.5628	1.4237	0.403	0.2967	0.5176	0.3503	0.2404	0.2823	0.3205	0.274	0.2074		
		
~End
Copyright © 2003 Molecular Devices. All rights reserved.
