##BLOCKS= 1          
Plate:	Plate#1	1.3	PlateFormat	Endpoint	Absorbance	Raw	FALSE	1						2	490 750	1	12	96	1	8	None	
	Temperature(¡C)	1	2	3	4	5	6	7	8	9	10	11	12		1	2	3	4	5	6	7	8	9	10	11	12		
	24.30	0.2411	1.1319	0.1981	3.1559	0.2596	3.1625	0.4242	0.679	1.7577	1.4074	2.7357	2.5158		0.1806	0.7498	0.1508	1.9739	0.1899	2.6248	0.2813	0.4928	1.2014	1.0363	1.3063	1.5869		
		0.5274	2.1391	2.4836	3.3958	2.3119	1.1605	2.1687	1.0206	2.038	0.3954	1.5275	2.3721		0.4177	1.3874	1.5523	2.3878	1.4586	0.7992	1.432	0.6857	1.2592	0.2609	0.9739	1.4199		
		0.6293	0.139	0.8093	3.2943	1.4892	1.8117	1.9268	2.6319	0.4337	2.3462	1.9546	2.0085		0.4112	0.1094	0.527	2.3777	0.9489	1.1628	0.8284	1.7489	0.2985	1.5553	1.3142	1.3086		
		2.5621	2.2529	2.1861	2.0566	0.4917	3.1588	3.1992	2.0666	1.6678	0.4839	1.8316	2.3954		1.8253	1.4637	1.3729	1.3641	0.3363	2.4331	2.2184	1.3834	1.1134	0.3263	1.1702	1.8255		
		2.3604	1.3126	0.2682	3.2013	2.2148	1.9151	1.9645	0.3558	2.1351	2.1391	0.3159	2.6275		1.4345	0.7937	0.1877	2.4048	1.6034	1.3046	1.2216	0.2563	1.4195	1.4009	0.2309	1.633		
		2.3444	1.0384	1.4844	2.0925	1.9574	2.4003	1.3862	0.3588	0.3737	1.4966	1.4918	2.0916		1.5981	0.6789	0.9459	1.3383	1.1888	1.5283	0.8315	0.2522	0.2744	1.0087	0.8237	1.0246		
		1.1992	1.9437	1.6578	1.152	0.9004	0.7032	0.6459	2.0757	1.5231	1.6768	1.2071	1.9856		0.6251	1.4575	1.0673	0.7604	0.5729	0.5034	0.4068	1.173	0.9714	0.8689	0.7474	1.1182		
		0.4399	2.5997	0.7086	0.7292	2.7224	1.5756	0.3258	0.2518	1.4006	0.2064	0.2328	0.2667		0.3192	1.6367	0.4342	0.491	1.772	0.8301	0.2206	0.1634	0.8945	0.1586	0.1809	0.2033		
		
~End
Copyright © 2003 Molecular Devices. All rights reserved.
