##BLOCKS= 1          
Plate:	Plate#1	1.3	PlateFormat	Endpoint	Absorbance	Raw	FALSE	1						2	490 750	1	12	96	1	8	None	
	Temperature(¡C)	1	2	3	4	5	6	7	8	9	10	11	12		1	2	3	4	5	6	7	8	9	10	11	12		
	24.10	0.2223	1.1071	0.2216	2.6077	0.278	3.1179	0.4684	0.6893	1.6735	0.9372	2.8461	2.3339		0.1598	0.7678	0.1599	1.5986	0.2048	2.6602	0.3188	0.495	1.0935	0.6279	1.3469	1.4871		
		0.3691	2.8717	2.2961	3.1632	1.911	0.8371	2.2026	0.9422	1.9467	0.5597	1.5733	2.2618		0.2644	2.2925	1.4534	2.1759	1.2473	0.5789	1.4423	0.6221	1.273	0.3723	1.0394	1.3849		
		0.677	0.1639	0.7754	3.0688	1.4954	1.8804	1.5704	2.9968	0.5038	2.0788	1.9493	2.0343		0.4428	0.1282	0.5096	2.004	0.9509	1.2391	0.6948	2.2106	0.3498	1.3909	1.2815	1.3184		
		2.5026	2.0707	2.1328	2.3511	0.529	3.0331	2.6402	1.9972	1.7412	0.4864	1.8139	2.4023		1.6956	1.3627	1.359	1.5427	0.3634	2.0665	1.6968	1.3399	1.1277	0.3244	1.1311	1.5644		
		2.1364	1.2537	0.2464	3.1581	1.7865	2.0601	2.2018	0.333	2.2408	2.0104	0.2649	2.7022		1.2961	0.7464	0.1712	2.2032	1.3024	1.3649	1.3421	0.2376	1.5084	1.3187	0.1943	1.7495		
		2.2567	0.9037	1.4307	1.9956	1.9061	2.223	1.8657	0.3706	0.351	1.6863	1.35	2.1482		1.5328	0.5875	0.879	1.2653	1.1644	1.4135	1.1467	0.266	0.2439	1.0923	0.7447	1.1311		
		1.4323	2.6994	1.7524	1.4707	1.3188	0.8364	0.5321	1.9789	2.4362	1.976	1.4455	1.6229		0.826	1.8654	1.1052	1.0049	0.8421	0.6012	0.3621	1.2307	1.535	1.0187	0.9111	0.9267		
		0.45	1.9701	0.6236	1.2078	2.5649	1.8962	0.2546	0.2355	1.4216	0.2194	0.2143	0.2995		0.3233	1.2612	0.3778	0.826	1.6577	1.0016	0.1781	0.1656	0.8967	0.1683	0.1671	0.2262		
		
~End
Copyright © 2003 Molecular Devices. All rights reserved.
