##BLOCKS= 1          
Plate:	Plate#1	1.3	PlateFormat	Endpoint	Absorbance	Raw	FALSE	1						2	490 750	1	12	96	1	8	None	
	Temperature(¡C)	1	2	3	4	5	6	7	8	9	10	11	12		1	2	3	4	5	6	7	8	9	10	11	12		
	28.70	1.405	2.6206	1.4862	2.9753	0.5287	2.5945	2.5657	1.4555	2.1517	2.0906	3.2156	2.7105		0.3387	0.922	0.4958	1.6071	0.1877	1.3647	1.2199	0.8011	1.2912	1.0591	1.4093	1.2395		
		0.5733	2.2047	2.6007	2.2511	2.2283	1.0134	2.4403	1.4086	2.2466	1.0677	2.0624	2.8659		0.415	1.5065	1.3889	1.0967	1.0943	0.4154	1.2746	0.9271	1.118	0.4879	1.0616	1.2666		
		1.8643	0.3179	1.5276	2.6274	2.7557	2.263	2.2158	2.4506	2.4984	2.76	2.6685	2.8591		1.1154	0.1801	0.7456	1.7009	1.1666	1.1277	0.9302	1.3193	1.528	1.37	1.4438	1.3265		
		2.7739	2.8533	2.7827	2.7049	2.2775	2.7117	3.0403	2.6623	2.7355	0.8818	2.7891	2.3544		1.5767	1.3791	1.352	1.4033	1.1013	1.457	1.8692	1.306	1.3179	0.2766	1.1609	1.2232		
		0.8114	1.831	2.584	2.7002	1.6812	2.7768	2.8519	1.3346	2.9088	2.5833	2.0482	2.7702		0.4674	0.5521	1.3682	1.3122	0.9511	1.3842	1.4613	0.4236	1.3618	1.3827	0.6154	1.3157		
		1.2919	1.0327	3.053	2.2057	1.359	2.2162	2.7926	0.5002	0.5572	2.0862	2.1132	2.0646		0.9747	0.6407	1.2356	0.8039	0.8679	1.091	1.275	0.3233	0.3278	1.1297	0.6932	0.737		
		1.9547	2.2356	2.584	2.5914	2.1049	3.0978	0.6977	2.2171	0.984	2.2459	0.9693	1.7472		1.2008	1.3624	1.4639	0.901	1.0791	1.6619	0.3792	1.2314	0.4246	1.2258	0.6095	1.0721		
		0.525	1.4411	2.2859	0.3352	0.359	1.0459	0.7362	0.3006	0.9171	0.9088	0.8524	0.8543		0.2348	0.6234	1.4539	0.233	0.2646	0.3635	0.2561	0.2112	0.2955	0.332	0.2355	0.2378		
		
~End
Copyright © 2003 Molecular Devices. All rights reserved.
