##BLOCKS= 1          
Plate:	Plate#1	1.3	PlateFormat	Endpoint	Absorbance	Raw	FALSE	1						2	490 750	1	12	96	1	8	None	
	Temperature(¡C)	1	2	3	4	5	6	7	8	9	10	11	12		1	2	3	4	5	6	7	8	9	10	11	12		
	28.70	1.0244	2.0375	0.933	2.9237	0.8821	2.6822	2.5093	1.5486	1.9594	1.684	3.2847	3.0518		0.2512	0.9016	0.328	1.6001	0.2678	1.4579	0.9895	0.8747	1.1656	0.8939	0.9849	1.402		
		0.7261	2.0437	2.3636	2.4585	2.536	1.0082	2.2085	1.1441	2.5265	0.79	2.135	2.8324		0.5228	1.4623	1.2538	1.2734	1.3381	0.4265	1.158	0.7366	1.2425	0.4191	1.0195	1.214		
		1.8836	0.441	2.0274	2.5909	2.3198	2.15	2.4631	2.4609	2.4738	2.8216	2.5005	2.5392		1.079	0.2248	0.9751	1.7021	0.9938	1.0295	1.1375	1.3666	1.4623	1.3285	1.2884	1.1859		
		2.7009	2.8044	2.7944	2.7683	1.7491	2.7293	3.0637	2.6872	2.7253	0.702	2.8382	2.6446		1.4156	1.3284	1.4235	1.4163	0.9055	1.408	1.8955	1.2624	1.2503	0.2453	1.4613	1.2682		
		1.1471	2.3895	2.428	2.7444	1.2941	2.4699	2.9588	1.0125	2.9147	2.7136	1.1407	2.9863		0.5924	0.6986	1.344	1.4936	0.7572	1.3072	1.3749	0.3187	1.4694	1.3594	0.4609	1.4033		
		1.0382	1.2983	2.571	2.4093	1.5534	1.826	3.0399	0.542	0.9712	1.7328	1.9769	2.3189		0.7266	0.7601	0.9506	1.0155	0.9923	0.857	1.7361	0.3532	0.5289	0.8684	0.5065	0.8263		
		2.0748	2.4942	1.9618	2.407	1.8775	2.3537	1.1605	2.7622	1.0609	1.4645	0.9769	1.8538		1.1356	1.5063	1.0776	0.8808	0.9094	1.078	0.6049	1.5776	0.3948	0.8408	0.6282	1.1651		
		0.951	1.6312	1.8389	0.3189	0.2541	1.6094	0.6908	0.2731	1.3329	0.5641	1.0252	0.6889		0.3091	0.7935	1.0113	0.1845	0.1934	0.4501	0.2339	0.1916	0.4165	0.2098	0.2566	0.2361		
		
~End
Copyright © 2003 Molecular Devices. All rights reserved.
