##BLOCKS= 1          
Plate:	Plate#1	1.3	PlateFormat	Endpoint	Absorbance	Raw	FALSE	1						2	490 750	1	12	96	1	8	None	
	Temperature(¡C)	1	2	3	4	5	6	7	8	9	10	11	12		1	2	3	4	5	6	7	8	9	10	11	12		
	28.70	0.6596	2.6222	0.9451	2.8748	1.0585	2.0575	2.7676	1.1898	2.2291	1.921	3.1185	3.0799		0.2056	1.1345	0.479	1.6534	0.3683	1.178	1.5744	0.6977	1.3414	0.9813	0.9576	1.4656		
		0.6144	2.2165	2.2639	2.5385	2.7041	0.9795	2.2164	1.1527	2.4199	0.9619	1.9906	2.7807		0.4181	1.5405	1.3389	1.3642	1.4797	0.5082	1.3048	0.7817	1.2748	0.5766	1.0474	1.26		
		1.9075	0.5299	1.9361	2.468	2.4111	2.4092	2.3963	2.5332	2.5433	2.4115	2.5569	2.9013		1.1062	0.3396	1.1087	1.7874	1.1205	1.3304	1.2516	1.5809	1.5692	1.3377	1.4147	1.3141		
		2.6215	2.6946	2.6272	2.6072	2.2416	2.4932	2.6639	2.5516	2.6853	1.0024	2.6734	2.5966		1.3347	1.5844	1.4117	1.4551	1.331	1.4828	1.75	1.3662	1.4656	0.4537	1.3667	1.3227		
		1.2359	2.2745	2.1795	2.6072	1.9873	2.5774	2.7062	1.1232	2.7147	2.6364	1.2428	2.85		0.7116	0.9142	1.2289	1.5419	1.2327	1.486	1.4865	0.459	1.5267	1.4657	0.5217	1.2727		
		0.8831	1.4444	2.3923	2.5901	1.633	2.3684	2.3021	0.6825	1.0711	2.1902	2.0022	2.5946		0.6327	0.8935	1.014	1.4798	1.1147	1.2327	1.4436	0.4933	0.6591	1.4202	0.7672	1.0524		
		1.1657	2.3016	2.4213	2.1729	2.4123	2.158	1.7683	2.3588	0.9048	1.8099	1.532	1.6702		0.7358	1.4999	1.4911	0.8969	1.3411	1.2925	1.0917	1.643	0.4817	1.1335	1.0535	1.0009		
		0.6412	1.1095	1.959	0.3126	0.3277	0.66	0.6642	0.2842	1.6214	0.7464	0.866	0.8856		0.2926	0.5313	1.06	0.218	0.2406	0.2208	0.2617	0.1819	0.4529	0.2585	0.2362	0.2756		
		
~End
Copyright © 2003 Molecular Devices. All rights reserved.
