##BLOCKS= 1          
Plate:	Plate#1	1.3	PlateFormat	Endpoint	Absorbance	Raw	FALSE	1						2	490 750	1	12	96	1	8	None	
	Temperature(¡C)	1	2	3	4	5	6	7	8	9	10	11	12		1	2	3	4	5	6	7	8	9	10	11	12		
	28.50	0.3378	1.0631	0.3322	2.8214	0.3596	2.2514	1.1734	1.7698	1.4559	1.9277	1.3268	1.8011		0.217	0.7159	0.1922	1.8469	0.2196	1.6126	0.5934	1.3057	0.9034	1.3529	0.4291	0.9931		
		0.4445	1.9346	1.7107	1.9879	1.577	1.6639	1.6178	1.1349	1.5473	1.0078	1.3581	1.5852		0.3336	1.2797	1.0804	1.401	1.0038	1.1652	1.0484	0.6008	0.8037	0.6905	0.8423	0.8131		
		0.4878	0.3014	1.2638	2.7983	1.2718	1.4569	1.6095	1.8271	1.9423	1.8593	1.8935	2.0062		0.3371	0.193	0.8426	1.9217	0.7946	0.9988	0.9637	1.1563	1.3062	1.2123	1.129	1.2602		
		2.1204	1.7156	1.6152	1.6463	0.5969	1.6319	2.312	1.8867	1.4825	0.5253	1.6429	1.5285		1.5239	1.1206	1.0349	1.1153	0.3681	1.0869	1.4719	1.0306	0.9967	0.3102	1.1998	1.0808		
		0.8437	0.9811	0.3472	2.1318	1.5236	1.7798	2.2778	0.5292	2.0035	1.8751	0.6941	2.6775		0.4771	0.3731	0.2037	1.4041	1.0122	1.2151	1.5186	0.3263	1.2677	1.2473	0.4469	1.6125		
		2.7087	1.243	1.1913	1.9234	2.3577	2.6933	1.4668	0.5548	0.5893	1.7503	1.2571	1.5668		1.7934	0.7169	0.7046	1.287	1.487	1.7123	0.8491	0.3762	0.4036	1.1369	0.7497	1.0303		
		1.4821	1.8561	1.0205	1.5435	1.4175	1.6406	0.894	1.8593	0.4727	1.1711	1.3615	1.2044		0.9586	1.3211	0.7257	0.8767	1.0236	0.9596	0.5958	1.2573	0.3191	0.8932	0.9373	0.7703		
		0.4858	1.494	1.7668	0.7086	0.5441	0.3216	0.4753	0.3067	0.3332	0.2984	0.2808	0.334		0.344	1.1436	1.2719	0.5193	0.3788	0.2125	0.3076	0.2049	0.2205	0.1843	0.1689	0.1984		
		
~End
Copyright © 2003 Molecular Devices. All rights reserved.
