##BLOCKS= 1          
Plate:	Plate#1	1.3	PlateFormat	Endpoint	Absorbance	Raw	FALSE	1						2	490 750	1	12	96	1	8	None	
	Temperature(¡C)	1	2	3	4	5	6	7	8	9	10	11	12		1	2	3	4	5	6	7	8	9	10	11	12		
	28.50	0.3286	1.1006	0.3657	2.8988	0.376	2.1046	1.4784	1.5642	1.405	1.3384	1.6826	1.8008		0.1923	0.7127	0.2163	1.9291	0.2186	1.475	0.8857	1.1101	0.8359	0.9216	0.6123	0.9732		
		0.4293	1.9146	1.8267	1.7456	1.6907	1.5393	1.8059	0.9819	1.7057	1.0293	1.6049	1.737		0.3287	1.3092	1.162	1.2008	1.1478	1.0617	1.1797	0.5015	0.9866	0.6884	1.0057	0.9361		
		0.4986	0.3185	1.1852	2.8553	1.281	1.2926	1.3677	1.563	1.9221	1.7408	1.8195	1.7855		0.3334	0.1788	0.7881	2.0311	0.7904	0.8839	0.7999	1.0275	1.3111	1.1183	1.0847	1.0611		
		2.1045	1.706	1.6762	1.6816	0.6306	1.5787	1.8262	1.8034	1.5844	0.4676	1.257	1.6251		1.4758	1.0711	1.0918	1.1446	0.3836	1.0406	1.1843	0.926	1.0863	0.2761	0.8224	1.1133		
		1.011	0.9454	0.405	2.2044	1.49	1.9199	1.4729	0.3775	1.8013	2.1533	0.419	2.0737		0.4678	0.3318	0.2426	1.4199	0.9829	1.3355	0.8987	0.2361	1.1329	1.4843	0.2632	1.1867		
		2.742	1.1611	1.5294	2.0516	1.967	2.7194	1.5056	0.5229	0.7162	1.8774	1.0704	1.6476		1.8926	0.6969	0.9009	1.3808	1.2402	1.7693	0.8824	0.3559	0.5064	1.2285	0.6192	1.1006		
		1.7402	2.4361	0.8147	1.4693	1.6139	1.3887	0.7412	1.2756	0.5171	1.0899	1.342	1.8095		0.9272	1.7547	0.5757	0.8491	1.1834	0.7938	0.5005	0.8839	0.3528	0.8101	0.9024	1.2205		
		0.553	1.415	2.645	0.46	0.4635	0.3973	0.5043	0.4004	0.3657	0.3902	0.2612	0.2864		0.5378	1.1166	1.9738	0.3222	0.3243	0.2691	0.3334	0.2742	0.2336	0.2448	0.158	0.169		
		
~End
Copyright © 2003 Molecular Devices. All rights reserved.
