##BLOCKS= 1          
Plate:	Plate#1	1.3	PlateFormat	Endpoint	Absorbance	Raw	FALSE	1						2	490 750	1	12	96	1	8	None	
	Temperature(¡C)	1	2	3	4	5	6	7	8	9	10	11	12		1	2	3	4	5	6	7	8	9	10	11	12		
	25.10	0.854	2.4105	1.6057	2.9371	0.931	3.3716	2.6549	2.7897	3.386	3.5002	3.1611	3.588		0.379	0.9693	0.5287	1.6585	0.324	2.387	1.3222	2.0045	1.9936	2.669	1.9361	1.7965		
		0.5624	3.1646	2.5751	3.374	3.5441	2.576	3.2804	1.82	3.572	2.2349	2.5514	3.3831		0.4775	2.1977	1.3922	2.2654	2.1606	1.6997	1.9152	1.2383	1.9141	1.1808	1.4202	1.7654		
		1.1756	0.7166	1.9278	3.5615	2.4733	2.854	2.5166	3.2284	3.4253	3.2346	3.4638	3.546		0.6747	0.534	1.0773	2.7656	1.037	1.3636	1.1143	1.9875	2.082	1.801	1.8723	2.0273		
		3.2446	3.0575	3.4881	3.4571	2.1925	3.3855	3.2585	3.1599	3.4498	1.8405	3.246	3.0794		2.0711	1.6213	2.1994	1.9597	1.2686	2.1086	2.2268	1.625	2.0254	0.8449	1.4007	1.5748		
		3.238	1.7319	0.9216	3.2594	2.2282	2.9927	3.4451	1.8174	3.3496	2.7443	3.0954	3.1605		2.6095	0.4652	0.3061	2.0694	1.2856	1.6731	2.0568	0.789	1.7804	1.6347	2.163	1.7078		
		1.6404	1.7427	1.7497	2.082	1.9351	3.25	2.5555	0.7514	1.7572	2.4774	1.2817	2.5974		1.1598	0.7537	0.9776	1.2337	1.2196	1.5613	1.3835	0.5198	0.7572	1.3415	0.7523	1.0533		
		2.031	3.2112	1.9975	1.9976	1.1719	1.4314	2.1633	1.8801	1.5174	1.261	1.8479	1.8931		0.8908	2.1464	1.3311	1.1101	0.6072	0.9683	1.209	0.9517	0.8165	0.6339	0.8926	0.7645		
		0.7101	1.9346	2.2028	2.0725	1.8869	2.1599	1.7091	0.3293	2.0905	0.8573	0.7947	0.992		0.3924	1.0699	1.3233	1.3136	0.8448	1.0581	0.9203	0.2116	0.9745	0.3629	0.2773	0.3793		
		
~End
Copyright © 2003 Molecular Devices. All rights reserved.
