##BLOCKS= 1          
Plate:	Plate#1	1.3	PlateFormat	Endpoint	Absorbance	Raw	FALSE	1						2	490 750	1	12	96	1	8	None	
	Temperature(¡C)	1	2	3	4	5	6	7	8	9	10	11	12		1	2	3	4	5	6	7	8	9	10	11	12		
	25.00	0.9212	2.3853	1.3187	2.2633	1.1663	3.4819	3.3717	2.9028	3.4674	3.5244	3.0049	3.6833		0.326	0.9917	0.4309	1.2926	0.4102	2.3807	2.0817	2.0268	2.1709	2.7199	1.8559	1.8287		
		0.4801	3.1556	2.5183	3.2883	3.2684	2.6902	2.9619	1.9723	3.5544	3.1079	2.8012	3.5761		0.4491	2.1193	1.4031	2.1878	1.7953	1.7285	1.6302	1.311	2.0845	2.1938	1.6707	1.9334		
		1.5861	0.2739	2.3822	3.5933	2.7881	2.4793	2.0193	3.1171	3.2892	3.2026	3.3466	3.4663		0.7493	0.1866	1.2958	2.6519	1.2092	1.2709	0.7752	1.8926	2.0002	1.7718	1.6141	2.0511		
		3.3625	3.1635	3.3388	3.4338	2.0161	3.3119	3.1986	3.3174	3.2924	2.0383	3.2473	2.9161		2.3257	1.7186	2.0087	1.8748	1.0143	2.0544	2.1095	1.9812	1.7754	0.928	1.6243	1.577		
		3.2744	1.8788	1.6414	3.2344	1.8829	2.966	3.3679	1.4292	3.3613	2.5155	1.4315	2.7591		2.6559	0.5618	0.6357	2.0388	1.1405	1.6765	1.941	0.6006	1.8145	1.5486	0.6486	1.4287		
		1.8438	1.5364	1.6792	2.1796	1.9627	3.2129	2.4358	0.4326	1.4216	1.9577	1.5148	2.7766		1.2584	0.6812	0.8705	1.2601	1.2218	1.6077	1.3085	0.29	0.6429	0.9983	0.8126	1.2455		
		1.6034	3.1937	1.4711	1.4449	1.5321	1.1922	1.6846	2.1699	1.4898	1.5215	1.4538	2.2906		0.7958	2.137	0.9435	0.7816	0.8477	0.7832	0.9346	1.0702	0.7915	0.78	0.6951	0.9155		
		1.4585	2.5085	2.4553	2.3145	2.0112	2.3953	2.1367	0.3586	2.7974	1.0544	0.8746	0.9255		0.7439	1.335	1.4661	1.5614	0.9648	1.2472	1.1547	0.2176	1.4383	0.6267	0.2773	0.3623		
		
~End
Copyright © 2003 Molecular Devices. All rights reserved.
