##BLOCKS= 1          
Plate:	Plate#1	1.3	PlateFormat	Endpoint	Absorbance	Raw	FALSE	1						2	490 750	1	12	96	1	8	None	
	Temperature(¡C)	1	2	3	4	5	6	7	8	9	10	11	12		1	2	3	4	5	6	7	8	9	10	11	12		
	24.90	0.5653	2.41	1.1508	2.8003	0.9812	3.4945	2.8435	2.6642	2.8581	3.59	3.03	3.754		0.2245	0.9263	0.3811	1.5518	0.36	2.6467	1.3676	1.9361	1.7564	2.8262	1.7958	1.836		
		0.4323	3.1579	2.7307	3.3473	3.5238	3.024	3.3522	1.7599	3.4214	2.7283	2.9519	3.6041		0.3544	2.1935	1.4961	2.4585	1.9205	1.9671	1.817	1.1601	1.78	1.6509	1.6931	1.9375		
		1.3428	0.2724	2.3539	3.4831	2.735	2.9481	2.8007	3.0874	3.0483	3.2978	3.426	3.4081		0.7551	0.1897	1.1752	2.6618	1.1496	1.4372	1.0941	1.8693	1.9175	1.9238	1.7527	1.9758		
		3.1567	3.2742	3.3854	3.3698	1.8593	3.1432	3.3053	2.8731	3.3416	1.7139	3.1384	3.0809		2.0429	1.8884	2.3505	1.9454	0.914	1.9164	2.2466	1.3994	1.9958	0.7938	1.4639	1.659		
		3.2728	1.1582	0.9735	3.2239	2.3114	2.6369	3.1135	1.2093	3.2111	2.654	3.0873	3.3375		2.6493	0.3225	0.3459	2.0287	1.4302	1.495	1.4724	0.5573	1.749	1.6197	2.3367	2.1047		
		1.8754	2.0115	1.9677	2.0407	1.9982	3.2137	2.2349	0.4343	1.3156	1.6637	1.9574	2.4805		1.3151	0.8755	1.1405	1.1934	1.2902	1.5285	1.2521	0.291	0.6575	0.8867	1.1378	1.0668		
		1.5622	3.3612	2.1689	1.7464	2.0594	1.5315	1.7235	1.7329	1.4646	1.5547	1.0978	2.1102		0.6159	2.3034	1.4564	0.9073	1.1127	0.9513	0.9735	0.9902	0.8472	0.7712	0.5162	0.9488		
		1.3024	2.3126	2.4292	2.1689	2.4019	2.2153	1.8506	0.7792	1.5111	0.8952	0.8462	1.055		0.6203	1.2254	1.3439	1.3954	1.004	1.1465	0.9989	0.2735	0.7498	0.3553	0.324	0.4396		
		
~End
Copyright © 2003 Molecular Devices. All rights reserved.
