##BLOCKS= 1          
Plate:	Plate#1	1.3	PlateFormat	Endpoint	Absorbance	Raw	FALSE	1						2	490 750	1	12	96	1	8	None	
	Temperature(¡C)	1	2	3	4	5	6	7	8	9	10	11	12		1	2	3	4	5	6	7	8	9	10	11	12		
	27.40	0.4016	1.2098	2.4727	2.3459	0.4051	0.5745	1.1115	0.5209	1.5408	0.3152	2.4	1.8165		0.2415	0.7277	1.3207	1.3548	0.2512	0.3725	0.6287	0.3204	0.749	0.2549	0.9424	1.1694		
		0.768	1.8879	1.9111	0.4632	1.9674	0.5569	1.8021	1.1738	2.1015	0.7874	1.0491	2.0518		0.5645	1.1679	0.9951	0.2861	1.0392	0.3183	0.9123	0.752	0.9831	0.478	0.7699	1.0518		
		1.2679	0.176	0.559	2.0729	1.2401	1.2402	1.4001	2.3226	1.8103	1.8569	1.7015	1.6579		0.5886	0.1269	0.3222	1.3822	0.7544	0.7686	0.7314	1.1437	0.9968	1.0932	0.9582	0.8613		
		2.3131	2.0085	2.4935	2.4372	0.7746	2.225	2.0685	2.2882	2.3484	0.9985	2.23	1.6625		1.108	1.0062	1.2037	1.1462	0.4242	1.1415	1.0325	1.0878	1.1327	0.5363	0.9829	0.847		
		0.9064	1.059	0.3155	2.4092	1.4698	2.6115	2.4444	0.6716	2.0811	2.4333	0.3886	2.3616		0.3373	0.5384	0.192	1.2612	0.8741	1.3497	1.2197	0.4068	0.9868	1.2623	0.2334	1.0639		
		1.981	0.7072	1.2293	2.1222	1.4478	2.4968	0.7933	0.4286	1.0162	1.1862	1.7017	1.869		1.4088	0.367	0.4799	0.8706	0.6827	0.7803	0.3747	0.2681	0.4767	0.5104	0.8747	0.917		
		1.1732	1.9938	1.0581	1.0331	1.2146	1.9226	0.6234	1.4705	1.3598	0.5244	1.555	1.4566		0.5761	1.1275	0.6273	0.4347	0.5645	1.2637	0.403	1.0212	0.9774	0.3463	0.9336	0.8652		
		0.6522	1.3396	2.1235	2.1305	1.4991	1.1832	0.3136	0.4147	0.3252	0.3564	0.3381	0.2993		0.3176	0.7575	1.0259	1.1812	0.9635	0.6916	0.2039	0.2459	0.2068	0.2317	0.2058	0.186		
		
~End
Copyright © 2003 Molecular Devices. All rights reserved.
