##BLOCKS= 1          
Plate:	Plate#1	1.3	PlateFormat	Endpoint	Absorbance	Raw	FALSE	1						2	490 750	1	12	96	1	8	None	
	Temperature(¡C)	1	2	3	4	5	6	7	8	9	10	11	12		1	2	3	4	5	6	7	8	9	10	11	12		
	27.40	0.4162	1.1575	0.9578	2.2739	0.3613	0.7146	1.2536	0.6618	1.2702	0.3244	2.2007	1.69		0.2097	0.7227	0.5139	1.3292	0.2258	0.4531	0.7455	0.4087	0.6172	0.2615	0.7282	1.0255		
		0.7807	1.8149	2.0297	0.4769	1.6941	0.4983	1.9024	1.1446	2.3379	1.4031	0.285	1.9533		0.5734	1.1597	1.0482	0.291	0.9022	0.299	0.994	0.7236	1.0976	0.9463	0.1893	0.9977		
		1.1066	0.1979	0.574	2.379	1.163	1.3646	1.4944	2.1764	2.1124	1.8318	1.8674	1.7621		0.5375	0.1347	0.3214	1.5732	0.6648	0.8504	0.7915	1.0613	1.1406	1.053	1.0237	0.9185		
		2.3669	2.1028	2.239	2.3997	0.7877	2.2893	2.3891	2.0195	2.2713	1.0758	2.343	1.7844		1.1544	1.0514	1.0945	1.1082	0.4424	1.1743	1.2743	0.9792	1.0856	0.5929	1.0822	0.8822		
		0.9847	1.0414	0.3452	2.3693	1.3505	2.2101	2.4319	0.8364	2.3912	2.5311	0.4752	2.3694		0.475	0.5355	0.2144	1.2883	0.7508	1.1522	1.2072	0.5045	1.1516	1.329	0.2823	1.046		
		1.7818	0.782	1.9073	2.064	1.3353	2.8393	1.9999	0.4263	0.7155	1.3822	1.2588	1.7668		1.298	0.409	0.7785	0.8167	0.6575	0.9674	1.0174	0.2753	0.3414	0.5599	0.5503	0.8647		
		0.8242	1.8142	0.8605	1.2802	1.3205	1.9702	0.6362	1.5972	1.0441	0.4456	0.653	1.3042		0.4123	0.993	0.5065	0.5664	0.6615	1.2523	0.4394	1.1061	0.7274	0.2849	0.3676	0.7869		
		0.417	0.8265	2.0949	1.9237	1.2774	1.0487	0.3051	0.3382	0.4127	0.3285	0.2984	0.4092		0.2563	0.5164	1.0251	1.0973	0.7698	0.5982	0.1989	0.1986	0.2458	0.213	0.1951	0.2628		
		
~End
Copyright © 2003 Molecular Devices. All rights reserved.
