##BLOCKS= 1          
Plate:	Plate#1	1.3	PlateFormat	Endpoint	Absorbance	Raw	FALSE	1						2	490 750	1	12	96	1	8	None	
	Temperature(¡C)	1	2	3	4	5	6	7	8	9	10	11	12		1	2	3	4	5	6	7	8	9	10	11	12		
	25.50	1.8305	2.5288	0.7899	2.6249	0.6751	2.8672	1.9252	0.4516	2.1327	2.9547	2.7988	2.5901		0.6069	0.7847	0.2428	1.1443	0.2424	1.339	0.6614	0.217	1.2779	2.1826	1.1871	0.7668		
		0.5066	0.4628	2.1225	2.3709	2.2939	2.4309	2.3556	1.2473	2.4098	2.3983	2.0995	2.7908		0.4155	0.2449	1.1	1.2618	1.0924	1.2287	1.1797	0.7256	1.2101	1.0816	0.976	1.1367		
		0.9921	0.2883	1.7757	1.8322	2.3354	0.785	1.5569	1.1869	0.9876	1.1709	2.6464	2.7188		0.5436	0.2329	0.7587	0.9486	0.9825	0.2734	0.4779	0.6399	0.389	0.4062	1.3736	1.2214		
		2.5387	2.5558	1.291	2.4818	1.1743	2.5518	1.2656	2.2993	1.6462	1.6635	2.5051	2.8916		1.0717	1.0704	0.4027	1.2794	0.4774	1.4727	0.6247	1.178	0.4881	0.5691	1.4578	1.0355		
		2.6067	1.3168	0.8704	1.8111	0.828	2.3717	1.3623	1.3357	2.6661	1.4388	0.9021	1.904		1.387	0.4574	0.3133	0.8297	0.3502	1.3965	0.404	0.4422	1.5386	0.5091	0.3022	0.9129		
		1.8777	1.0651	1.9549	1.5408	0.9666	0.7661	1.8301	0.5228	0.8516	1.3336	1.8147	1.7408		0.5196	0.6492	0.6417	0.8618	0.6575	0.2796	0.6976	0.3227	0.3471	0.5843	0.5469	0.4663		
		0.701	1.6358	0.5962	1.6759	1.7223	0.8907	0.9349	1.6879	1.042	1.2317	0.6235	2.2476		0.2096	0.7717	0.3896	0.5142	0.5496	0.3117	0.3553	0.6594	0.4333	0.4237	0.2425	0.8048		
		0.9791	1.8244	1.1026	1.3258	1.8355	1.4724	0.75	0.4072	0.8327	0.6087	0.667	0.705		0.4049	0.7045	0.2616	0.449	0.4798	0.34	0.1945	0.1719	0.251	0.1899	0.1761	0.1891		
		
~End
Copyright © 2003 Molecular Devices. All rights reserved.
