##BLOCKS= 1          
Plate:	Plate#1	1.3	PlateFormat	Endpoint	Absorbance	Raw	FALSE	1						2	490 750	1	12	96	1	8	None	
	Temperature(¡C)	1	2	3	4	5	6	7	8	9	10	11	12		1	2	3	4	5	6	7	8	9	10	11	12		
	25.40	1.7126	2.4276	0.729	2.4654	1.2037	2.28	1.6074	0.448	2.1955	2.7763	2.8637	2.6222		0.3737	0.8355	0.1832	1.0613	0.2607	1.0127	0.4886	0.2064	1.3537	1.1657	1.119	0.8898		
		0.4187	0.4257	2.2534	2.644	2.5579	2.7812	2.845	1.3616	2.5062	2.1393	2.5606	2.5405		0.3141	0.1923	1.0175	1.4074	1.2147	1.3771	1.4597	0.8186	1.2082	0.8154	1.0307	0.9631		
		1.023	0.1717	2.0311	1.6811	2.7103	1.3544	1.7223	2.6664	1.3647	1.2955	2.4571	2.9213		0.4469	0.1278	0.6753	0.8408	0.8992	0.3539	0.4039	1.5334	0.6397	0.3313	1.2608	1.3295		
		2.6917	2.6785	1.479	2.5221	1.1364	2.8262	0.8861	2.2135	1.4188	2.0462	2.8843	2.8023		1.2033	0.9999	0.3514	1.1467	0.3064	1.5283	0.3971	0.9854	0.3621	0.6051	1.4986	1.1248		
		2.4046	1.9481	0.4494	2.0119	0.8177	2.435	1.5598	1.3755	2.7867	1.2072	1.0816	1.7246		1.2071	0.4844	0.1508	0.8423	0.2497	1.1672	0.357	0.39	1.4885	0.3557	0.2857	0.7972		
		1.9299	1.2515	1.9615	1.6961	1.0067	0.7605	1.6732	0.4997	0.852	1.6113	1.949	1.512		0.5611	0.577	0.5452	0.7945	0.5667	0.2024	0.513	0.2152	0.2868	0.4982	0.5304	0.3856		
		0.4646	2.0689	0.5358	2.2192	1.508	0.6947	0.9476	2.0824	1.2131	0.7409	0.7192	1.5646		0.1445	0.9242	0.2866	0.5148	0.3824	0.1978	0.2665	0.6827	0.3707	0.2312	0.2006	0.4361		
		1.0023	1.6978	0.8734	1.5454	2.0528	1.4896	0.9584	0.4262	1.0566	0.6783	0.8338	0.8885		0.2507	0.6611	0.202	0.4042	0.5829	0.4158	0.262	0.1593	0.3214	0.2057	0.2129	0.3223		
		
~End
Copyright © 2003 Molecular Devices. All rights reserved.
