##BLOCKS= 1          
Plate:	Plate#1	1.3	PlateFormat	Endpoint	Absorbance	Raw	FALSE	1						2	490 750	1	12	96	1	8	None	
	Temperature(¡C)	1	2	3	4	5	6	7	8	9	10	11	12		1	2	3	4	5	6	7	8	9	10	11	12		
	27.80	0.5045	1.6936	0.584	3.1789	0.6123	1.0521	2.3631	0.8333	0.9588	0.8274	3.252	1.6428		0.2177	0.9286	0.2781	2.2858	0.3327	0.6579	1.4729	0.5717	0.4763	0.5563	1.8151	0.914		
		0.6253	0.3107	1.5448	0.8903	2.6276	1.2876	1.1202	1.2407	1.6796	0.795	1.8379	1.6493		0.4692	0.2162	0.8803	0.5094	1.6057	0.8415	0.5693	0.7723	0.9363	0.4828	1.0902	0.91		
		1.3691	0.167	1.8627	2.3457	1.2372	2.739	0.4442	2.4588	2.5583	1.9778	1.7798	2.212		0.782	0.1304	1.1726	1.5351	0.6352	1.8199	0.258	1.4641	1.6154	1.1618	1.0676	1.5386		
		1.7415	2.1301	3.257	1.8613	0.978	1.4604	1.807	2.0785	3.1305	1.2604	2.1044	2.3739		0.9828	1.2105	2.1173	1.0159	0.5411	0.7802	1.1264	1.1588	1.9287	0.7578	1.2329	1.2777		
		1.304	2.6491	0.5182	2.9745	2.011	1.6101	3.1308	0.8787	2.6045	2.8824	0.9783	2.9187		0.8204	1.4604	0.2702	1.9108	1.2397	0.9183	2.1199	0.5362	1.5421	1.9177	0.5725	1.8808		
		0.946	1.4923	1.1376	1.5059	1.9013	2.5155	1.048	0.518	0.7272	2.5809	1.923	1.9267		0.6491	0.939	0.7699	1.0806	1.2972	1.439	0.5661	0.3286	0.4493	1.6331	1.2149	1.1825		
		0.6535	2.3542	1.2223	1.1106	2.04	0.4257	0.9019	2.442	0.8539	1.1076	0.7884	1.9304		0.4152	1.61	0.8538	0.7252	1.457	0.2857	0.4993	1.6532	0.5329	0.6466	0.5101	1.0879		
		0.8003	0.9889	0.977	2.1432	0.3046	0.7746	0.4262	0.4282	0.511	0.3187	0.4332	0.5369		0.5357	0.6571	0.7128	1.4819	0.2096	0.4776	0.2641	0.2821	0.2949	0.2053	0.2215	0.2686		
		
~End
Copyright © 2003 Molecular Devices. All rights reserved.
