##BLOCKS= 1          
Plate:	Plate#1	1.3	PlateFormat	Endpoint	Absorbance	Raw	FALSE	1						2	490 750	1	12	96	1	8	None	
	Temperature(¡C)	1	2	3	4	5	6	7	8	9	10	11	12		1	2	3	4	5	6	7	8	9	10	11	12		
	27.80	0.5571	1.4073	0.5926	3.2024	0.6243	1.299	2.5007	0.7677	0.9882	0.8409	3.3373	2.8623		0.2704	0.8107	0.294	2.2813	0.3251	0.8009	1.5911	0.5138	0.5093	0.5475	1.8515	1.7919		
		0.5285	1.1576	1.5271	0.8151	1.7234	0.9588	1.3048	1.6471	1.1459	0.8325	2.167	1.4961		0.4414	0.8608	0.8804	0.4682	1.0775	0.5935	0.7263	1.0585	0.5964	0.51	1.4318	0.7636		
		1.2199	0.189	1.8669	2.3388	0.9675	2.2115	0.4496	2.3127	2.2391	2.6622	2.3965	2.6866		0.7369	0.1499	1.1717	1.5489	0.534	1.4433	0.2638	1.4934	1.4413	1.6793	1.5654	1.696		
		1.5873	1.4075	3.2237	2.5237	1.0017	1.2516	1.8039	1.5881	3.1358	1.137	1.7308	2.2153		0.8851	0.7518	1.9656	1.563	0.5713	0.7049	1.127	0.7909	1.9805	0.6983	0.9903	1.2746		
		1.439	2.6214	0.4626	2.5602	1.3363	2.7801	1.4749	0.9534	2.2663	3.0697	1.0146	1.6751		0.9155	1.4806	0.235	1.4878	0.7721	1.8965	0.828	0.5674	1.3017	2.0925	0.5845	1.0736		
		0.779	1.441	0.9221	1.4666	1.9738	2.3763	0.829	0.5159	0.5535	2.9086	1.8728	1.8704		0.5453	0.9052	0.6241	1.0619	1.3573	1.3957	0.4461	0.3337	0.3449	1.8439	1.1841	1.1759		
		0.5779	2.3474	1.2064	1.1192	1.5962	0.3883	0.766	2.6025	0.7812	1.3712	0.9542	1.6883		0.346	1.6149	0.8529	0.7514	1.0738	0.2656	0.4442	1.7845	0.4942	0.7998	0.5845	0.9772		
		0.8312	0.9554	0.9666	1.9386	0.3276	0.8012	0.3824	0.4053	0.4578	0.3529	0.5295	0.5849		0.5446	0.5831	0.6747	1.3389	0.2249	0.506	0.23	0.2573	0.2553	0.2283	0.2791	0.3023		
		
~End
Copyright © 2003 Molecular Devices. All rights reserved.
