##BLOCKS= 1          
Plate:	Plate#1	1.3	PlateFormat	Endpoint	Absorbance	Raw	FALSE	1						2	490 750	1	12	96	1	8	None	
	Temperature(¡C)	1	2	3	4	5	6	7	8	9	10	11	12		1	2	3	4	5	6	7	8	9	10	11	12		
	27.70	0.5536	1.68	0.4555	3.0857	0.5892	1.2638	2.4958	0.714	0.9536	1.0239	3.2494	1.864		0.236	0.8849	0.2171	2.059	0.308	0.7994	1.5672	0.4835	0.4742	0.6088	1.7475	1.1218		
		0.7768	1.6506	1.438	1.0113	2.9056	1.043	1.4426	0.9673	1.1767	0.7621	1.7022	1.4523		0.5366	1.2765	0.8225	0.5669	1.9758	0.5964	0.7799	0.5614	0.6137	0.4624	1.0157	0.6885		
		1.418	0.1844	1.7088	1.8106	1.3703	2.5474	0.4345	2.1261	2.2819	2.0073	2.7945	1.6531		0.8727	0.1453	1.073	1.1609	0.7458	1.6129	0.258	1.3045	1.4257	1.1823	1.8931	0.9977		
		1.4659	1.5621	2.236	1.2633	0.9088	1.2016	1.6791	1.5523	1.458	1.2139	2.0992	1.8834		0.8069	0.8058	1.2395	0.6525	0.4914	0.6368	1.0372	0.7288	0.7777	0.7098	1.2618	0.9635		
		1.3949	2.4007	0.4513	2.6225	1.3943	1.7771	2.23	0.8949	1.9894	2.8587	0.9535	2.1141		0.9092	1.2069	0.24	1.6462	0.8035	1.0333	1.2181	0.5413	1.125	1.8029	0.5683	1.2936		
		0.8763	1.5226	0.9638	1.3974	1.8888	2.423	1.0163	0.6902	0.7742	2.7974	1.8967	2.0243		0.6059	0.9362	0.6494	1.0029	1.2975	1.3824	0.5421	0.4498	0.479	1.7848	1.2218	1.2725		
		0.8115	2.3839	1.2086	1.0022	1.3131	0.4369	0.9781	3.0028	0.8411	1.3462	0.8026	2.0676		0.5094	1.6347	0.843	0.6598	0.9444	0.2951	0.5733	2.1898	0.5236	0.8099	0.5009	1.1823		
		0.762	0.881	1.3224	2.096	0.366	0.6487	0.3962	0.4844	0.5782	0.3611	0.4906	0.4792		0.5009	0.5675	0.9195	1.4815	0.2479	0.3908	0.2281	0.3114	0.3577	0.228	0.2516	0.2577		
		
~End
Copyright © 2003 Molecular Devices. All rights reserved.
