##BLOCKS= 1          
Plate:	Plate#1	1.3	PlateFormat	Endpoint	Absorbance	Raw	FALSE	1						2	490 750	1	12	96	1	8	None	
	Temperature(¡C)	1	2	3	4	5	6	7	8	9	10	11	12		1	2	3	4	5	6	7	8	9	10	11	12		
	28.40	0.3785	1.3674	0.2432	2.8678	0.303	0.7753	1.0182	1.1009	1.6613	1.7057	2.0747	1.6431		0.2018	0.6934	0.1499	1.431	0.1895	0.5158	0.4646	0.7134	1.3655	1.1042	1.2921	0.9865		
		0.4989	1.7668	2.0437	0.5255	2.2662	2.0993	2.1823	1.5253	1.675	0.8762	1.7628	1.9417		0.3884	1.2761	1.2237	0.2703	1.3487	1.3498	1.475	1.0205	0.9971	0.5413	1.0724	1.2883		
		1.3454	0.4415	2.2171	1.4279	1.2941	1.7913	0.3403	1.7375	2.1034	2.0565	1.7113	2.0355		0.7715	0.299	0.9274	1.0188	0.7434	1.0413	0.215	0.9759	1.2361	1.176	1.0901	1.449		
		2.0977	2.0947	0.3432	1.8183	0.4087	2.1554	0.4517	1.8124	1.3466	0.5417	2.278	1.9703		1.3173	1.3778	0.1904	1.0129	0.2351	1.2968	0.2482	0.9241	0.8475	0.3057	1.2423	1.2642		
		1.8	0.8204	0.2581	1.8671	1.9473	1.1302	1.7	0.4374	1.8154	1.7138	0.4648	2.5992		0.9332	0.3054	0.1524	1.1445	1.1505	0.7216	1.088	0.2508	1.1132	1.0425	0.2614	1.1426		
		1.5123	1.7329	1.7099	1.4458	1.2511	0.6742	1.5486	0.4359	0.5267	1.5369	1.4191	1.6918		1.0203	0.5504	0.8073	1.0069	0.8731	0.3627	0.6565	0.2613	0.3293	0.7733	0.657	0.6676		
		0.9372	1.95	1.3768	1.0202	1.3855	0.3811	1.5329	1.6862	1.0581	1.0641	0.8903	1.3344		0.4945	1.0985	1.0141	0.4519	0.7143	0.2612	0.8447	0.93	0.6392	0.6213	0.4787	0.5916		
		0.9439	1.4627	1.8021	2.0354	1.9783	1.2541	1.4387	0.293	0.2957	0.2871	0.3375	0.2462		0.5062	0.725	0.8792	0.9758	1.0213	0.6145	0.7612	0.152	0.1679	0.1699	0.196	0.1471		
		
~End
Copyright © 2003 Molecular Devices. All rights reserved.
