##BLOCKS= 1          
Plate:	Plate#1	1.3	PlateFormat	Endpoint	Absorbance	Raw	FALSE	1						2	490 750	1	12	96	1	8	None	
	Temperature(¡C)	1	2	3	4	5	6	7	8	9	10	11	12		1	2	3	4	5	6	7	8	9	10	11	12		
	28.50	0.2702	1.1741	0.2931	2.0372	0.2276	0.5758	0.9121	0.6982	1.4517	1.4617	2.3452	1.3362		0.2021	0.892	0.2235	1.3094	0.1775	0.4497	0.4356	0.5317	1.0724	1.1447	1.2831	0.8681		
		0.6997	1.5783	1.4484	1.4755	1.1642	0.4032	1.0951	0.8497	0.8855	0.3672	1.0584	1.2716		0.5538	1.2635	0.976	1.147	0.8431	0.295	0.7712	0.6616	0.6211	0.2706	0.806	0.8071		
		1.0871	0.3914	0.9316	1.5218	1.0203	1.2004	1.9757	1.6294	1.5389	1.1415	1.4339	1.5507		0.901	0.319	0.6314	1.0961	0.6406	0.912	0.6425	1.25	1.2061	0.8922	1.0528	1.0454		
		1.3871	1.6247	1.0671	1.3796	0.3835	0.9379	0.3175	1.115	1.6701	0.2888	1.3916	1.3091		1.0253	1.1794	0.803	1.0146	0.2922	0.7555	0.2389	0.7109	1.1766	0.2069	1.0237	0.9393		
		0.7473	0.7566	0.2827	1.805	1.2309	1.3027	1.5743	0.3811	2.0281	1.3155	0.3637	1.1985		0.452	0.4387	0.2149	1.1271	0.8725	0.9475	1.1526	0.2784	1.3429	0.9424	0.2861	0.8439		
		1.147	0.8103	0.9501	1.0278	0.9047	1.4942	1.2223	0.3318	0.3675	1.3507	1.1498	2.0694		0.9523	0.615	0.7309	0.8151	0.6672	1.0338	0.8271	0.2507	0.2842	0.8442	0.8829	0.8458		
		1.1574	1.3842	0.3719	0.7191	0.9748	0.6798	0.6809	1.5792	0.4628	1.2185	0.7202	1.2698		0.6027	1.0216	0.2969	0.5598	0.6526	0.5154	0.5064	0.9513	0.3279	0.7464	0.5431	0.9125		
		0.2872	1.5184	1.4383	1.8821	1.0819	0.9594	0.2771	0.2408	1.0458	0.2485	0.2711	0.2233		0.2234	1.1556	1.0294	1.4686	0.7838	0.5643	0.1886	0.1628	0.7526	0.1886	0.2102	0.1611		
		
~End
Copyright © 2003 Molecular Devices. All rights reserved.
