##BLOCKS= 1          
Plate:	Plate#1	1.3	PlateFormat	Endpoint	Absorbance	Raw	FALSE	1						2	490 750	1	12	96	1	8	None	
	Temperature(¡C)	1	2	3	4	5	6	7	8	9	10	11	12		1	2	3	4	5	6	7	8	9	10	11	12		
	28.50	0.1743	1.3473	0.2861	2.1386	0.2665	0.5605	1.0116	0.5747	1.3839	1.6432	2.4245	1.1826		0.1535	1.0352	0.218	1.3578	0.2071	0.4354	0.5583	0.4318	1.0078	1.3121	1.344	0.7779		
		0.6875	1.5784	1.4669	1.7571	0.8993	0.46	0.8748	0.7418	0.9566	0.3497	1.8855	1.278		0.5292	1.2318	1.008	1.3482	0.6363	0.3443	0.5424	0.5793	0.6923	0.2758	1.4439	0.8873		
		1.3266	0.34	1.032	2.0154	1.1882	1.3229	2.3369	1.569	1.4529	1.2767	1.4809	1.5891		0.9084	0.2286	0.7075	1.4985	0.7649	0.9933	0.7894	1.2063	1.153	1.0014	1.123	1.0702		
		1.2098	1.3988	1.3715	1.29	0.2777	0.7698	0.3683	0.8783	1.3652	0.3501	1.2119	1.348		0.9534	0.9065	1.0387	0.9437	0.2146	0.6235	0.2806	0.5902	0.9712	0.2668	0.9181	0.8988		
		0.7415	0.8622	0.2378	1.6141	0.9394	1.3851	1.3628	0.2926	1.3299	1.2508	0.3108	1.2705		0.4273	0.4921	0.1831	1.0494	0.6849	0.988	0.9569	0.2115	0.9222	0.9005	0.2426	0.8887		
		1.0825	0.7347	1.0176	1.2738	1.0051	1.6113	1.4024	0.3108	0.3696	1.7861	0.9665	2.0172		0.8911	0.5748	0.7908	1.0005	0.758	1.0848	0.9622	0.2325	0.2873	1.2381	0.7352	0.7749		
		1.1031	1.7564	0.3448	0.7252	1.1609	0.7585	0.5112	1.3812	0.5057	1.662	0.8054	1.1981		0.6548	1.3263	0.2749	0.582	0.787	0.5761	0.3806	0.8343	0.3836	0.9954	0.6335	0.7504		
		0.2554	1.4854	1.4437	1.8216	1.2083	0.8842	0.3229	0.3142	0.9977	0.2802	0.3009	0.252		0.2026	1.0987	1.0177	1.3637	0.8487	0.5679	0.2284	0.2133	0.7852	0.2188	0.2238	0.1869		
		
~End
Copyright © 2003 Molecular Devices. All rights reserved.
