##BLOCKS= 1          
Plate:	Plate#1	1.3	PlateFormat	Endpoint	Absorbance	Raw	FALSE	1						2	490 750	1	12	96	1	8	None	
	Temperature(¡C)	1	2	3	4	5	6	7	8	9	10	11	12		1	2	3	4	5	6	7	8	9	10	11	12		
	28.60	0.8955	2.3951	1.1181	3.0997	0.972	2.2363	0.7934	2.3561	2.609	1.5426	3.192	1.9739		0.2316	1.0658	0.3584	2.0215	0.3049	1.7081	0.3375	1.4935	1.2808	1.0807	1.7658	0.9523		
		0.5975	2.1262	1.9395	2.2363	2.3267	1.357	1.9835	0.97	2.4805	1.4751	0.6758	2.1564		0.4455	1.4351	1.0279	1.4695	1.3234	0.7718	1.2393	0.6106	1.1839	0.7417	0.244	1.0664		
		1.1427	0.2636	1.4082	2.6411	1.6981	1.9393	2.4536	2.4179	2.4472	2.6077	2.3734	2.5828		0.6546	0.1792	0.6926	1.8635	0.8129	1.1973	1.0154	1.5151	1.5028	1.5514	1.4252	1.4637		
		2.3848	2.6881	2.3205	2.5228	2.7553	2.3724	2.4576	1.547	2.332	1.5578	2.4599	2.1571		1.4957	1.3863	1.494	1.4471	1.7994	1.4766	1.585	0.8039	1.2735	0.5355	1.2651	1.3758		
		0.8548	1.602	2.4534	2.4672	1.9119	2.362	2.6068	2.4564	2.1951	2.4426	1.8496	2.6731		0.4209	0.6082	1.5027	1.542	1.1858	1.5651	1.5157	0.7644	1.08	1.4836	0.9517	1.3122		
		0.7355	1.1162	2.3957	2.6025	1.7729	2.6011	2.2946	0.4356	1.5525	2.3408	2.134	2.8176		0.5103	0.7311	0.8127	1.1079	0.8357	1.3727	0.9787	0.2886	0.69	1.2865	0.7591	0.8598		
		1.3847	2.4655	2.2692	2.5472	0.8969	0.5376	0.996	2.3459	0.6414	0.9312	0.5353	1.9201		0.6997	1.6321	1.0308	0.8188	0.4514	0.3737	0.5202	1.4239	0.3079	0.5161	0.2624	1.0008		
		1.1522	0.5913	1.1708	1.1111	0.2627	0.9618	1.0221	0.5072	0.4504	0.7761	0.7846	0.9275		0.4061	0.2503	0.6475	0.6425	0.1927	0.3648	0.3454	0.3161	0.1792	0.3439	0.3087	0.3531		
		
~End
Copyright © 2003 Molecular Devices. All rights reserved.
