##BLOCKS= 1          
Plate:	Plate#1	1.3	PlateFormat	Endpoint	Absorbance	Raw	FALSE	1						2	490 750	1	12	96	1	8	None	
	Temperature(¡C)	1	2	3	4	5	6	7	8	9	10	11	12		1	2	3	4	5	6	7	8	9	10	11	12		
	28.70	1.3379	2.4128	1.0385	3.1137	1.0063	2.6105	1.6334	2.5189	2.6933	2.3906	3.3169	2.5381		0.393	1.0548	0.3539	2.0197	0.2865	1.6691	0.8191	1.6364	1.346	1.5023	2.048	1.0776		
		0.6703	2.103	2.2889	2.4434	2.5392	2.0025	2.3209	1.0526	2.4881	1.5699	0.595	2.1868		0.5094	1.4631	1.024	1.5796	1.4544	0.9933	1.2056	0.6177	1.0994	0.8012	0.2248	0.9687		
		1.4133	0.3382	1.9356	2.8041	1.6289	1.8552	2.633	2.3972	2.5087	2.6372	2.3976	2.7409		0.803	0.1922	0.9132	1.908	0.7237	1.1814	1.0013	1.4287	1.5115	1.4538	1.341	1.2898		
		2.6798	2.7899	2.5476	2.6638	2.8592	2.3106	2.5241	2.1451	2.4428	1.9928	2.5774	2.7168		1.5258	1.3208	1.3455	1.3573	1.8708	1.3484	1.5227	1.0646	1.3503	0.5973	1.5274	1.4959		
		1.009	1.9177	2.5999	2.5555	1.4898	2.3061	2.6692	1.4167	2.6237	2.652	2.1698	2.615		0.46	0.5473	1.3569	1.4525	0.9006	1.294	1.482	0.4427	1.2362	1.5422	0.9499	1.187		
		0.7672	0.967	2.4381	2.6113	1.86	2.7493	1.5446	0.4358	1.5196	2.2376	2.4063	2.7792		0.4823	0.5939	0.7976	1.1119	0.8859	1.4736	0.7507	0.2889	0.6428	1.2689	0.9036	1.1411		
		1.7727	2.3628	1.8826	2.0395	2.216	0.5322	1.2322	2.4896	0.561	1.9664	0.7906	1.6708		0.7716	1.5671	0.9182	0.7248	1.1259	0.363	0.6154	1.4212	0.2657	0.9585	0.3569	0.6844		
		1.3573	0.8411	1.354	0.8602	0.2885	1.1777	0.7346	0.6164	0.4826	0.7053	1.4883	1.7523		0.4997	0.2447	0.7578	0.4761	0.2106	0.3788	0.3172	0.3945	0.19	0.2883	0.5191	0.4002		
		
~End
Copyright © 2003 Molecular Devices. All rights reserved.
