##BLOCKS= 1          
Plate:	Plate#1	1.3	PlateFormat	Endpoint	Absorbance	Raw	FALSE	1						2	490 750	1	12	96	1	8	None	
	Temperature(¡C)	1	2	3	4	5	6	7	8	9	10	11	12		1	2	3	4	5	6	7	8	9	10	11	12		
	27.90	0.3341	1.2169	0.6691	2.9624	0.2553	1.2951	0.5001	0.5878	2.585	0.5793	2.407	2.3015		0.2595	0.8777	0.5055	1.9184	0.1867	0.8665	0.3614	0.4169	1.688	0.4438	1.4749	1.6191		
		0.7576	2.6571	2.1623	2.9191	2.4888	1.0657	2.3302	1.2247	2.3651	0.4274	2.0336	2.1609		0.5693	1.8452	1.3836	2.0255	1.5593	0.7589	1.588	0.8342	1.5771	0.3047	1.3832	1.4218		
		0.6172	0.1418	0.5167	2.9447	1.217	1.9024	1.5604	2.4909	1.1322	2.1576	2.0743	2.1042		0.4069	0.1146	0.3501	2.0342	0.7717	1.0607	0.6598	1.665	0.7513	1.3793	1.3005	1.3665		
		2.5872	2.2167	2.4168	2.1005	0.593	2.6853	2.6022	1.9721	2.0561	0.4299	2.2299	1.9675		1.8204	1.4411	1.5049	1.3389	0.4348	1.7655	1.6857	1.358	1.2614	0.2718	1.3586	1.2614		
		3.3055	1.2907	0.2731	2.2884	1.4588	2.3013	2.3644	0.2645	2.5357	1.9521	0.3111	2.3204		2.4984	0.8372	0.1982	1.5072	1.0379	1.51	1.4632	0.1884	1.6708	1.208	0.2298	1.4023		
		1.6921	0.6727	0.7294	1.5756	1.5509	2.1896	0.9927	0.3935	0.4332	1.1042	1.1646	1.3571		1.0194	0.4666	0.5457	0.9649	0.8874	1.4675	0.6451	0.2982	0.3177	0.7755	0.7647	0.873		
		1.2848	1.9354	1.5846	1.3022	1.2379	0.6364	0.7968	2.1567	2.3496	1.5378	0.8983	2.266		0.6602	1.1581	1.0291	0.8936	0.6296	0.4545	0.5231	1.2946	1.4876	0.8732	0.6044	1.5598		
		0.5744	1.6918	2.2775	2.6394	0.3865	1.5539	0.5317	0.2696	1.3304	0.2764	0.2854	0.3322		0.4207	1.1144	1.5817	1.719	0.2858	0.9369	0.3967	0.1743	0.7761	0.2129	0.2129	0.2456		
		
~End
Copyright © 2003 Molecular Devices. All rights reserved.
