##BLOCKS= 1          
Plate:	Plate#1	1.3	PlateFormat	Endpoint	Absorbance	Raw	FALSE	1						2	490 750	1	12	96	1	8	None	
	Temperature(¡C)	1	2	3	4	5	6	7	8	9	10	11	12		1	2	3	4	5	6	7	8	9	10	11	12		
	28.00	0.3186	1.2966	0.8883	2.6602	0.3269	1.9229	0.7277	0.5997	2.5885	0.5187	2.5931	2.4338		0.255	0.9398	0.6581	1.7025	0.2387	1.2948	0.5453	0.4201	1.7034	0.4003	1.5075	1.6805		
		1.0046	2.6245	2.2355	2.6912	1.9796	0.9552	2.2416	1.108	2.0924	0.3378	1.764	2.0842		0.8211	1.7956	1.4426	1.8974	1.2879	0.6724	1.4808	0.7541	1.4174	0.2478	1.1605	1.327		
		0.5851	0.1616	0.6876	2.0923	1.3536	1.3874	1.6791	2.5425	1.2665	2.1084	1.9626	2.2098		0.4003	0.1245	0.4886	1.4492	0.8767	0.8121	0.7727	1.7064	0.8349	1.3742	1.2711	1.4344		
		2.7166	1.8974	2.2228	2.0344	0.4835	2.6959	2.303	2.2078	2.3679	0.3517	1.852	1.8728		2.0431	1.2794	1.3823	1.3451	0.3502	1.7779	1.4795	1.483	1.3913	0.2264	1.1676	1.2548		
		3.3709	1.0332	0.2888	2.5159	1.535	2.292	2.5408	0.3617	2.3866	2.2824	0.5164	2.248		2.4562	0.6614	0.216	1.6525	1.0672	1.4973	1.5769	0.2625	1.5812	1.3805	0.3794	1.3186		
		1.6259	0.6691	0.6406	1.6582	1.5098	1.8325	1.0193	0.3743	0.3752	1.0188	1.0793	1.6556		0.9216	0.4546	0.4524	0.9963	0.8418	1.2193	0.675	0.2835	0.2768	0.7002	0.7034	1.0581		
		1.4009	1.55	1.658	1.1686	0.9097	0.806	0.7034	2.4589	2.3496	1.7242	1.0104	1.7957		0.8336	0.9554	1.1066	0.798	0.4904	0.5836	0.4561	1.5568	1.6143	0.9848	0.6838	1.2292		
		0.4013	1.7236	2.4728	2.6148	0.374	1.5562	0.3262	0.274	1.1682	0.2682	0.2962	0.2363		0.3036	1.162	1.6602	1.7047	0.2771	0.9411	0.2451	0.1897	0.6648	0.2039	0.2229	0.1781		
		
~End
Copyright © 2003 Molecular Devices. All rights reserved.
