##BLOCKS= 1          
Plate:	Plate#1	1.3	PlateFormat	Endpoint	Absorbance	Raw	FALSE	1						2	490 750	1	12	96	1	8	None	
	Temperature(¡C)	1	2	3	4	5	6	7	8	9	10	11	12		1	2	3	4	5	6	7	8	9	10	11	12		
	27.00	0.1816	1.5306	0.1629	2.5745	0.1938	0.255	1.402	1.1449	2.2579	0.6366	2.7695	2.4512		0.1359	0.8091	0.1182	1.3997	0.1352	0.1748	0.8568	0.6662	1.5065	0.3719	1.1719	1.2831		
		0.2613	0.2019	2.3366	0.4818	3.2203	2.2924	2.6378	1.6045	2.7326	0.7468	2.3131	2.7173		0.1976	0.142	1.3467	0.3327	1.5713	1.5024	1.5063	0.6879	1.4681	0.4431	1.301	1.3801		
		1.1121	0.1345	1.4133	0.7103	1.9059	1.8548	0.2721	1.9754	2.5367	2.7008	2.7009	2.7544		0.5867	0.1048	0.5204	0.5094	1.0571	1.2482	0.1884	0.9781	1.5017	1.8715	1.6349	1.6671		
		2.7918	2.8629	2.2811	2.099	0.3365	2.5955	2.2297	2.4137	1.9113	0.4978	2.3109	1.7495		1.7178	1.5292	1.5476	1.3103	0.2303	1.7238	1.4429	1.3415	1.305	0.3556	1.569	1.1015		
		2.7712	1.3093	0.176	0.4283	0.1987	2.4227	1.8737	0.3043	2.1101	2.2194	0.1884	2.7914		1.6429	0.6277	0.1223	0.2978	0.1443	1.6095	1.0189	0.2178	1.274	1.4158	0.1314	1.4495		
		1.6779	0.9125	1.7017	1.5149	0.8817	0.3509	1.2532	0.3255	0.8847	2.0282	1.6309	1.2829		0.9876	0.5556	0.8921	0.8958	0.5287	0.2002	0.6531	0.2127	0.551	0.9052	0.8645	0.6399		
		0.5472	1.2791	1.192	1.5201	1.4086	1.0116	0.4243	1.8339	0.7253	1.0122	1.1104	1.3512		0.2498	0.797	0.8295	0.6171	0.7447	0.4003	0.2518	0.966	0.4636	0.5624	0.5785	0.5989		
		0.3835	1.9619	1.6939	0.4603	1.1004	1.2673	0.2478	0.2115	0.2091	0.1748	0.2409	0.2025		0.2505	1.0996	0.9527	0.2586	0.7607	0.6229	0.1425	0.14	0.1347	0.1152	0.1561	0.1265		
		
~End
Copyright © 2003 Molecular Devices. All rights reserved.
