##BLOCKS= 1          
Plate:	Plate#1	1.3	PlateFormat	Endpoint	Absorbance	Raw	FALSE	1						2	490 750	1	12	96	1	8	None	
	Temperature(¡C)	1	2	3	4	5	6	7	8	9	10	11	12		1	2	3	4	5	6	7	8	9	10	11	12		
	27.00	0.2108	1.4595	0.1611	2.228	0.2433	0.2286	1.4808	1.1573	2.0886	0.5926	3.2087	2.4364		0.1581	0.8123	0.1137	1.0944	0.1721	0.1573	0.9222	0.7083	1.3009	0.3539	1.2379	1.2641		
		0.3342	0.2875	2.3898	0.5306	3.8559	2.1419	2.2936	1.4455	3.1268	1.073	2.1738	2.7084		0.2449	0.18	1.3457	0.3647	2.3504	1.4263	1.222	0.6476	1.8734	0.649	1.2119	1.2753		
		0.9638	2.4674	1.4211	0.7256	1.9277	1.7182	0.2567	2.8627	1.983	2.4723	2.1298	2.6894		0.5149	1.3344	0.5499	0.4997	1.1002	1.1487	0.1733	1.6984	1.0494	1.7388	1.2672	1.5744		
		2.8483	2.7764	2.2221	2.4739	0.3381	2.8109	2.3637	2.6001	1.7197	0.5666	2.0768	2.0582		1.7327	1.3281	1.5022	1.59	0.2281	1.941	1.5405	1.4796	1.1895	0.4038	1.4327	1.2482		
		2.4945	1.3608	0.1898	0.3543	0.1862	2.1937	2.502	0.2639	2.0407	2.1955	0.2085	2.5062		1.4762	0.6598	0.1332	0.2377	0.1318	1.4718	1.5385	0.1892	1.2518	1.3991	0.142	1.2703		
		1.6104	0.8374	1.6362	1.4	0.7736	0.3907	1.5053	0.3319	0.9171	1.7325	1.419	1.4752		0.9322	0.5324	0.818	0.8442	0.4553	0.1949	0.8018	0.2159	0.57	0.8001	0.7456	0.7012		
		0.6768	1.3907	1.1915	1.3552	1.2461	0.8634	0.3687	1.4117	0.5804	1.1348	0.9921	1.382		0.2957	0.8326	0.8351	0.5244	0.6814	0.3863	0.2245	0.7518	0.3763	0.6021	0.5174	0.6088		
		0.3845	1.3723	1.5181	0.4746	1.153	1.4219	0.2556	0.2365	0.2	0.1927	0.1998	0.1888		0.2915	0.8793	0.8328	0.255	0.785	0.6472	0.1433	0.152	0.1261	0.1227	0.1306	0.1256		
		
~End
Copyright © 2003 Molecular Devices. All rights reserved.
