##BLOCKS= 1          
Plate:	Plate#1	1.3	PlateFormat	Endpoint	Absorbance	Raw	FALSE	1						2	490 750	1	12	96	1	8	None	
	Temperature(¡C)	1	2	3	4	5	6	7	8	9	10	11	12		1	2	3	4	5	6	7	8	9	10	11	12		
	27.00	0.2169	1.433	0.1518	2.3631	0.206	0.2289	1.5142	1.1605	2.0795	0.6483	2.5117	2.3113		0.1506	0.8052	0.1091	1.2323	0.1445	0.1583	0.9457	0.6973	1.318	0.3584	1.0737	1.3122		
		0.3243	0.2042	2.2372	0.5687	3.1075	2.172	2.619	1.3971	2.8487	0.7158	2.1694	2.664		0.2513	0.1522	1.2553	0.3993	1.6486	1.3212	1.5542	0.6324	1.5713	0.43	1.1899	1.3542		
		1.1208	0.1369	1.4438	2.3787	1.8151	1.7121	0.2774	2.5168	2.0575	2.5861	2.634	2.4133		0.5613	0.1075	0.5473	1.8373	1.0331	1.1485	0.1916	1.509	1.0875	1.8088	1.6092	1.4416		
		2.6449	2.777	2.375	2.2728	0.3294	2.2834	2.35	2.6094	2.0774	0.5078	2.2376	1.9426		1.763	1.4064	1.6024	1.4529	0.2249	1.5479	1.5898	1.455	1.4227	0.3652	1.5072	1.1908		
		2.2986	1.3422	0.1589	0.3812	0.1974	2.2214	2.5555	0.2811	2.1305	2.2271	0.1939	2.7079		1.2209	0.6613	0.1112	0.2584	0.1416	1.5157	1.5638	0.2016	1.3	1.4267	0.1338	1.2792		
		1.6307	0.8593	2.0345	1.5237	0.9135	0.3632	1.497	0.3905	0.8472	1.8973	1.6358	1.0555		0.9037	0.5405	1.0764	0.9362	0.5617	0.1986	0.815	0.254	0.526	0.854	0.8851	0.501		
		0.4659	1.2681	1.2654	1.3286	1.6423	0.9967	0.3793	1.5362	0.6772	1.1366	1.2363	1.3131		0.2562	0.7553	0.8731	0.5171	0.9308	0.4041	0.2286	0.7878	0.4278	0.5924	0.5878	0.5903		
		0.3037	1.6512	1.4072	0.4715	1.1291	1.1943	0.2704	0.1968	0.1929	0.2097	0.2392	0.2198		0.2281	0.9954	0.7702	0.2679	0.7771	0.5461	0.1495	0.1277	0.1235	0.1397	0.1548	0.1393		
		
~End
Copyright © 2003 Molecular Devices. All rights reserved.
