##BLOCKS= 1          
Plate:	Plate#1	1.3	PlateFormat	Endpoint	Absorbance	Raw	FALSE	1						2	490 750	1	12	96	1	8	None	
	Temperature(¡C)	1	2	3	4	5	6	7	8	9	10	11	12		1	2	3	4	5	6	7	8	9	10	11	12		
	27.90	1.7106	2.3623	2.6324	2.5559	1.0522	1.1928	1.5522	1.7388	2.3103	1.547	2.9991	2.6474		0.49	0.8626	1.5495	1.4631	0.323	0.4163	0.6509	0.8509	1.108	1.0496	1.361	1.1342		
		0.5857	1.8421	2.1553	0.8428	2.1771	0.8279	2.3738	1.0863	2.0201	1.6102	1.3066	2.4199		0.4673	1.1248	1.1541	0.3365	1.1985	0.375	1.3211	0.6273	0.9759	0.7305	0.5942	1.1113		
		1.5495	0.148	1.7034	1.6592	1.1841	2.2959	1.9896	2.0666	2.4986	2.3039	2.2002	2.4877		0.8545	0.1154	0.931	0.9649	0.6681	1.2072	0.8528	1.2791	1.4258	1.2745	1.1976	1.1193		
		2.5873	2.0419	2.4658	2.2544	1.0258	1.8935	2.3378	2.3217	2.4065	1.2712	2.5012	2.4314		1.6166	1.0686	1.2815	1.2945	0.3346	1.0809	1.3852	1.0645	1.1177	0.4411	1.3749	1.2338		
		0.8941	1.4468	2.3887	2.5513	1.341	2.2458	2.7796	0.7415	2.3512	2.6502	0.9259	2.7694		0.3971	0.4905	1.2676	1.4777	0.7906	1.324	1.4265	0.3033	1.1221	1.57	0.3667	1.241		
		0.5623	0.9723	2.1993	2.0061	1.8129	2.0278	2.7525	0.3605	0.871	1.6325	1.6624	2.2472		0.3916	0.6695	0.8754	0.8376	0.9732	1.0105	1.7587	0.25	0.401	0.9305	0.768	0.9244		
		2.0782	2.5783	2.2666	2.0918	0.9818	0.9038	0.6443	2.329	0.7455	1.4061	0.9787	1.1674		1.1555	1.7091	1.26	0.9197	0.6173	0.6119	0.3556	1.4202	0.3444	0.8174	0.4403	0.5133		
		1.495	0.8975	1.934	0.7353	0.4655	1.1437	1.1343	0.5089	0.5801	0.5272	0.8036	0.4289		0.2873	0.3936	1.2702	0.3395	0.334	0.4534	0.6407	0.2734	0.2275	0.2326	0.3308	0.1778		
		
~End
Copyright © 2003 Molecular Devices. All rights reserved.
