##BLOCKS= 1          
Plate:	Plate#1	1.3	PlateFormat	Endpoint	Absorbance	Raw	FALSE	1						2	490 750	1	12	96	1	8	None	
	Temperature(¡C)	1	2	3	4	5	6	7	8	9	10	11	12		1	2	3	4	5	6	7	8	9	10	11	12		
	27.90	0.9643	2.1611	2.9321	2.3535	0.9513	0.8831	1.4718	0.9307	2.5196	1.1406	2.8037	2.2281		0.2357	0.8029	1.5518	1.378	0.3506	0.372	0.6044	0.4842	1.1313	0.7146	1.2303	1.0669		
		0.5935	1.3335	2.4441	0.9066	2.2199	0.7214	2.3101	0.9816	2.1772	1.4649	1.1475	2.412		0.4945	0.8343	1.2671	0.3527	1.2163	0.3033	1.3441	0.5668	1.1745	0.6255	0.7972	1.0981		
		0.7935	0.2226	1.0834	1.6643	1.6847	1.9889	1.8037	2.3863	2.1793	2.6012	2.1317	2.2569		0.4104	0.155	0.6403	1.0497	0.8423	1.1413	0.8208	1.3578	1.295	1.3416	1.277	0.9359		
		2.3052	2.265	2.0835	2.1849	0.6273	2.1227	2.5657	2.269	2.5355	1.444	2.2969	2.404		1.4141	1.1571	1.0347	1.2719	0.2254	1.1872	1.4475	1.1074	1.2	0.5134	1.1763	1.171		
		0.9351	1.2792	1.851	2.0383	0.964	2.4524	2.5216	0.7885	2.5006	2.2883	1.246	2.5385		0.3419	0.5337	1.046	1.1339	0.6789	1.3597	1.299	0.306	1.1403	1.2138	0.514	1.1762		
		0.8399	1.0809	2.1927	1.8377	1.4949	2.196	1.8492	0.2863	0.6311	2.78	2.168	2.3544		0.6597	0.698	0.8758	0.7794	0.7793	1.0107	0.9943	0.2018	0.2841	1.7882	0.9392	1.1144		
		2.2046	2.5746	2.1764	2.1758	0.9049	1.4283	0.8356	2.0243	0.4625	1.0948	0.881	1.1494		1.558	1.7124	1.2223	0.8638	0.5395	1.0261	0.4265	1.0737	0.2027	0.6438	0.3942	0.5596		
		1.5823	0.5782	1.0494	0.637	0.3197	0.8592	0.7053	0.5361	0.7367	0.7936	0.4004	1.1051		0.384	0.2194	0.6454	0.3391	0.2313	0.3341	0.2573	0.2571	0.2993	0.364	0.1707	0.4008		
		
~End
Copyright © 2003 Molecular Devices. All rights reserved.
