##BLOCKS= 1          
Plate:	Plate#1	1.3	PlateFormat	Endpoint	Absorbance	Raw	FALSE	1						2	490 750	1	12	96	1	8	None	
	Temperature(¡C)	1	2	3	4	5	6	7	8	9	10	11	12		1	2	3	4	5	6	7	8	9	10	11	12		
	26.90	0.2536	0.9139	0.3144	2.3253	0.2542	1.126	0.4707	0.6614	1.513	0.6184	1.3771	2.2074		0.1525	0.6085	0.2221	1.2102	0.1687	0.715	0.2975	0.4637	0.948	0.4435	0.6183	1.1787		
		0.4816	2.0785	2.0176	0.969	1.6527	1.568	1.3916	0.722	1.9449	0.5172	1.4498	1.5633		0.3756	1.3885	1.2658	0.6969	0.979	1.0816	0.8807	0.4934	1.1702	0.3502	0.8453	0.9173		
		0.6996	0.1389	0.8171	2.1945	1.1669	1.7938	1.5508	1.5821	0.3495	1.6097	2.4261	1.8393		0.4253	0.1128	0.42	1.4674	0.7807	1.1311	0.6343	1.0311	0.2395	1.0175	1.427	1.0532		
		1.2573	1.7898	1.8198	1.5643	0.7904	1.5319	1.9982	1.9391	1.7618	0.593	1.6082	1.1681		0.7468	1.0113	1.0905	0.9205	0.5274	0.9538	1.2846	1.1505	1.0408	0.4192	0.9673	0.6674		
		2.6774	1.0696	0.2485	1.9041	0.9974	1.6199	1.8604	0.344	1.7598	1.6749	0.316	1.8658		1.9087	0.4166	0.1652	1.1171	0.6914	1.0346	1.1436	0.2311	1.1132	1.0513	0.212	1.0141		
		1.4581	0.5871	1.5025	1.474	1.0544	1.9524	1.9781	0.3866	0.5825	1.2736	0.9987	1.7602		0.7704	0.3226	0.6563	0.9837	0.6335	0.8288	0.902	0.2387	0.3998	0.5821	0.4096	0.6899		
		1.1485	1.1274	1.3371	1.2346	0.1907	0.6345	0.9857	1.4595	1.3785	1.2152	1.0303	1.3259		0.5249	0.8092	0.8929	0.5199	0.1398	0.4514	0.5235	0.704	0.6581	0.6494	0.5414	0.6594		
		0.388	1.1482	1.6418	1.4693	0.8589	1.1922	0.58	0.2886	1.194	0.19	0.3032	0.4853		0.2505	0.5667	0.9898	0.9725	0.6351	0.5371	0.285	0.1722	0.5852	0.1384	0.164	0.3345		
		
~End
Copyright © 2003 Molecular Devices. All rights reserved.
