##BLOCKS= 1          
Plate:	Plate#1	1.3	PlateFormat	Endpoint	Absorbance	Raw	FALSE	1						2	490 750	1	12	96	1	8	None	
	Temperature(¡C)	1	2	3	4	5	6	7	8	9	10	11	12		1	2	3	4	5	6	7	8	9	10	11	12		
	26.90	0.3162	1.1266	0.327	2.1076	0.2596	1.9748	0.9401	0.7603	1.4872	0.5198	1.4719	2.1717		0.2815	0.7158	0.2395	1.1636	0.1806	1.24	0.8159	0.5247	0.9286	0.3645	0.798	1.233		
		0.6567	2.1313	1.9887	1.5101	1.7619	1.6196	1.3331	0.8322	2.1618	0.3792	1.4554	1.5194		0.5398	1.4019	1.243	1.0831	1.088	1.1587	0.8265	0.5777	1.2517	0.2494	0.8219	0.9087		
		0.6617	0.1493	0.6628	2.1301	1.2539	1.0953	1.634	1.412	0.3383	1.7712	2.2817	1.8381		0.3897	0.1179	0.3507	1.4523	0.7911	0.6588	0.7145	0.9109	0.2389	1.0354	1.3465	1.047		
		1.7494	1.9043	1.7575	1.641	1.1509	1.7639	1.8263	1.9909	1.6897	0.6576	1.7046	1.6308		1.1192	1.0797	1.0626	0.9864	0.8311	1.0971	1.1548	1.1778	0.9687	0.4449	1.0109	0.9655		
		2.4858	0.8804	0.2221	1.9751	0.7675	1.8817	1.8283	0.3205	1.9909	1.883	0.3498	1.6222		1.7614	0.3506	0.1415	1.182	0.5401	1.1978	1.1193	0.2135	1.2364	1.1971	0.2353	0.9343		
		1.875	0.9475	1.1531	1.253	1.3979	1.9739	1.91	0.568	0.3043	1.1592	1.2923	1.8067		0.9515	0.4938	0.4841	0.8532	0.8283	0.7799	0.9409	0.3568	0.2103	0.5468	0.5809	0.7632		
		1.1871	1.4023	1.1459	1.5124	0.1548	0.4961	1.1001	1.1874	2.4339	0.8391	0.7702	1.3817		0.5937	1.0588	0.7186	0.6659	0.1295	0.3404	0.6001	0.5491	1.0193	0.4519	0.3941	0.6737		
		0.5541	1.1844	1.9004	1.7387	0.967	1.2753	0.771	0.2453	1.3012	0.4282	0.258	0.282		0.333	0.5872	1.3329	1.1092	0.7369	0.5749	0.4061	0.1301	0.6138	0.2959	0.1503	0.1887		
		
~End
Copyright © 2003 Molecular Devices. All rights reserved.
