##BLOCKS= 1          
Plate:	Plate#1	1.3	PlateFormat	Endpoint	Absorbance	Raw	FALSE	1						2	490 750	1	12	96	1	8	None	
	Temperature(¡C)	1	2	3	4	5	6	7	8	9	10	11	12		1	2	3	4	5	6	7	8	9	10	11	12		
	26.90	0.2776	1.0081	0.2829	2.352	0.2197	2.0766	0.3011	0.6946	1.3418	0.5411	1.5817	1.9952		0.1641	0.6902	0.1907	1.2821	0.1535	1.2909	0.1742	0.4861	0.8224	0.4001	0.7889	1.1683		
		0.5441	2.0434	1.8915	1.216	1.5902	1.5691	1.5532	0.9924	2.0633	0.2777	1.4498	1.1794		0.3995	1.3422	1.1828	0.8782	0.973	1.0829	1.009	0.6822	1.2248	0.1891	0.8255	0.7181		
		0.6742	0.1803	0.9792	2.5664	1.036	1.3377	1.9243	1.5261	0.4692	1.5943	1.796	1.7286		0.4158	0.1389	0.5212	1.7528	0.6862	0.811	0.7538	0.9892	0.3188	0.9837	1.0585	1.0107		
		1.3952	1.9027	1.7423	1.8204	0.7608	1.8316	1.967	2.055	2.0518	0.4105	1.6689	1.8048		0.9496	1.1133	1.0547	1.0781	0.5	1.1421	1.2275	1.2675	1.2308	0.2894	1.0216	1.0359		
		2.7635	1.0547	0.3043	1.8442	0.6848	1.9666	2.07	0.352	1.738	1.8806	0.579	1.6634		1.8362	0.4499	0.1919	1.1029	0.4988	1.2289	1.264	0.2365	1.0687	1.1882	0.3967	0.9405		
		1.4881	0.7898	1.6042	1.42	1.4881	1.8915	1.3854	0.4917	0.4206	1.0446	1.0777	1.6248		0.8982	0.385	0.6487	0.9698	0.8764	0.7936	0.596	0.2831	0.2954	0.4955	0.4376	0.6648		
		1.1787	1.2525	1.0003	0.9809	0.7407	0.9444	1.0359	1.5105	1.3953	1.6324	0.8306	1.1754		0.3983	0.8408	0.6143	0.4163	0.3779	0.6618	0.5683	0.6426	0.6554	0.9019	0.4105	0.5809		
		0.4075	1.4822	1.4332	1.33	1.0406	1.0489	0.7369	0.2318	1.42	0.2461	0.6041	0.2937		0.2616	0.6552	0.8834	0.8726	0.7554	0.4623	0.3665	0.1425	0.6248	0.1741	0.31	0.1877		
		
~End
Copyright © 2003 Molecular Devices. All rights reserved.
