##BLOCKS= 1          
Plate:	Plate#1	1.3	PlateFormat	Endpoint	Absorbance	Raw	FALSE	1						2	490 750	1	12	96	1	8	None	
	Temperature(¡C)	1	2	3	4	5	6	7	8	9	10	11	12		1	2	3	4	5	6	7	8	9	10	11	12		
	28.40	0.3106	1.0917	0.3469	1.8236	0.4048	1.2224	1.5597	1.7224	2.036	1.6622	3.7582	1.8423		0.1457	0.3976	0.1631	0.8121	0.1854	0.4909	0.5924	0.6849	0.8652	0.6644	2.0608	0.8084		
		0.5845	1.3351	1.594	2.4381	1.5781	1.2786	1.4928	1.0688	1.6744	0.7839	1.4546	1.8819		0.4286	0.841	0.5715	1.0732	0.5924	0.6872	0.614	0.4693	0.5962	0.3159	0.4356	0.7635		
		1.3303	0.4551	1.3477	2.4495	1.5619	1.741	1.2902	1.2382	0.6634	2.0642	1.8978	1.5858		0.6111	0.2395	0.6515	1.2246	0.5971	0.7171	0.6841	0.4004	0.275	0.9763	0.7675	0.6387		
		2.5929	1.863	0.3902	1.274	0.5376	0.731	0.49	1.2815	2.4052	1.6615	1.1347	1.7685		1.4246	0.7925	0.1495	0.5628	0.2181	0.2954	0.2079	0.4587	1.2264	0.6855	0.5557	0.6732		
		1.9343	2.2036	0.3775	1.2306	1.4429	0.462	1.9507	0.8601	1.786	2.0091	0.8941	2.2036		1.0582	0.9526	0.1524	0.5032	0.8967	0.1835	0.6095	0.3854	0.8078	0.972	0.4157	0.8696		
		0.5585	1.3408	2.2404	1.4454	1.5263	0.7826	1.8769	0.4809	0.9232	1.4489	1.4206	3.2729		0.2031	0.5652	0.8643	0.7181	0.6754	0.227	0.7091	0.2126	0.3821	0.7797	0.5078	1.0433		
		0.8513	1.5865	1.1958	1.5036	0.1413	0.499	0.5284	2.2323	0.7522	0.6102	0.5829	1.2641		0.3546	0.9852	0.5799	0.48	0.1153	0.2176	0.2305	0.9149	0.3201	0.2507	0.2092	0.5329		
		0.4466	0.817	1.0393	0.8976	1.6849	0.3984	0.3613	0.2577	0.4062	0.3272	0.359	0.4658		0.1723	0.3227	0.374	0.308	0.6819	0.1672	0.1671	0.1426	0.1805	0.1656	0.1627	0.2379		
		
~End
Copyright © 2003 Molecular Devices. All rights reserved.
