##BLOCKS= 1          
Plate:	Plate#1	1.3	PlateFormat	Endpoint	Absorbance	Raw	FALSE	1						2	490 750	1	12	96	1	8	None	
	Temperature(¡C)	1	2	3	4	5	6	7	8	9	10	11	12		1	2	3	4	5	6	7	8	9	10	11	12		
	26.30	0.3084	1.7181	1.1421	2.7915	0.4575	1.554	0.2963	1.4147	1.6461	1.4629	0.8426	2.0501		0.1602	0.9745	0.6511	1.5876	0.3126	1.164	0.2092	0.8514	1.1706	1.108	0.3142	1.3024		
		0.5015	2.0302	2.115	1.5084	2.0493	0.3039	1.9497	1.5022	1.9502	0.9597	0.1765	2.2649		0.3809	1.5507	1.3807	0.7765	1.3771	0.2252	1.3418	1.0279	1.2483	0.4794	0.1166	1.4063		
		1.0526	0.2341	1.6427	2.1536	1.6763	0.8929	1.4399	2.1135	2.115	1.8382	0.9708	2.0087		0.6721	0.1784	0.9943	1.4652	1.0107	0.5338	1.0606	1.4132	1.4114	1.3009	0.5768	1.2939		
		1.89	1.9035	2.0968	1.8325	2.3133	2.1922	0.8527	1.557	1.6176	1.1783	1.6477	1.8432		1.295	1.2678	1.4164	1.1973	1.4587	1.4869	0.5202	0.9981	1.0922	0.6243	1.061	1.1735		
		1.7135	0.5382	0.3336	2.3705	1.7196	2.2526	1.5824	2.5151	2.0191	1.8668	2.2672	2.2617		1.0021	0.2679	0.2144	1.5152	1.1513	1.4316	1.0339	1.5091	1.2615	1.1992	1.4526	1.3174		
		1.8211	1.3954	1.1935	1.7073	1.3883	1.2601	0.5208	0.6704	0.5126	0.77	0.6665	1.4214		1.1784	0.946	0.7432	1.133	0.9945	0.6717	0.2977	0.4448	0.3209	0.5024	0.4273	0.6837		
		1.4419	0.1347	1.3694	1.0778	0.1307	0.4688	0.4716	1.5986	0.8492	1.0418	0.6557	1.3234		0.7471	0.1135	0.9264	0.6906	0.109	0.3167	0.3329	0.8956	0.586	0.7233	0.4421	0.8476		
		0.6336	0.6781	1.0283	1.0589	0.9005	0.6349	0.3788	0.1324	0.3174	0.3886	0.307	0.2934		0.3874	0.4745	0.6887	0.5926	0.5335	0.4321	0.2913	0.1076	0.2094	0.2659	0.1783	0.1925		
		
~End
Copyright © 2003 Molecular Devices. All rights reserved.
