##BLOCKS= 1          
Plate:	Plate#1	1.3	PlateFormat	Endpoint	Absorbance	Raw	FALSE	1						2	490 750	1	12	96	1	8	None	
	Temperature(¡C)	1	2	3	4	5	6	7	8	9	10	11	12		1	2	3	4	5	6	7	8	9	10	11	12		
	26.70	0.4067	1.5136	0.7791	2.6503	0.3598	1.8638	0.3744	1.4282	1.7074	1.0928	1.2905	1.6492		0.263	0.7754	0.4623	1.5004	0.2314	1.3505	0.2835	0.8701	1.2463	0.8365	0.5407	1.0912		
		0.5276	2.0714	2.014	1.1533	2.1406	0.3017	1.8948	1.43	1.7372	1.1112	0.1776	1.8582		0.4394	1.5779	1.3923	0.638	1.4221	0.2203	1.2969	0.9745	1.1612	0.5697	0.1224	1.2328		
		1.214	0.2207	1.0657	2.0844	1.5602	1.4938	1.3471	1.9256	2.1628	1.1339	0.7941	1.8818		0.7691	0.1667	0.6259	1.4248	0.9851	0.9457	0.9866	1.2949	1.4828	0.7396	0.4797	1.238		
		1.6542	2.1027	2.1168	2.0636	2.0676	2.1261	0.6262	1.5097	1.8	1.3137	1.592	2.1466		1.1359	1.3856	1.4436	1.3884	1.3314	1.4148	0.3845	0.9902	1.2243	0.7066	1.0441	1.4311		
		1.6746	0.4134	0.4252	2.1587	1.4809	1.8746	1.8977	2.6117	1.7623	1.6944	1.6177	2.1565		1.0517	0.2149	0.27	1.4035	0.9926	1.2248	1.2594	1.7163	1.1316	1.0864	1.0566	1.274		
		1.3675	0.9968	0.8754	1.5849	1.2431	1.3845	0.6413	0.908	0.8138	0.6106	1.2801	1.6115		0.9708	0.7228	0.553	1.0187	0.8688	0.7174	0.3706	0.5974	0.4925	0.3959	0.8714	0.7361		
		1.1436	0.1947	1.5101	1.0693	0.13	0.2901	0.4248	1.4256	0.2568	0.8654	0.7083	1.1926		0.6277	0.1828	1.0506	0.6964	0.1088	0.196	0.2886	0.9053	0.1819	0.6297	0.4478	0.7927		
		0.3689	0.4612	1.1652	1.1	0.9064	0.6994	0.4046	0.1332	0.7045	0.2204	0.3482	0.398		0.2063	0.3013	0.8155	0.6338	0.5105	0.484	0.3083	0.1081	0.4337	0.1602	0.1994	0.2449		
		
~End
Copyright © 2003 Molecular Devices. All rights reserved.
