##BLOCKS= 1          
Plate:	Plate#1	1.3	PlateFormat	Endpoint	Absorbance	Raw	FALSE	1						2	490 750	1	12	96	1	8	None	
	Temperature(¡C)	1	2	3	4	5	6	7	8	9	10	11	12		1	2	3	4	5	6	7	8	9	10	11	12		
	27.60	0.2689	1.0994	0.2761	2.4603	0.2572	1.8805	1.3791	0.3907	1.4669	2.2062	1.6898	2.2382		0.1806	0.6557	0.1878	1.3681	0.1744	1.0627	0.947	0.2501	0.8713	1.567	0.8158	1.296		
		0.6828	2.3772	2.0366	2.5268	1.8719	2.3277	1.7706	1.1691	2.2781	0.3013	1.3776	2.2666		0.5098	1.5143	1.2179	1.7214	1.1299	1.5356	1.0948	0.717	1.4233	0.1906	0.8102	1.398		
		0.7353	0.1786	0.8782	2.6442	1.2218	1.43	1.6818	1.9447	0.5738	2.1185	1.8282	2.0394		0.4157	0.1396	0.4474	1.8343	0.7784	0.8735	0.6451	1.2016	0.3699	1.3415	1.1358	1.2711		
		1.997	2.2288	2.0334	2.341	0.4298	1.8061	1.9454	2.0571	2.0049	0.5387	1.6309	1.5393		1.0433	1.4493	1.215	1.4972	0.2941	1.0827	1.3302	1.2614	1.2429	0.3605	0.9605	0.8472		
		2.1735	1.0224	0.2166	2.0001	1.8944	1.6398	1.9292	0.3754	2.0913	1.8771	0.3627	1.9994		1.3025	0.4603	0.1361	1.1974	1.2427	1.0243	1.2112	0.2349	1.3495	1.1963	0.2367	1.3039		
		1.9392	0.8139	1.5438	1.5983	1.6618	1.7314	2.303	0.3635	0.4119	1.2446	1.4712	1.7434		1.2186	0.5083	0.8346	1.1455	1.0988	1.1244	1.2899	0.2357	0.2804	0.6367	0.6847	0.8999		
		1.1634	1.9928	1.6607	1.213	1.5492	0.6471	1.9245	1.5615	1.0542	1.4543	1.3543	1.3309		0.4883	1.4893	1.0704	0.5396	0.9174	0.4379	1.2147	0.8668	0.6754	0.741	0.8079	0.6713		
		0.4192	1.2623	1.7449	1.8182	0.99	1.3336	0.5048	0.2701	1.4853	0.2647	0.2755	0.3198		0.2382	0.8785	1.1876	1.3243	0.7188	0.6446	0.2631	0.1444	0.7701	0.1869	0.1801	0.1994		
		
~End
Copyright © 2003 Molecular Devices. All rights reserved.
