##BLOCKS= 1          
Plate:	Plate#1	1.3	PlateFormat	Endpoint	Absorbance	Raw	FALSE	1						2	490 750	1	12	96	1	8	None	
	Temperature(¡C)	1	2	3	4	5	6	7	8	9	10	11	12		1	2	3	4	5	6	7	8	9	10	11	12		
	27.50	0.2683	1.1844	0.2323	2.5612	0.2353	1.9211	1.2191	0.4061	1.8816	2.2964	1.7975	2.2607		0.1832	0.7247	0.1509	1.4479	0.1567	1.1358	0.7661	0.2603	1.1012	1.6046	0.8814	1.3128		
		0.4032	2.1278	2.1168	2.6035	1.8915	2.4552	1.8017	1.1387	2.1058	0.3316	1.4537	2.3489		0.3023	1.4415	1.236	1.8055	1.1725	1.6115	1.1103	0.7256	1.2853	0.2109	0.8015	1.4184		
		0.7057	0.1671	0.7012	2.6003	1.1905	1.3731	1.5554	1.867	0.5847	2.318	1.9083	1.9045		0.4359	0.1355	0.3812	1.8056	0.7527	0.8486	0.6181	1.154	0.3835	1.5228	1.1891	1.1666		
		1.9115	2.4878	2.0834	2.2405	0.4656	1.8233	1.8852	2.217	1.8225	0.4879	1.6332	1.3082		1.1315	1.6133	1.2587	1.4068	0.3161	1.0959	1.2493	1.32	1.0914	0.3179	0.9408	0.723		
		2.5887	1.0922	0.2053	2.0495	1.7451	1.758	1.9922	0.3509	2.2175	1.6897	0.3679	2.0364		1.5375	0.4916	0.1296	1.216	1.1288	1.0709	1.2566	0.2197	1.4348	1.0389	0.2487	1.3106		
		2.2037	0.7526	1.4155	1.7353	1.5721	1.783	1.4892	0.3533	0.4391	1.3536	1.499	1.9047		1.3346	0.4821	0.7571	1.235	1.0448	1.149	0.7967	0.2334	0.3029	0.7592	0.6469	0.9528		
		1.4578	2.0203	1.7462	1.336	1.5474	0.8503	1.6384	1.4131	1.0937	1.3325	1.0164	1.3801		0.5372	1.4403	1.15	0.6258	0.9555	0.575	1.0875	0.7793	0.6676	0.671	0.5974	0.7533		
		0.3408	1.5012	1.9881	2.2215	1.2004	1.2877	0.4302	0.2463	1.4695	0.2197	0.244	0.2907		0.2292	1.0571	1.2175	1.5927	0.8892	0.6534	0.2264	0.137	0.759	0.1564	0.1658	0.187		
		
~End
Copyright © 2003 Molecular Devices. All rights reserved.
