##BLOCKS= 1          
Plate:	Plate#1	1.3	PlateFormat	Endpoint	Absorbance	Raw	FALSE	1						2	490 750	1	12	96	1	8	None	
	Temperature(¡C)	1	2	3	4	5	6	7	8	9	10	11	12		1	2	3	4	5	6	7	8	9	10	11	12		
	27.50	0.3996	0.8879	0.3507	2.2198	0.2544	1.4584	0.3658	0.555	1.3123	1.4213	2.9653	1.4621		0.3028	0.6241	0.262	1.5536	0.189	1.1152	0.2635	0.377	1.014	1.1361	1.5336	1.0249		
		0.6457	2.008	1.1764	1.0123	0.4998	0.85	1.0633	0.5632	1.0925	0.5205	1.0179	1.8226		0.4768	1.5564	0.8721	0.7213	0.3627	0.6708	0.812	0.4354	0.7643	0.3795	0.7651	1.2715		
		1.5309	0.2606	0.9192	1.5346	1.1612	0.7123	1.0223	1.179	0.4029	1.7182	1.6558	1.6902		0.924	0.1981	0.5687	1.1228	0.8363	0.5081	0.6853	0.8314	0.2902	1.3416	1.2704	1.204		
		1.0405	0.884	1.8528	1.4522	0.55	1.6291	1.7162	1.2271	1.2491	0.3484	1.3325	1.1241		0.8561	0.7131	1.373	1.1144	0.4111	1.276	1.3071	0.8952	0.9163	0.2476	0.9255	0.8679		
		0.6489	0.6603	0.2262	2.0072	0.8223	1.5491	1.4502	0.2688	1.7875	1.2692	0.214	1.5032		0.3442	0.4684	0.1652	1.4642	0.5467	1.1725	1.0306	0.1955	1.2354	0.8948	0.156	0.9783		
		1.0759	0.6352	0.793	1.3902	0.9944	0.6952	0.4178	0.4135	0.3689	0.3595	0.6093	2.2122		0.6826	0.3963	0.5565	0.7832	0.6746	0.333	0.2144	0.3163	0.2829	0.2383	0.4227	1.1863		
		0.3456	1.4995	0.2854	0.7523	0.3232	0.3096	0.4278	1.0436	0.284	0.4999	0.4495	1.0373		0.2943	0.9854	0.222	0.5401	0.1787	0.2358	0.2928	0.7045	0.193	0.3361	0.3165	0.829		
		0.3056	1.1504	0.4083	0.2411	0.3089	0.3309	0.2727	0.2712	2.074	0.3315	0.1913	0.313		0.2379	0.8926	0.267	0.1771	0.2342	0.2163	0.1849	0.1774	1.5967	0.2287	0.1392	0.2192		
		
~End
Copyright © 2003 Molecular Devices. All rights reserved.
