##BLOCKS= 1          
Plate:	Plate#1	1.3	PlateFormat	Endpoint	Absorbance	Raw	FALSE	1						2	490 750	1	12	96	1	8	None	
	Temperature(¡C)	1	2	3	4	5	6	7	8	9	10	11	12		1	2	3	4	5	6	7	8	9	10	11	12		
	24.50	0.4262	2.181	0.3191	2.797	0.5229	3.1258	1.0643	2.7241	2.6062	3.2334	2.6034	3.5505		0.2152	0.9434	0.1686	1.7684	0.254	2.5263	0.4732	1.8802	1.6275	2.2869	0.731	2.241		
		0.7141	2.9113	2.2528	1.7688	2.9256	1.1926	3.0398	1.5591	2.4849	1.2434	2.916	2.8343		0.5403	1.8478	1.3293	1.0637	1.8584	0.7774	1.7845	0.9181	1.3722	0.7395	1.7587	1.5114		
		1.3975	0.1494	1.4107	2.6588	1.3269	2.2807	1.6853	2.413	2.817	2.2046	2.6402	2.1592		0.6947	0.1103	0.871	1.7159	0.7872	1.3517	0.7972	1.5164	1.8079	1.3317	1.6291	1.2116		
		2.8108	2.4673	2.5586	2.7078	2.7253	2.3556	3.3783	2.8089	2.3338	0.6143	3.1007	2.6607		1.8355	1.388	1.474	1.5653	1.8598	1.4622	2.3719	1.5468	1.2873	0.3655	1.7237	1.4452		
		0.8194	1.8807	0.4629	3.2303	2.0809	2.66	2.5681	1.012	3.0584	2.0781	0.4121	2.077		0.5102	0.44	0.2128	2.0281	1.3751	1.4935	1.5032	0.5385	1.6974	1.2308	0.2304	1.1748		
		2.233	0.772	1.0275	2.2075	1.9655	2.204	1.4787	0.3345	0.5572	1.4898	1.165	1.7823		1.2216	0.4273	0.4937	1.2227	1.0802	1.3577	0.7302	0.2242	0.3404	0.6475	0.5079	0.8093		
		1.0416	2.6752	2.3142	0.8226	1.9982	0.6555	1.9745	2.9736	0.7492	1.9631	1.6856	1.2455		0.6447	1.5556	1.3701	0.3964	0.9796	0.3848	1.0972	1.8979	0.4241	1.0409	0.668	0.5878		
		0.6465	3.0393	2.3796	0.8454	0.7664	0.5324	0.5243	0.2553	0.4349	0.4771	0.6673	0.3746		0.3505	1.6813	1.4068	0.4846	0.4587	0.3135	0.2965	0.1546	0.2417	0.2262	0.3191	0.2196		
		
~End
Copyright © 2003 Molecular Devices. All rights reserved.
