##BLOCKS= 1          
Plate:	Plate#1	1.3	PlateFormat	Endpoint	Absorbance	Raw	FALSE	1						2	490 750	1	12	96	1	8	None	
	Temperature(¡C)	1	2	3	4	5	6	7	8	9	10	11	12		1	2	3	4	5	6	7	8	9	10	11	12		
	24.40	0.4408	1.909	0.6722	3.1476	0.4522	3.052	1.671	2.5904	2.3184	3.1301	2.535	3.0725		0.3273	0.8388	0.3488	1.9641	0.2287	2.4395	0.8107	1.7732	1.3724	2.2263	0.7206	1.6801		
		0.7432	2.8975	2.2004	2.0908	2.8667	1.1686	2.9535	1.6902	2.4317	1.0629	2.1665	2.5528		0.5496	1.8644	1.3141	1.2187	1.7449	0.7438	1.7591	0.9613	1.3191	0.6323	1.2925	1.432		
		1.4334	0.1588	1.3383	3.2574	1.1661	2.0625	1.5182	2.4773	2.7641	2.5644	2.3403	2.8272		0.676	0.1239	0.8241	2.4567	0.7281	1.2135	0.7092	1.5224	1.7879	1.6736	1.4474	1.6743		
		2.8479	2.6045	2.6173	3.1543	2.5802	2.3979	3.2571	2.3842	3.2324	1.1326	3.0722	2.6399		1.7462	1.53	1.5247	1.9789	1.6507	1.5377	1.9211	1.2849	1.9476	0.6256	1.7905	1.4364		
		0.8399	0.9566	0.3704	2.9382	2.2656	3.0008	2.225	0.4879	3.0956	2.1096	0.704	2.0158		0.4791	0.2927	0.1958	1.8371	1.4132	1.7727	1.2501	0.2489	1.7278	1.2209	0.3788	1.0898		
		2.5048	1.4272	1.7108	1.7218	1.9968	2.1961	1.2339	0.4305	0.5933	1.7498	0.7394	1.967		1.5813	0.6302	0.7108	0.9499	1.1156	1.3899	0.5827	0.2945	0.3579	0.7329	0.3448	0.8421		
		1.4437	2.4022	1.6575	1.951	1.5732	1.1273	1.8039	2.81	1.125	1.677	2.0419	1.8617		0.6607	1.2746	0.9758	0.8529	0.7429	0.6705	1.0353	1.7026	0.6729	0.8527	0.8552	0.9069		
		0.4512	2.9951	3.1721	0.947	0.7669	0.7954	0.4471	0.2154	0.3873	0.2093	0.4461	0.373		0.2815	1.7167	1.7979	0.5414	0.4725	0.4546	0.263	0.1369	0.1967	0.1355	0.2015	0.1897		
		
~End
Copyright © 2003 Molecular Devices. All rights reserved.
