##BLOCKS= 1          
Plate:	Plate#1	1.3	PlateFormat	Endpoint	Absorbance	Raw	FALSE	1						2	490 750	1	12	96	1	8	None	
	Temperature(¡C)	1	2	3	4	5	6	7	8	9	10	11	12		1	2	3	4	5	6	7	8	9	10	11	12		
	25.50	0.5866	2.1149	0.6363	2.3286	0.384	1.1314	2.7271	1.1694	2.825	2.1836	3.002	2.5932		0.225	1.0891	0.2785	1.3062	0.176	0.592	1.0476	0.6652	1.2887	1.0797	0.8231	1.1629		
		0.7329	0.395	2.89	2.8303	3.3023	2.1716	2.8211	1.9897	2.475	2.3398	0.7998	2.6595		0.5777	0.2168	1.5073	1.1905	1.4525	0.9424	1.4491	1.0382	1.0609	1.1125	0.4128	1.2389		
		1.7276	0.142	2.5374	2.5592	2.3346	2.5914	2.9622	3.0474	2.4621	3.0679	3.0938	3.0508		0.8159	0.1127	0.9596	1.0787	1.0382	1.2257	1.1008	1.5304	0.9959	1.4151	1.5533	1.365		
		2.9471	2.6189	3.017	3.064	1.2643	3.0864	0.8291	2.9981	3.2591	1.757	2.8192	3.0796		1.4416	1.3259	1.4539	1.4949	0.572	1.4467	0.3595	1.349	1.4452	0.7316	1.27	1.3347		
		1.5572	2.3415	0.4458	3.1646	1.8939	3.065	3.0739	0.777	3.3964	3.1688	0.7344	2.7429		0.5755	0.8015	0.1946	1.429	0.8275	1.4501	1.4624	0.4052	1.5855	1.48	0.3317	1.3471		
		2.4779	1.6445	2.1577	2.1066	2.1698	2.1057	2.1247	0.8407	1.3947	2.7899	1.9695	2.4089		1.2166	0.6098	0.7555	0.9734	1.1351	1.05	0.909	0.3777	0.6588	1.2043	0.659	0.9258		
		2.4392	2.2216	2.1781	2.2409	1.7651	0.5519	0.7054	2.4473	1.7422	2.0166	2.0955	1.9364		0.9876	1.361	0.9992	0.7279	0.9186	0.3199	0.308	1.2296	0.7632	0.9423	0.9422	0.9707		
		0.6908	2.1116	1.7543	1.8187	0.5817	1.7088	0.6786	0.514	2.3171	0.3842	0.5403	0.459		0.2687	0.8773	0.7446	0.4869	0.344	0.6776	0.3707	0.2208	0.9495	0.2095	0.2611	0.2154		
		
~End
Copyright © 2003 Molecular Devices. All rights reserved.
