##BLOCKS= 1          
Plate:	Plate#1	1.3	PlateFormat	Endpoint	Absorbance	Raw	FALSE	1						2	490 750	1	12	96	1	8	None	
	Temperature(¡C)	1	2	3	4	5	6	7	8	9	10	11	12		1	2	3	4	5	6	7	8	9	10	11	12		
	25.60	0.6171	2.1056	0.5077	2.3808	0.3835	1.0517	2.6825	1.1191	2.9481	2.0568	3.2312	3.0675		0.2241	1.0805	0.2235	1.3095	0.1788	0.549	1.2845	0.628	1.3511	1.0165	0.9318	1.4502		
		0.6694	0.4606	2.9738	2.9499	3.5001	2.145	2.8865	1.9922	2.7342	2.4147	0.7887	3.0665		0.5706	0.2733	1.5967	1.1633	1.6571	0.944	1.5087	1.0321	1.1097	1.1285	0.4204	1.3214		
		1.8468	0.1531	2.3886	2.1286	2.0501	2.7605	2.8414	3.1282	2.2277	2.7166	3.0311	3.115		0.9099	0.1248	0.9093	0.865	0.9308	1.274	1.0705	1.6203	0.7938	1.1897	1.517	1.4036		
		2.9126	2.7077	2.8863	2.9737	1.2425	3.0894	0.9202	2.9998	3.4317	1.9607	3.0551	3.2077		1.4484	1.3909	1.4257	1.3667	0.5592	1.5333	0.3994	1.2499	1.5723	0.9111	1.3951	1.4365		
		1.6005	2.6183	0.4301	3.2018	2.1117	2.9985	2.8911	0.8094	3.3713	3.286	0.7253	2.1955		0.6513	0.8461	0.1964	1.5022	0.974	1.4407	1.3504	0.4023	1.5875	1.4863	0.3343	1.1191		
		2.4858	1.4562	2.3733	2.0644	2.2903	2.3281	1.7811	0.6223	1.1504	2.6751	2.5372	2.7588		1.1834	0.5836	0.7993	0.8959	1.1953	1.1685	0.8341	0.2914	0.5296	1.0568	0.7385	1.1539		
		1.9968	2.0901	2.1993	2.535	0.701	0.5875	0.8375	2.611	1.4347	1.8943	2.1199	2.3547		0.7573	1.3234	0.9972	0.7783	0.4027	0.3132	0.3772	1.3013	0.6675	0.8743	0.9286	1.1264		
		0.7099	2.049	1.5631	1.7606	0.5351	1.7018	0.4671	0.4651	2.4438	0.4495	0.5544	0.4892		0.3062	0.863	0.7338	0.489	0.2762	0.6911	0.2777	0.2197	1.0748	0.2364	0.2435	0.2289		
		
~End
Copyright © 2003 Molecular Devices. All rights reserved.
