##BLOCKS= 1          
Plate:	Plate#1	1.3	PlateFormat	Endpoint	Absorbance	Raw	FALSE	1						2	490 750	1	12	96	1	8	None	
	Temperature(¡C)	1	2	3	4	5	6	7	8	9	10	11	12		1	2	3	4	5	6	7	8	9	10	11	12		
	28.80	0.3189	1.2505	0.2887	2.5712	0.2829	0.4464	1.3135	0.4397	1.108	0.3112	2.9112	1.8854		0.2115	0.7962	0.2027	1.4386	0.2054	0.305	0.741	0.3057	0.6624	0.248	0.8699	1.2579		
		0.454	2.0497	1.8546	0.2861	1.9514	0.4992	1.4348	1.1786	1.9016	0.5322	1.7479	1.6715		0.3766	1.4821	1.1643	0.1677	1.186	0.3045	0.9492	0.7031	1.0693	0.3592	1.2018	1.025		
		1.2491	0.1644	0.6822	1.7518	1.2269	1.6289	1.372	2.1777	1.8135	1.6721	1.8582	1.9651		0.7531	0.1214	0.4091	1.1331	0.8047	0.9747	0.7464	1.243	1.1823	1.2522	1.2255	1.2038		
		2.0568	1.7941	1.9622	2.1636	0.4862	2.0946	1.4132	1.8079	1.7401	0.8236	1.7816	1.6992		1.3229	1.1059	1.2425	1.2756	0.2991	1.2415	0.8424	1.0581	1.1491	0.5438	1.1014	0.9377		
		0.8182	1.2257	2.0719	0.638	1.0407	2.1628	1.7144	0.5734	2.0022	1.7599	0.3768	2.244		0.3191	0.6015	1.2944	0.3989	0.6965	1.2325	1.1278	0.3509	1.1714	1.1298	0.2605	1.2237		
		1.775	0.9111	1.4339	1.8912	1.8029	2.3567	1.3349	0.4353	0.5212	2.2109	1.187	1.3912		1.2621	0.4705	0.6452	0.8602	0.6772	0.84	0.6898	0.2584	0.2933	0.9658	0.5812	0.6213		
		1.0782	1.7421	1.0106	1.4475	1.039	1.3647	0.5802	1.1325	0.7602	0.49	1.2599	1.1774		0.4831	1.0809	0.6184	0.7253	0.5062	0.9675	0.3931	0.7903	0.5422	0.3109	0.7903	0.735		
		0.8548	0.7699	1.8864	1.2884	1.6061	0.934	0.2804	0.3199	0.3562	0.2247	0.2182	0.4502		0.525	0.4762	0.9285	0.7066	1.1535	0.6144	0.1833	0.1874	0.2483	0.1586	0.155	0.3058		
		
~End
Copyright © 2003 Molecular Devices. All rights reserved.
