##BLOCKS= 1          
Plate:	Plate#1	1.3	PlateFormat	Endpoint	Absorbance	Raw	FALSE	1						2	490 750	1	12	96	1	8	None	
	Temperature(¡C)	1	2	3	4	5	6	7	8	9	10	11	12		1	2	3	4	5	6	7	8	9	10	11	12		
	28.80	0.2156	1.299	0.3197	2.4787	0.2594	0.3321	1.407	0.4926	1.287	0.3174	3.0056	2.1433		0.1567	0.8543	0.2341	1.4757	0.1984	0.2381	0.816	0.3491	0.7797	0.2547	1.1776	1.2691		
		0.5819	2.035	1.8548	0.4208	2.1059	0.3953	1.8777	1.2265	2.36	0.5916	1.8756	1.8153		0.4763	1.4833	1.1431	0.3022	1.2843	0.2573	1.1616	0.7593	1.3085	0.385	1.3193	1.1058		
		1.3638	0.1647	0.6022	1.6435	1.0263	1.9519	1.3477	2.1565	1.9418	1.5971	1.9251	1.9185		0.7829	0.126	0.3699	1.058	0.6396	1.1792	0.7613	1.247	1.2601	1.141	1.2468	1.1769		
		2.1954	2.1439	2.038	2.1376	0.5126	1.9405	1.8089	2.0059	1.93	1.1984	1.9168	1.5932		1.3856	1.2857	1.283	1.239	0.308	1.1479	1.043	1.2223	1.2363	0.8174	1.1998	0.8723		
		0.906	1.4453	2.2276	0.7499	1.0995	2.4874	2.0164	0.4719	2.1621	2.036	0.2612	2.113		0.3746	0.7151	1.3274	0.4843	0.7117	1.4829	1.2975	0.2859	1.2972	1.269	0.1824	1.1091		
		1.8596	0.8469	1.8311	1.9648	1.4513	1.853	1.0021	0.41	0.6187	2.0934	1.0289	1.7604		1.2977	0.4539	0.8286	0.891	0.5494	0.6527	0.5314	0.2369	0.348	0.9155	0.445	0.8008		
		1.1403	1.3177	0.9461	1.2157	1.2702	1.254	0.6901	1.0412	0.6298	0.5485	1.1641	1.3195		0.4571	0.9649	0.5723	0.6039	0.6725	0.7296	0.4864	0.7367	0.4507	0.3544	0.7448	0.8597		
		0.8449	1.056	1.8556	1.63	1.4136	0.8998	0.2771	0.3282	0.3531	0.2917	0.2632	0.2706		0.5743	0.7069	1.0679	0.9101	0.7985	0.6139	0.1959	0.1848	0.2313	0.1987	0.1855	0.1851		
		
~End
Copyright © 2003 Molecular Devices. All rights reserved.
