##BLOCKS= 1          
Plate:	Plate#1	1.3	PlateFormat	Endpoint	Absorbance	Raw	FALSE	1						2	490 750	1	12	96	1	8	None	
	Temperature(¡C)	1	2	3	4	5	6	7	8	9	10	11	12		1	2	3	4	5	6	7	8	9	10	11	12		
	28.60	0.2264	0.9126	0.3071	1.8359	0.3886	0.7365	0.497	0.49	1.7328	1.3091	1.8834	1.3252		0.1858	0.7004	0.2549	1.2948	0.3283	0.6018	0.3361	0.3715	1.3851	0.9566	0.5549	0.9066		
		0.5213	0.4205	1.292	0.2974	1.2405	0.3114	1.6834	1.1579	1.1644	0.5164	0.252	1.1053		0.3906	0.3226	0.963	0.2514	0.956	0.2698	1.3541	0.8477	0.8758	0.3742	0.1886	0.7675		
		0.8294	0.2586	0.5786	0.4435	1.0365	0.5867	0.7793	1.3156	1.5928	1.478	0.9952	1.0707		0.5787	0.2261	0.4541	0.3346	0.7816	0.4621	0.6334	1.061	1.3606	1.187	0.7007	0.7929		
		1.2708	1.3839	1.0641	1.7438	0.4275	1.0369	1.3995	1.1146	0.9567	0.332	1.5224	1.352		1.0755	1.0484	0.7632	1.396	0.3465	0.8655	1.1187	0.8246	0.7096	0.2866	1.2171	0.9232		
		0.616	1.3388	0.3564	1.756	0.6601	1.8124	1.3742	0.4219	1.6921	1.427	0.3921	2.0248		0.3065	0.753	0.2981	1.3147	0.5084	1.4791	1.0505	0.3604	1.3151	1.0602	0.3277	1.336		
		0.7204	1.3459	1.4669	1.1138	0.5161	0.5506	0.9206	0.5304	0.3506	1.4792	1.4716	1.225		0.4856	0.8744	0.8692	0.782	0.4269	0.4243	0.6181	0.4016	0.2946	0.8453	1.0015	0.684		
		0.3626	1.7664	0.5863	1.3095	0.3461	1.1593	0.3614	0.3197	0.3589	0.3648	0.3948	0.2735		0.2383	1.1809	0.4567	0.866	0.3059	0.8543	0.3075	0.2708	0.2964	0.288	0.2909	0.1634		
		0.3258	0.2606	0.2693	0.4032	0.2509	0.214	0.4039	0.201	0.1691	0.2004	0.3851	0.5883		0.2288	0.1981	0.1841	0.2788	0.1786	0.1611	0.2674	0.1436	0.1265	0.148	0.2975	0.4354		
		
~End
Copyright © 2003 Molecular Devices. All rights reserved.
