##BLOCKS= 1          
Plate:	Plate#1	1.3	PlateFormat	Endpoint	Absorbance	Raw	FALSE	1						2	490 750	1	12	96	1	8	None	
	Temperature(¡C)	1	2	3	4	5	6	7	8	9	10	11	12		1	2	3	4	5	6	7	8	9	10	11	12		
	28.60	0.2962	0.8932	0.4689	1.8426	0.2701	0.3179	0.3827	0.3773	1.5102	0.3755	2.1758	1.0412		0.2073	0.66	0.3684	1.2732	0.2079	0.2445	0.2404	0.2721	1.2003	0.2545	0.7006	0.7241		
		0.6283	0.3065	1.3455	0.1878	1.3029	0.2883	1.3251	1.2056	1.0656	0.5437	0.1751	1.4279		0.4554	0.2126	0.9768	0.1476	0.9851	0.2158	1.0081	0.921	0.7654	0.389	0.1259	1.0117		
		0.8486	0.1541	0.4072	0.2798	0.9017	0.2504	0.6716	1.2985	1.3595	1.6517	1.0702	1.6219		0.5797	0.1216	0.2941	0.2024	0.6463	0.1828	0.5263	1.0152	1.1458	1.3483	0.7488	1.249		
		1.6997	1.6894	1.3223	1.7154	0.3476	0.6675	1.0742	0.4168	1.1172	0.2236	1.5695	1.3928		1.2251	1.2644	0.9426	1.2947	0.2576	0.5183	0.8265	0.2661	0.7638	0.1658	1.243	1.0369		
		0.5042	1.6469	0.2784	1.3932	0.6178	1.6551	1.2039	0.2703	1.6091	1.5131	0.2153	1.5747		0.2288	0.8433	0.1987	0.9891	0.4465	1.309	0.8421	0.2074	1.2169	1.1026	0.164	1.0618		
		0.332	1.1379	2.4277	0.8408	0.3869	0.3881	0.4168	0.4239	0.2509	1.7429	0.5451	1.3444		0.2182	0.7014	1.4344	0.5348	0.2808	0.2535	0.2322	0.2943	0.1832	0.9544	0.3493	0.7025		
		0.2375	0.4902	0.4085	1.8057	0.4729	0.4111	0.2825	0.1666	0.2448	0.2607	0.2445	0.5826		0.1598	0.3586	0.2968	1.0892	0.3284	0.2889	0.2133	0.1281	0.1735	0.1859	0.1696	0.3608		
		0.2283	0.2916	0.2509	0.3238	0.3126	0.2206	0.1814	0.167	0.2316	0.2107	0.1676	0.2427		0.191	0.2025	0.1789	0.2089	0.2197	0.1641	0.1379	0.1221	0.163	0.1548	0.1279	0.1734		
		
~End
Copyright © 2003 Molecular Devices. All rights reserved.
