##BLOCKS= 1          
Plate:	Plate#1	1.3	PlateFormat	Endpoint	Absorbance	Raw	FALSE	1						2	490 750	1	12	96	1	8	None	
	Temperature(¡C)	1	2	3	4	5	6	7	8	9	10	11	12		1	2	3	4	5	6	7	8	9	10	11	12		
	27.60	0.4039	1.9583	0.6269	3.3236	0.3007	2.7741	2.2629	1.7906	2.107	2.8086	2.8051	3.4426		0.1841	0.9443	0.3132	1.7537	0.1516	1.6142	0.8051	0.8523	0.9543	1.6488	0.9418	1.6799		
		0.5135	0.3569	3.1904	2.8686	3.5541	2.5094	3.064	1.7306	3.4165	2.519	2.8993	3.1695		0.406	0.1923	1.3025	1.1785	1.0407	1.2379	1.2182	0.6481	1.8193	1.0013	1.5285	1.2576		
		1.8102	0.1558	2.7335	3.1237	2.678	2.5822	2.8179	3.1863	3.2132	2.9274	3.3637	3.3941		0.9557	0.1206	0.7556	1.375	0.6828	1.0159	0.9471	1.6038	1.599	1.5124	1.6583	1.8012		
		3.261	2.9295	3.0484	2.9314	1.7929	3.017	0.6704	3.458	1.9527	1.5812	3.0849	2.91		1.8033	1.0772	1.5629	1.411	0.8768	1.368	0.2849	1.6397	0.9797	0.6986	1.4178	1.5693		
		1.723	1.0395	0.4987	3.2274	3.2297	3.1356	2.9912	0.7495	3.0798	0.3809	3.1351	2.98		0.733	0.4369	0.2701	1.5721	1.4879	1.5457	1.5984	0.3411	1.6245	0.2043	1.6112	1.4971		
		2.5141	2.1156	2.2124	1.7674	2.1314	2.864	2.1393	0.6613	1.3781	2.7504	2.3018	2.4683		1.2157	0.6676	0.757	0.9641	1.2415	1.1276	0.8169	0.2631	0.5597	0.8533	0.7001	0.9202		
		1.7125	2.253	2.0878	2.2492	0.1316	0.4686	0.9621	2.6127	2.0749	3.1176	2.4415	2.6267		0.7333	1.208	1.1225	0.6456	0.1092	0.2724	0.4542	1.1401	0.8266	1.5133	0.8697	1.0437		
		0.7364	2.7364	0.6291	1.6671	0.5711	2.5869	0.4481	0.4274	1.7469	0.3361	0.3524	0.353		0.303	1.2374	0.3111	0.5662	0.3512	0.9429	0.2405	0.1695	0.7744	0.2029	0.1911	0.1953		
		
~End
Copyright © 2003 Molecular Devices. All rights reserved.
