##BLOCKS= 1          
Plate:	Plate#1	1.3	PlateFormat	Endpoint	Absorbance	Raw	FALSE	1						2	490 750	1	12	96	1	8	None	
	Temperature(¡C)	1	2	3	4	5	6	7	8	9	10	11	12		1	2	3	4	5	6	7	8	9	10	11	12		
	27.60	0.5495	1.9764	0.411	3.1972	0.2804	2.6769	2.1599	1.6887	1.8036	2.76	2.5702	2.4827		0.2444	0.9212	0.2112	1.651	0.1486	1.6179	0.8387	0.8905	0.701	1.5198	0.7998	0.9011		
		0.3709	0.3602	3.445	2.9376	2.7977	2.4304	2.8503	2.0149	2.6301	2.3009	2.5774	3.4898		0.2926	0.2067	1.4619	1.1562	0.9031	1.1172	1.0875	0.8119	1.083	0.9038	1.342	1.5973		
		1.7512	0.1758	2.4181	3.144	2.5677	2.3544	2.7802	3.19	2.5838	2.7306	3.2899	3.3014		0.9687	0.142	0.718	1.3584	0.7406	0.8797	1.0518	1.5721	1.0977	1.4862	1.5092	1.4114		
		2.5723	2.9973	3.2418	3.3617	1.732	3.0616	0.7186	3.1295	2.1161	1.4008	2.9192	3.1608		1.3632	1.1229	1.6563	1.5378	0.9153	1.4184	0.3176	1.2261	1.0759	0.6053	1.3385	1.617		
		1.8519	1.0754	0.5349	2.5113	2.4899	2.816	2.9128	0.7522	2.9398	0.4493	2.0176	2.918		0.6835	0.4878	0.2974	1.1449	1.0619	1.3593	1.4902	0.3581	1.4854	0.2305	1.123	1.5805		
		2.6624	1.6923	2.5295	1.8433	2.1073	2.7162	2.3759	0.6843	1.2813	2.9674	2.192	2.6017		1.3128	0.5566	0.889	1.0016	1.1848	1.0257	0.8878	0.2702	0.5259	1.0259	0.6542	0.9862		
		1.8105	1.9652	2.0759	2.5148	2.3202	0.4255	0.8168	2.6375	1.9836	1.9365	2.2813	1.6797		0.7277	0.9247	1.1714	0.6775	1.0845	0.2679	0.4056	1.1852	0.7824	0.8132	0.8786	0.7326		
		0.6119	1.9492	0.7301	1.5159	0.4009	1.9965	0.3483	0.3877	2.0037	0.3259	0.346	0.5022		0.2714	0.8512	0.3574	0.5347	0.2655	0.7812	0.1917	0.1695	0.8682	0.1967	0.2007	0.2857		
		
~End
Copyright © 2003 Molecular Devices. All rights reserved.
