##BLOCKS= 1          
Plate:	Plate#1	1.3	PlateFormat	Endpoint	Absorbance	Raw	FALSE	1						2	490 750	1	12	96	1	8	None	
	Temperature(¡C)	1	2	3	4	5	6	7	8	9	10	11	12		1	2	3	4	5	6	7	8	9	10	11	12		
	28.30	0.295	1.6508	2.0607	2.9677	0.2436	0.6067	1.7367	0.596	1.8163	0.3304	3.0977	2.4612		0.1779	0.9931	1.1222	1.3985	0.1609	0.3449	0.8825	0.3767	0.8924	0.2514	0.9568	1.3246		
		0.5418	1.0896	1.9979	0.4682	2.425	0.4428	1.8871	1.3032	2.3776	0.903	1.4494	1.8614		0.4082	0.7726	1.0733	0.2307	1.2001	0.256	1.0239	0.7692	1.0664	0.5265	0.9098	0.9569		
		1.6307	0.179	0.7097	2.4989	1.0667	1.9078	1.6541	2.7777	2.1787	2.3718	2.2166	2.365		0.8322	0.1236	0.3537	1.605	0.5257	0.9752	0.7363	1.2584	1.3051	1.3199	1.1683	1.2584		
		2.4715	2.518	2.7782	2.656	0.4827	2.024	1.8829	2.512	2.463	0.7884	2.5737	1.7789		1.5023	1.319	1.3316	1.269	0.2741	1.1365	1.1032	1.2552	1.2841	0.443	1.2559	0.8595		
		0.887	1.1945	0.2345	0.4778	1.3589	2.0487	2.2161	1.0518	2.5592	2.1614	0.3979	2.0516		0.2916	0.4833	0.1458	0.2776	0.8939	1.1838	1.1005	0.5394	1.2802	1.1279	0.2428	1.0285		
		1.6771	1.0411	1.3487	2.0461	2.0338	2.5703	1.4392	0.5239	0.8068	1.6728	1.6867	1.8416		1.0189	0.4468	0.4607	0.8494	0.6767	0.8839	0.5962	0.3035	0.406	0.6875	0.609	0.6546		
		1.2593	1.6371	0.6577	0.9895	1.3371	1.6595	0.6512	1.7999	1.2143	1.5426	1.5605	1.0583		0.528	1.002	0.3987	0.3629	0.6198	0.8067	0.3879	1.0645	0.7717	0.7897	0.906	0.6188		
		0.6336	1.0971	1.6381	2.3942	1.1718	1.2551	0.3693	0.38	0.2918	0.2527	0.2286	0.3127		0.3961	0.722	0.7738	1.3976	0.6371	0.7091	0.2004	0.2303	0.1797	0.1599	0.1526	0.1983		
		
~End
Copyright © 2003 Molecular Devices. All rights reserved.
