##BLOCKS= 1          
Plate:	Plate#1	1.3	PlateFormat	Endpoint	Absorbance	Raw	FALSE	1						2	490 750	1	12	96	1	8	None	
	Temperature(¡C)	1	2	3	4	5	6	7	8	9	10	11	12		1	2	3	4	5	6	7	8	9	10	11	12		
	28.30	0.381	1.6218	2.0785	2.9621	0.2762	0.523	1.1715	0.4772	1.6408	0.3205	3.0377	2.6347		0.2417	1.0299	1.1156	1.3978	0.1811	0.3055	0.5596	0.3001	0.7818	0.2348	0.9074	1.3706		
		0.6297	1.2708	1.9021	0.3003	2.1351	0.3319	1.9162	1.153	2.612	0.9755	0.9204	1.9028		0.4987	0.9379	1.062	0.1724	1.0491	0.1974	1.0968	0.6497	1.2648	0.5662	0.5657	0.9728		
		1.7166	0.171	0.8163	2.5328	1.4066	1.9454	1.5123	2.725	1.8851	2.0539	2.1935	2.2818		0.8775	0.1171	0.4105	1.6022	0.7071	0.9924	0.6932	1.241	1.1951	1.0662	1.2795	1.1994		
		2.2637	2.5071	2.4629	2.6924	0.5095	2.3479	1.8339	2.1139	1.7431	0.9939	2.4137	1.8133		1.3422	1.3642	1.1802	1.2702	0.2783	1.2962	1.0695	1.0027	0.9168	0.5163	1.1368	0.8711		
		0.9277	1.3663	0.3059	0.5822	1.114	1.8676	2.415	0.8932	2.6603	2.4395	0.3589	2.42		0.3159	0.6078	0.1833	0.3422	0.6881	1.0542	1.2473	0.4664	1.3664	1.3174	0.2148	1.1574		
		1.9931	1.0306	1.5764	1.8954	1.6094	2.3811	1.4333	0.457	0.7794	1.1285	1.2128	1.8094		1.3097	0.4621	0.5378	0.737	0.5649	0.9316	0.6207	0.2917	0.3919	0.4677	0.4331	0.6242		
		1.7665	1.7023	0.7427	1.3106	1.7665	1.2075	0.605	1.5773	1.1928	0.8901	1.8185	1.09		0.6145	1.0495	0.4501	0.4679	0.8207	0.8071	0.3569	0.9636	0.7439	0.4662	1.0555	0.6563		
		0.78	1.4368	1.0527	1.3788	0.9044	1.3917	0.3095	0.3386	0.2705	0.2425	0.2493	0.4047		0.4266	0.8376	0.5108	0.8216	0.4966	0.8158	0.1801	0.1912	0.1639	0.1649	0.1607	0.2385		
		
~End
Copyright © 2003 Molecular Devices. All rights reserved.
