##BLOCKS= 1          
Plate:	Plate#1	1.3	PlateFormat	Endpoint	Absorbance	Raw	FALSE	1						2	490 750	1	12	96	1	8	None	
	Temperature(¡C)	1	2	3	4	5	6	7	8	9	10	11	12		1	2	3	4	5	6	7	8	9	10	11	12		
	28.90	0.3049	1.6823	0.3595	2.6969	0.4265	1.8566	1.3931	0.8986	2.0142	1.8989	1.9932	1.8038		0.1704	0.7115	0.2174	1.2752	0.2674	1.304	0.6418	0.5798	0.9548	1.3823	0.5937	1.139		
		0.5243	2.0369	2.0791	2.3326	2.0662	1.1894	1.9395	1.0099	2.0257	0.91	1.9175	1.7749		0.3967	1.4985	1.1922	1.4215	1.3215	0.702	1.1709	0.659	1.2251	0.5596	0.9786	1.0905		
		0.4932	0.8715	1.5327	2.423	1.6449	2.1857	2.2678	2.189	1.9369	2.0881	1.8021	1.9612		0.2784	0.4855	0.8939	1.3453	0.9361	1.094	0.9662	1.3242	1.3134	1.3437	1.2208	1.1056		
		2.1844	2.1672	1.8812	2.4117	1.2292	2.0873	1.2137	2.1781	1.6853	0.6132	1.9096	2.3873		1.2566	1.2778	1.1135	1.3826	0.7927	1.2701	0.7664	1.327	1.0562	0.396	0.988	1		
		0.9384	1.8912	2.2829	2.5502	2.4825	2.1725	2.1717	0.5603	2.509	2.5352	0.456	1.853		0.4062	0.6743	1.3427	1.3992	1.4186	1.3494	1.205	0.3729	1.4925	1.4885	0.2914	0.9271		
		0.4416	1.3563	2.1439	2.036	2.0893	3.1157	2.0969	0.5974	0.8682	1.8612	1.8154	1.6904		0.2679	0.518	0.7616	0.8546	0.8833	0.9835	0.8601	0.4543	0.4964	0.7234	0.6075	0.6295		
		1.4874	2.0193	0.8501	1.8913	1.7785	1.9608	0.5482	0.897	0.7162	0.7698	0.8823	0.8842		0.547	1.1577	0.5144	0.6246	0.8301	0.9829	0.3534	0.5087	0.4426	0.464	0.464	0.4317		
		0.3774	0.5246	1.242	0.5208	0.4165	0.7761	0.4684	0.4642	0.3822	0.2809	0.32	0.3096		0.1694	0.2645	0.5892	0.234	0.2855	0.3157	0.2173	0.2754	0.1945	0.1606	0.1609	0.1596		
		
~End
Copyright © 2003 Molecular Devices. All rights reserved.
