##BLOCKS= 1          
Plate:	Plate#1	1.3	PlateFormat	Endpoint	Absorbance	Raw	FALSE	1						2	490 750	1	12	96	1	8	None	
	Temperature(¡C)	1	2	3	4	5	6	7	8	9	10	11	12		1	2	3	4	5	6	7	8	9	10	11	12		
	28.90	0.3343	1.6765	0.3291	2.4566	0.319	1.6067	1.4507	0.8806	1.9396	1.8462	2.1041	1.9241		0.1737	0.7046	0.1776	1.0468	0.1833	1.0791	0.6657	0.5496	0.8806	1.3108	0.5637	1.237		
		0.7148	2.0071	2.0897	2.1881	1.9193	0.9303	1.7849	0.985	1.9941	0.6841	1.9226	1.7715		0.5639	1.4892	1.1715	1.3129	1.1811	0.4866	1.0479	0.6013	1.1445	0.3852	0.943	1.0905		
		0.4587	0.6342	1.5164	2.3422	1.5997	2.2926	2.1559	2.0601	1.7581	2.19	2.0519	2.0755		0.2347	0.3135	0.8875	1.2404	0.7861	1.0499	0.7981	1.2154	1.1383	1.3539	1.3072	1.1885		
		2.2259	2.0369	1.7898	2.3016	1.0543	2.0423	1.0663	1.9845	1.4381	0.5649	2.0133	2.2261		1.279	1.159	1.01	1.2059	0.6342	1.1811	0.6041	1.1544	0.8229	0.3063	1.023	0.9223		
		0.7863	1.8937	2.1655	2.6168	2.5218	2.0468	2.2113	0.3733	2.6304	2.5035	0.357	1.9205		0.357	0.5762	1.2278	1.3707	1.3544	1.1714	1.1843	0.201	1.4475	1.4087	0.179	0.9614		
		0.4045	1.2736	1.8887	2.2119	1.8641	3.2976	1.7198	0.4452	0.5685	2.284	1.8975	2.2118		0.2586	0.4098	0.545	0.8734	0.6772	0.9034	0.5571	0.2998	0.2836	0.7586	0.5724	0.7481		
		1.4758	1.875	0.8593	1.7992	1.7666	1.7443	0.4502	0.8455	0.5967	0.652	0.8349	0.7303		0.4944	1.0767	0.4989	0.4936	0.7602	0.8004	0.2447	0.4159	0.3312	0.3207	0.4002	0.328		
		0.5266	0.5908	1.1187	0.5402	0.3805	0.8052	0.4474	0.4068	0.3517	0.2693	0.3096	0.3427		0.2632	0.2761	0.5266	0.234	0.2629	0.3315	0.2045	0.2184	0.1707	0.1543	0.162	0.173		
		
~End
Copyright © 2003 Molecular Devices. All rights reserved.
