##BLOCKS= 1          
Plate:	Plate#1	1.3	PlateFormat	Endpoint	Absorbance	Raw	FALSE	1						2	490 750	1	12	96	1	8	None	
	Temperature(¡C)	1	2	3	4	5	6	7	8	9	10	11	12		1	2	3	4	5	6	7	8	9	10	11	12		
	28.80	0.3596	1.7257	0.3544	2.5978	0.3555	1.7569	1.4266	0.9132	1.8346	1.901	1.6936	1.9652		0.197	0.7029	0.1888	1.1686	0.2007	1.2326	0.6192	0.5701	0.8376	1.3698	0.4866	1.2483		
		0.7774	2.015	2.1683	2.2175	1.9327	0.9984	1.9188	0.9796	2.1227	0.7075	1.8665	1.9648		0.6185	1.4871	1.1989	1.4132	1.1961	0.5348	1.1473	0.6101	1.2724	0.3999	0.9358	1.2572		
		0.4832	0.8985	1.5569	2.4546	1.6809	2.162	1.8938	2.1837	1.7144	2.009	1.8499	2.1839		0.2795	0.4449	0.8851	1.2851	0.8148	0.9883	0.6872	1.2802	1.1231	1.2644	1.2215	1.2456		
		2.3101	2.1738	1.9106	2.4446	1.1038	2.0222	1.1221	1.8957	1.8897	0.524	2.1009	2.296		1.2682	1.2887	1.0804	1.3002	0.6666	1.1662	0.6461	1.1217	1.1421	0.2846	1.0591	1.001		
		0.9468	1.7347	2.153	2.7618	2.3438	2.1911	2.2154	0.3706	2.6019	2.5716	0.3293	2.1202		0.4074	0.5189	1.2116	1.4162	1.2751	1.292	1.1714	0.1952	1.4335	1.4639	0.1725	1.0737		
		0.4589	1.2882	2.0178	2.156	2.0285	3.302	1.7009	0.4775	0.6258	1.8297	1.7086	1.7833		0.2516	0.4358	0.6175	0.8659	0.7669	0.9275	0.5785	0.3254	0.3013	0.6493	0.5205	0.6403		
		1.7681	1.9754	0.806	1.6803	1.63	1.8556	0.488	0.8478	0.644	0.5313	0.8747	0.7688		0.6736	1.154	0.475	0.4823	0.7406	0.7663	0.2618	0.4292	0.3481	0.2817	0.3966	0.3527		
		0.3972	0.7141	1.0232	0.5223	0.3514	0.8224	0.4926	0.4525	0.3416	0.2868	0.2951	0.3323		0.1968	0.417	0.4783	0.2202	0.2442	0.3296	0.2359	0.2144	0.1686	0.159	0.1519	0.1853		
		
~End
Copyright © 2003 Molecular Devices. All rights reserved.
