##BLOCKS= 1          
Plate:	Plate#1	1.3	PlateFormat	Endpoint	Absorbance	Raw	FALSE	1						2	490 750	1	12	96	1	8	None	
	Temperature(¡C)	1	2	3	4	5	6	7	8	9	10	11	12		1	2	3	4	5	6	7	8	9	10	11	12		
	28.50	0.3874	1.6301	0.3588	2.4182	0.1818	1.7556	1.1824	0.476	1.5763	1.5701	2.0341	1.3763		0.2239	0.9312	0.2544	1.393	0.1463	1.3013	0.8192	0.3787	1.2159	1.1977	1.432	1.029		
		0.6037	0.3117	1.6322	2.3962	1.5796	1.9336	2.4028	1.1615	1.4973	0.4406	2.1357	1.3069		0.4742	0.2611	1.1735	1.5779	1.1803	1.26	1.2992	0.855	1.1146	0.3328	1.5126	0.9164		
		0.7058	0.1837	2.1074	2.3798	1.5471	1.7663	1.6446	2.362	2.0732	2.0041	2.2901	1.7982		0.4221	0.1373	0.8893	1.5212	1	1.1664	0.6822	1.6343	1.4263	1.3913	1.6039	1.3024		
		2.4233	1.4096	1.7716	1.8251	0.3914	0.5551	2.1088	1.5455	2.1414	0.3423	2.2019	2.0758		1.6608	1.0397	1.209	1.2131	0.2834	0.437	1.441	1.0832	1.3916	0.2401	1.4635	1.3109		
		1.9338	0.9748	0.2335	2.4961	1.0043	1.9126	1.9873	0.2302	2.4544	2.1897	0.3051	1.5815		1.2857	0.6579	0.1694	1.6242	0.7836	1.2654	1.3527	0.1739	1.6306	1.422	0.2032	1.1275		
		0.5086	0.7923	0.9441	1.5505	1.6376	1.989	0.6243	0.6703	0.4465	0.838	0.9439	2.1938		0.3568	0.5559	0.6688	1.0461	1.0749	1.1288	0.2837	0.5137	0.3145	0.5645	0.6071	0.816		
		1.1186	1.3597	0.5376	1.5625	1.6456	1.2324	2.0075	1.8746	1.6938	0.5622	0.6389	1.6182		0.7575	0.9322	0.4039	1.0091	0.9052	0.7255	1.3371	1.0569	0.7382	0.3617	0.3771	0.7515		
		1.0756	0.453	2.3905	0.7335	0.69	2.4988	0.3687	0.3548	1.4639	0.5712	0.3722	0.2956		0.641	0.2944	1.2936	0.5031	0.5429	1.1166	0.1959	0.2779	0.933	0.5017	0.2586	0.1989		
		
~End
Copyright © 2003 Molecular Devices. All rights reserved.
