##BLOCKS= 1          
Plate:	Plate#1	1.3	PlateFormat	Endpoint	Absorbance	Raw	FALSE	1						2	490 750	1	12	96	1	8	None	
	Temperature(¡C)	1	2	3	4	5	6	7	8	9	10	11	12		1	2	3	4	5	6	7	8	9	10	11	12		
	28.50	0.4379	1.5877	0.3704	2.5483	0.2207	1.6464	2.0685	0.3859	1.8676	1.6902	2.1022	1.7452		0.3097	0.8929	0.2751	1.4966	0.1865	1.1894	1.4993	0.2971	1.445	1.3407	1.5142	1.2902		
		0.5592	0.229	1.4039	1.8441	1.4191	1.6735	2.2012	1.4228	2.0304	0.5579	1.7594	1.6303		0.4146	0.1707	0.9899	1.1088	1.0338	1.0848	1.4734	1.0613	1.5304	0.4165	1.2631	1.1954		
		0.5881	0.1723	1.8483	2.1347	1.4048	1.7334	2.0214	2.5402	2.426	2.2069	1.7369	1.9745		0.4299	0.1319	0.8888	1.3532	0.9182	1.1527	0.8206	1.7504	1.6182	1.363	1.2053	1.297		
		1.8126	1.6163	1.5269	1.6236	0.4869	0.3742	2.1571	2.3376	1.7103	0.2609	1.7362	1.6628		1.363	1.2449	1.034	1.106	0.3536	0.2755	1.4733	1.1997	1.2198	0.1893	1.1663	1.0509		
		1.9182	0.6131	0.2063	1.7418	0.7712	2.6719	2.1516	0.3271	2.3006	1.9809	0.4012	1.5704		1.2845	0.4439	0.1603	1.1568	0.5896	1.6218	1.4527	0.2484	1.5981	1.293	0.2767	1.1404		
		0.6988	1.2527	1.3644	1.3939	0.3837	1.8664	0.6575	0.4971	0.4122	0.8312	1.19	2.4616		0.4664	0.9249	1.0919	0.9865	0.2823	1.1931	0.31	0.3753	0.2974	0.5653	0.8181	1.0667		
		0.7624	2.3112	0.5767	1.0285	0.7416	1.8718	1.4741	1.8791	1.1615	0.3432	0.6246	1.7311		0.5279	1.6045	0.4364	0.6273	0.3854	1.0934	0.941	0.9458	0.5296	0.2211	0.358	0.8154		
		2.4668	0.4415	2.5217	0.5684	0.5725	1.3918	0.3341	0.2061	0.9948	1.3066	0.2183	0.2741		1.12	0.3251	1.2715	0.3892	0.4318	0.7107	0.1942	0.134	0.583	1.2539	0.1552	0.1778		
		
~End
Copyright © 2003 Molecular Devices. All rights reserved.
