##BLOCKS= 1          
Plate:	Plate#1	1.3	PlateFormat	Endpoint	Absorbance	Raw	FALSE	1						2	490 750	1	12	96	1	8	None	
	Temperature(¡C)	1	2	3	4	5	6	7	8	9	10	11	12		1	2	3	4	5	6	7	8	9	10	11	12		
	28.70	0.4959	1.2119	0.2794	3.1306	0.4576	2.5737	0.6312	1.3905	1.8953	1.9826	1.5446	1.7415		0.2869	0.8034	0.1895	2.1477	0.2918	1.7709	0.3652	1.0194	1.2352	1.4526	0.5554	1.2795		
		0.7097	1.7088	1.5782	1.706	1.5822	1.382	1.2871	1.153	1.5581	1.2161	1.436	1.6286		0.4786	1.3702	1.1654	1.1307	1.137	1.0286	0.9364	0.8007	1.1214	0.7683	1.028	1.1975		
		2.6704	0.1737	1.4072	2.5416	1.0339	1.5707	1.6152	2.0261	1.8034	2.0617	1.6197	1.6096		1.6681	0.1421	0.9686	1.7356	0.7412	1.1677	0.9161	1.4922	1.4439	1.5165	1.2554	1.1662		
		3.1752	1.8768	1.9643	1.9618	3.0073	2.0592	2.9853	1.6045	1.7673	0.6393	1.4887	2.5889		2.1117	1.3539	1.4587	1.4856	2.5354	1.5754	2.1586	1.1461	1.3304	0.3934	1.0781	1.8447		
		0.5471	0.9846	0.4305	2.4982	0.922	1.9631	1.5535	0.3478	2.0882	1.5636	0.4682	2.1724		0.3056	0.4068	0.2792	1.6855	0.6481	1.3548	1.0554	0.2399	1.515	1.1481	0.2994	1.3916		
		1.002	0.9726	2.3099	1.8124	1.679	1.7573	1.7408	0.2853	0.9084	1.5752	1.9808	2.0225		0.711	0.6595	1.0336	1.1054	1.064	1.1677	0.8826	0.2056	0.5965	0.8487	0.9242	0.9699		
		1.9305	2.6052	0.7347	1.9133	1.3648	0.2858	0.8423	2.3575	0.4633	1.3149	1.1955	2.566		0.934	1.613	0.5047	0.9011	0.7899	0.2022	0.572	1.3982	0.2927	0.7679	0.6291	1.3956		
		0.4011	1.746	2.4781	0.4697	0.6195	0.6455	0.2952	0.3702	0.3498	0.3313	0.3489	0.4889		0.3028	1.0773	1.4911	0.3297	0.4356	0.4415	0.1995	0.2353	0.2092	0.2174	0.2162	0.2819		
		
~End
Copyright © 2003 Molecular Devices. All rights reserved.
