##BLOCKS= 1          
Plate:	Plate#1	1.3	PlateFormat	Endpoint	Absorbance	Raw	FALSE	1						2	490 750	1	12	96	1	8	None	
	Temperature(¡C)	1	2	3	4	5	6	7	8	9	10	11	12		1	2	3	4	5	6	7	8	9	10	11	12		
	28.20	0.5114	1.246	0.4437	3.3896	0.4927	2.0195	0.3301	1.0309	3.4576	0.698	3.0953	2.6239		0.3334	0.7945	0.3002	2.9366	0.3166	1.4678	0.206	0.7112	2.5785	0.5345	0.9014	1.7562		
		0.7132	2.7164	2.4054	1.5591	2.5454	1.7492	3.5289	1.5087	2.3847	1.5117	1.2249	2.4556		0.5006	1.6909	1.5409	1.0135	1.6836	1.2011	2.271	1.044	1.6187	0.9305	0.8045	1.5853		
		0.9961	0.1688	1.5757	0.9894	2.1132	1.9668	1.697	1.1769	0.7272	3.0199	2.1606	2.9545		0.6612	0.1397	0.9676	0.6842	1.2536	1.2993	1.0687	0.7327	0.4568	2.2518	1.493	1.9895		
		3.1152	2.0864	2.3304	3.0493	0.9098	3.4577	1.1245	2.8482	2.4519	0.6884	2.7352	3.3958		2.3625	1.356	1.5603	2.139	0.5929	2.6638	0.6991	1.9221	1.6626	0.4647	1.8828	2.4932		
		0.9573	1.4441	0.342	3.5847	0.7686	2.9038	2.5612	0.5008	2.4043	2.4144	0.6127	2.6099		0.6298	0.8305	0.2329	2.721	0.6087	1.9741	1.671	0.338	1.6256	1.6353	0.3904	1.6501		
		1.6716	0.8584	1.6566	2.016	1.4168	1.078	1.1005	0.4131	1.0535	2.0299	1.3091	1.2919		1.11	0.613	1.0715	1.2443	0.9203	0.6498	0.6356	0.2849	0.6748	0.986	0.8624	0.7487		
		0.2625	2.5626	0.9048	2.2231	1.4019	1.3439	1.1599	2.5395	0.5752	0.9998	0.9037	1.7014		0.1906	1.9469	0.6276	1.4036	0.9746	0.8668	0.708	1.8507	0.3898	0.6877	0.575	1.0666		
		0.5384	1.6565	0.7409	1.9471	0.9295	0.7308	0.3161	0.3391	1.715	0.2671	0.383	0.3206		0.3243	1.1076	0.4973	1.2736	0.6056	0.4891	0.2244	0.1976	0.7917	0.1944	0.2717	0.2223		
		
~End
Copyright © 2003 Molecular Devices. All rights reserved.
