##BLOCKS= 1          
Plate:	Plate#1	1.3	PlateFormat	Endpoint	Absorbance	Raw	FALSE	1						2	490 750	1	12	96	1	8	None	
	Temperature(¡C)	1	2	3	4	5	6	7	8	9	10	11	12		1	2	3	4	5	6	7	8	9	10	11	12		
	28.10	0.2669	1.5415	0.1934	2.6259	0.2665	0.4204	0.3067	0.9205	2.5623	0.758	2.691	1.718		0.1961	0.8704	0.142	1.3328	0.2016	0.3072	0.2144	0.682	1.6562	0.5158	0.6863	1.2056		
		0.5286	0.2618	2.3988	0.6514	1.6686	1.584	2.1701	1.3095	1.9781	1.1676	3.1163	1.6791		0.4118	0.182	1.546	0.3746	1.1272	1.1536	1.4903	0.8484	1.3882	0.8052	1.9491	1.191		
		0.3931	0.1743	1.093	0.539	1.3054	1.4281	1.2581	1.8295	1.3269	2.1412	2.4443	2.1136		0.2601	0.1254	0.7316	0.3584	0.8962	1.0298	0.8584	1.2474	0.954	1.352	1.5603	1.3857		
		0.5751	1.4645	2.6449	2.4818	0.352	2.0008	0.5968	1.7114	2.6278	0.4091	2.2145	2.3414		0.4346	0.9691	1.8071	1.6364	0.2495	1.4467	0.3469	1.1777	1.6837	0.304	1.4924	1.4611		
		0.7496	1.8472	0.2519	0.602	0.2128	2.4012	2.8392	0.3734	2.8931	2.6682	0.5555	2.9325		0.4546	0.626	0.1821	0.4405	0.1598	1.654	1.8251	0.2554	1.6903	1.7303	0.3765	1.7632		
		2.207	0.7141	1.8423	0.3169	1.2955	0.6435	0.9877	0.3374	0.3589	1.8393	1.3093	2.0667		1.5464	0.4519	0.8957	0.2314	0.8127	0.3815	0.5959	0.2275	0.2541	0.8569	0.6993	0.8208		
		1.2808	0.3989	2.4222	1.1221	1.947	2.646	0.3357	0.6273	0.3267	1.2728	0.9327	1.6328		0.705	0.2925	1.2195	0.5653	1.1464	1.6806	0.223	0.434	0.2223	0.7209	0.6568	1.0939		
		0.3274	0.4117	0.4149	0.3122	1.6757	0.297	0.2619	0.2227	0.2502	0.2081	0.2065	0.2348		0.2434	0.3109	0.2306	0.2257	1.1369	0.2043	0.1707	0.1566	0.1756	0.1482	0.1485	0.1608		
		
~End
Copyright © 2003 Molecular Devices. All rights reserved.
