##BLOCKS= 1          
Plate:	Plate#1	1.3	PlateFormat	Endpoint	Absorbance	Raw	FALSE	1						2	490 750	1	12	96	1	8	None	
	Temperature(¡C)	1	2	3	4	5	6	7	8	9	10	11	12		1	2	3	4	5	6	7	8	9	10	11	12		
	24.90	0.1495	0.5373	0.2092	1.7445	0.203	0.2369	0.3064	0.2243	2.1462	0.2783	0.4006	1.1798		0.1243	0.3971	0.1702	1.1876	0.1678	0.1933	0.2188	0.1738	1.6327	0.2067	0.2142	0.9123		
		0.7473	0.4075	2.471	0.2137	0.694	0.1859	1.3801	1.0952	1.2216	0.3231	0.1928	1.2449		0.5704	0.2913	1.6378	0.1724	0.5163	0.1478	1.0744	0.7884	0.9763	0.2504	0.1292	0.9613		
		0.6288	0.1916	0.2967	0.1819	1.6277	1.0802	1.8491	0.3163	0.2486	2.0096	2.9884	1.9641		0.4401	0.1575	0.2285	0.1406	1.2028	0.8221	1.2879	0.2582	0.1927	1.5399	2.2492	1.4485		
		0.2302	1.5603	1.218	1.4893	0.3001	0.2861	0.4026	1.3109	1.6272	0.1934	3.2481	1.3032		0.1613	1.1924	0.9419	1.19	0.2455	0.2361	0.3008	1.0532	1.2356	0.1562	2.4173	1.0287		
		0.2894	0.856	0.3084	0.3813	0.8576	0.3478	1.6133	0.1979	1.3453	0.3173	0.2969	1.6171		0.1967	0.5144	0.2498	0.2735	0.6658	0.2744	1.2336	0.1646	1.0731	0.2483	0.2445	1.2015		
		0.7751	0.2259	1.006	1.7722	0.3924	0.4138	0.2839	0.3311	0.2603	0.1954	0.32	1.3585		0.642	0.18	0.6501	1.1404	0.3238	0.3238	0.2022	0.259	0.2151	0.1597	0.238	1.0043		
		0.2586	0.332	0.8638	0.7364	0.1931	0.5996	0.3022	0.2151	0.2093	0.2157	0.2543	0.4775		0.2121	0.2861	0.5993	0.5522	0.1657	0.4658	0.2517	0.1765	0.1716	0.1742	0.2024	0.4024		
		0.2655	0.2807	0.271	0.3065	0.3946	0.1555	0.1684	0.2096	0.1892	0.1923	0.1914	0.1489		0.1937	0.1969	0.2067	0.2387	0.3147	0.1258	0.1343	0.1647	0.1527	0.1531	0.1585	0.1158		
		
~End
Copyright © 2003 Molecular Devices. All rights reserved.
