##BLOCKS= 1          
Plate:	Plate#1	1.3	PlateFormat	Endpoint	Absorbance	Raw	FALSE	1						2	490 750	1	12	96	1	8	None	
	Temperature(¡C)	1	2	3	4	5	6	7	8	9	10	11	12		1	2	3	4	5	6	7	8	9	10	11	12		
	24.80	0.5894	0.3719	0.1944	1.5929	0.1725	0.1912	0.2894	0.1855	1.7348	0.2191	0.3826	1.5318		0.482	0.2665	0.1615	1.0869	0.1415	0.1541	0.2191	0.1413	1.3103	0.1787	0.2291	1.1665		
		0.5336	0.3278	2.532	0.1599	0.8171	0.1587	1.768	1.2083	1.5999	0.2437	0.2103	1.0331		0.4601	0.2254	1.6475	0.127	0.6191	0.1209	1.3847	0.836	1.2665	0.1924	0.1417	0.7936		
		0.6316	0.1374	0.3086	0.1677	1.661	1.1449	1.861	0.2676	0.2347	1.4845	2.8079	2.1728		0.3376	0.1095	0.2351	0.1331	1.2131	0.8751	1.2565	0.2089	0.1844	1.1096	2.0477	1.599		
		0.2308	1.1559	1.1309	1.3859	0.221	0.2264	0.3841	1.1394	1.2275	0.1492	2.1951	1.253		0.2115	0.9219	0.8842	1.1062	0.1748	0.1818	0.2686	0.8969	0.9047	0.1156	1.669	0.9922		
		0.3424	0.9956	0.2306	0.2469	0.7596	0.257	1.563	0.1405	1.7908	0.2627	0.2552	2.1519		0.2055	0.5952	0.1781	0.174	0.5988	0.1928	1.1946	0.1144	1.3981	0.2089	0.1914	1.4912		
		0.4464	0.1735	1.0123	1.7047	0.2912	0.3554	0.2289	0.2934	0.2067	0.1582	0.2641	1.2675		0.3596	0.1415	0.6367	1.0585	0.2353	0.2577	0.1571	0.2161	0.1659	0.1285	0.2029	0.9177		
		0.2193	0.3087	0.6631	0.3781	0.1397	0.5425	0.2457	0.2433	0.1609	0.1744	0.1747	0.5612		0.1746	0.2688	0.4493	0.2633	0.1164	0.4242	0.2054	0.1917	0.1285	0.1438	0.1381	0.4797		
		0.187	0.2644	0.2241	0.2721	0.4259	0.1446	0.1797	0.1606	0.2502	0.2014	0.3185	0.1697		0.1563	0.199	0.1772	0.2139	0.3401	0.1178	0.1421	0.1262	0.2031	0.1667	0.2678	0.1361		
		
~End
Copyright © 2003 Molecular Devices. All rights reserved.
