##BLOCKS= 1          
Plate:	Plate#1	1.3	PlateFormat	Endpoint	Absorbance	Raw	FALSE	1						2	490 750	1	12	96	1	8	None	
	Temperature(¡C)	1	2	3	4	5	6	7	8	9	10	11	12		1	2	3	4	5	6	7	8	9	10	11	12		
	26.90	0.42	1.5729	0.6044	2.2229	0.4066	1.8957	1.4477	0.3959	1.6448	0.8847	2.8409	2.4645		0.199	0.7291	0.3433	1.449	0.2683	1.3686	0.7096	0.2909	1.0897	0.6141	1.596	1.388		
		0.5743	0.4734	1.4211	1.9768	1.6077	0.8965	1.5271	0.8414	2.0296	0.6524	1.4639	2.3426		0.4648	0.3777	1.0261	1.2975	0.9397	0.609	1.0226	0.6562	1.2849	0.4402	1.049	1.3775		
		0.7426	0.3031	1.4754	1.9363	1.2586	1.7066	1.3596	2.031	0.5815	1.6426	1.7035	1.8502		0.5056	0.261	0.9079	1.3881	0.7701	1.086	0.7708	1.4744	0.3853	1.1595	1.136	1.1539		
		1.7163	2.0992	2.0127	1.89	0.7263	2.2261	0.6671	1.9521	1.6162	0.7881	1.787	1.8062		1.2439	1.2481	1.2042	1.1399	0.4625	1.5243	0.4398	1.1556	0.9896	0.4626	1.0819	1.1286		
		0.6489	1.0956	0.8118	1.9895	1.3318	1.6419	2.1357	0.6041	1.9099	1.6539	1.0814	1.7932		0.4127	0.4719	0.4857	1.332	0.9594	1.0844	1.3434	0.4073	1.1719	1.0294	0.6339	1.0317		
		1.6162	0.8346	1.6177	1.3008	1.2997	0.9045	0.7963	0.5836	0.5952	1.7473	0.8723	1.3582		1.0395	0.633	0.9206	0.9798	0.945	0.6378	0.4436	0.474	0.4055	0.9609	0.4849	0.6481		
		0.5563	1.0373	0.4675	1.0378	0.9351	1.0163	1.5488	1.0021	0.5702	1.3594	2.1065	1.639		0.4303	0.8204	0.375	0.6256	0.6706	0.7731	1.0423	0.5779	0.3373	0.7185	1.064	0.8003		
		0.8073	1.4364	0.6047	0.8513	0.7158	0.4014	0.5223	0.5041	0.9103	0.4257	0.9771	0.4306		0.4798	0.75	0.2854	0.5549	0.5071	0.1924	0.2111	0.2905	0.5171	0.2076	0.4455	0.2236		
		
~End
Copyright © 2003 Molecular Devices. All rights reserved.
