##BLOCKS= 1          
Plate:	Plate#1	1.3	PlateFormat	Endpoint	Absorbance	Raw	FALSE	1						2	490 750	1	12	96	1	8	None	
	Temperature(¡C)	1	2	3	4	5	6	7	8	9	10	11	12		1	2	3	4	5	6	7	8	9	10	11	12		
	26.80	1.0454	1.505	0.4394	2.329	0.3447	1.9913	1.1642	0.2795	1.4409	1.1393	2.5688	1.9294		0.3687	0.8004	0.2236	1.4577	0.2095	1.4028	0.6005	0.1908	0.969	0.8346	1.1491	1.0621		
		0.6384	1.2803	1.737	1.487	1.2325	0.8534	0.9377	0.9102	1.5765	0.5234	1.3188	1.7744		0.5197	1.073	1.1411	0.8629	0.7047	0.6269	0.6076	0.6756	0.94	0.3339	0.882	0.91		
		1.0237	0.1728	1.033	1.8302	1.5366	1.5151	1.1288	1.8074	0.4499	1.5566	1.7346	2.0549		0.5225	0.1282	0.6258	1.3789	0.8567	0.9116	0.6214	1.2704	0.286	1.0285	1.1678	1.3218		
		1.2486	1.2668	1.2481	1.9878	0.4079	2.154	0.3539	1.5211	1.2822	0.5126	1.5203	1.1085		0.6591	0.6137	0.7985	1.2403	0.2435	1.4649	0.2159	0.8675	0.8066	0.2841	0.92	0.6281		
		0.6107	0.6313	0.4465	1.5371	0.85	1.2355	2.5024	0.5385	1.8655	1.9998	0.4506	1.4947		0.4087	0.24	0.2487	1.0445	0.5434	0.8093	1.3778	0.2802	1.0312	1.2565	0.231	0.929		
		1.9257	0.5715	1.2803	1.0527	1.0376	0.8545	0.6981	0.3498	0.4689	1.6321	0.7841	1.871		1.057	0.4409	0.6932	0.7818	0.7549	0.5342	0.3076	0.2678	0.2781	0.7855	0.346	0.9531		
		0.2306	0.9194	0.2814	0.9979	0.4768	1.2513	0.8334	1.4166	1.9557	1.3416	1.623	1.2998		0.1437	0.5444	0.218	0.5986	0.3213	0.9084	0.4603	0.7832	1.0883	0.6146	0.904	0.5688		
		0.4292	1.6124	0.5089	0.5309	0.9376	0.3444	0.3493	0.3553	2.3515	0.4154	0.3521	0.3707		0.22	0.7774	0.2575	0.3424	0.6562	0.1782	0.162	0.2229	1.171	0.2234	0.1666	0.1746		
		
~End
Copyright © 2003 Molecular Devices. All rights reserved.
