##BLOCKS= 1          
Plate:	Plate#1	1.3	PlateFormat	Endpoint	Absorbance	Raw	FALSE	1						2	490 750	1	12	96	1	8	None	
	Temperature(¡C)	1	2	3	4	5	6	7	8	9	10	11	12		1	2	3	4	5	6	7	8	9	10	11	12		
	28.10	0.1894	1.0378	0.5642	0.446	0.5685	0.8928	0.5719	0.3724	0.7732	0.3456	0.3906	0.7002		0.1132	0.3895	0.2553	0.1642	0.3126	0.5043	0.208	0.2038	0.5033	0.1629	0.1397	0.2541		
		0.584	0.5211	1.0604	0.3682	0.2382	0.2769	0.3589	0.7479	0.422	0.2375	0.2103	1.2732		0.4385	0.2597	0.7674	0.1494	0.1249	0.1364	0.1644	0.5386	0.1714	0.1333	0.1165	0.9125		
		0.2624	0.1444	0.335	0.6277	0.2333	0.3008	0.6408	0.3113	0.3725	0.2824	0.5156	0.4797		0.1826	0.1102	0.2058	0.2377	0.1245	0.1447	0.4329	0.1509	0.1723	0.1385	0.2038	0.1989		
		0.5598	0.7561	0.4659	0.554	0.274	0.3822	0.3928	0.4489	0.3837	0.3341	0.4799	0.433		0.1817	0.5571	0.2003	0.2237	0.1346	0.1678	0.1659	0.1734	0.1657	0.1515	0.2033	0.1764		
		0.2811	0.4708	0.3394	0.3896	0.3417	0.3047	0.4232	0.2184	1.13	0.3777	0.3273	1.1087		0.1396	0.1294	0.1705	0.1558	0.1476	0.1373	0.1707	0.1234	0.7711	0.1671	0.1406	0.8103		
		0.8329	0.7808	0.6077	1.0797	0.9916	1.1849	0.3515	0.2719	0.2477	0.2393	0.3882	0.2449		0.5262	0.4946	0.3336	0.7555	0.5368	0.5768	0.1685	0.1978	0.1242	0.139	0.1974	0.1298		
		0.4325	0.7709	0.8123	0.6623	0.1631	0.2976	0.2682	0.3609	0.2162	0.2259	0.5304	0.9715		0.3628	0.5172	0.529	0.3473	0.1145	0.1685	0.1491	0.1665	0.1261	0.1204	0.2317	0.6041		
		0.3443	0.3948	0.3983	1.5341	0.5053	0.4407	0.2845	0.4481	0.2154	0.2622	0.2375	0.4202		0.2201	0.2577	0.2391	0.6706	0.3889	0.2346	0.1694	0.2202	0.1181	0.1381	0.1393	0.2366		
		
~End
Copyright © 2003 Molecular Devices. All rights reserved.
