##BLOCKS= 1          
Plate:	Plate#1	1.3	PlateFormat	Endpoint	Absorbance	Raw	FALSE	1						2	490 750	1	12	96	1	8	None	
	Temperature(¡C)	1	2	3	4	5	6	7	8	9	10	11	12		1	2	3	4	5	6	7	8	9	10	11	12		
	28.10	0.6474	1.031	0.5192	0.321	0.5131	1.8809	0.358	0.4766	0.5968	0.2784	0.3233	1.3458		0.314	0.4534	0.2079	0.1387	0.2395	1.3159	0.143	0.2392	0.3588	0.1413	0.1225	0.989		
		0.5136	0.3784	1.3033	0.2037	0.3001	0.279	0.7969	0.6871	0.8318	0.2079	0.2081	0.8598		0.4295	0.195	0.9884	0.1152	0.1458	0.136	0.5935	0.5091	0.5662	0.1308	0.1164	0.5877		
		0.3172	0.1346	0.314	0.3002	0.2642	0.2597	0.3558	0.6333	0.4648	0.3444	0.7141	0.7275		0.1687	0.1046	0.1685	0.1431	0.1349	0.1436	0.2582	0.3449	0.2011	0.1727	0.361	0.3672		
		0.3088	1.079	0.3584	0.4828	0.2562	0.6425	0.3394	0.4159	0.8325	0.4045	0.4094	0.3529		0.1579	0.7789	0.1567	0.263	0.1292	0.2674	0.1511	0.1665	0.5854	0.2114	0.1703	0.1375		
		0.3324	0.5809	0.3329	0.4025	0.5929	0.2753	0.5668	0.3099	0.9098	0.3672	0.4618	1.2461		0.171	0.1539	0.1763	0.1871	0.3495	0.1306	0.2667	0.1623	0.6551	0.1752	0.1912	0.9025		
		0.7127	0.9381	0.4763	1.4023	0.5907	1.0665	0.2767	0.2785	0.5029	0.273	0.213	0.6408		0.5315	0.6309	0.3005	0.9997	0.311	0.4533	0.1414	0.1967	0.2567	0.1405	0.1196	0.2963		
		0.5084	0.9974	0.6499	0.7153	0.1667	0.2451	0.259	0.3962	0.526	0.5329	0.5211	0.586		0.3409	0.5837	0.4359	0.4537	0.1192	0.1772	0.1409	0.1745	0.2566	0.242	0.2714	0.3751		
		0.5992	0.3694	0.2299	0.9902	0.3866	0.375	0.3744	0.2955	0.3037	0.4002	0.2088	0.3866		0.3768	0.1857	0.1228	0.5202	0.3022	0.1828	0.2158	0.1561	0.1529	0.2104	0.1135	0.2059		
		
~End
Copyright © 2003 Molecular Devices. All rights reserved.
