##BLOCKS= 1          
Plate:	Plate#1	1.3	PlateFormat	Endpoint	Absorbance	Raw	FALSE	1						2	490 750	1	12	96	1	8	None	
	Temperature(¡C)	1	2	3	4	5	6	7	8	9	10	11	12		1	2	3	4	5	6	7	8	9	10	11	12		
	28.10	0.3513	0.6306	0.3974	0.3433	0.2782	1.1776	0.4687	0.3921	0.7922	0.6105	0.3734	1.2421		0.1945	0.2421	0.1913	0.1516	0.141	0.9234	0.2451	0.2051	0.4536	0.291	0.1345	0.8213		
		0.5748	1.5347	0.9151	0.3895	0.2735	0.2518	1.2866	0.8232	0.5431	0.1954	0.3585	0.8337		0.3909	1.1394	0.6257	0.1885	0.1702	0.125	1.0188	0.5428	0.3473	0.122	0.2169	0.5792		
		0.3555	0.1505	0.2317	0.3733	0.7247	1.0079	0.8839	0.4417	0.3681	0.3089	0.5008	0.3921		0.1525	0.1207	0.1358	0.1692	0.4385	0.7363	0.6201	0.2165	0.1777	0.1489	0.1936	0.1657		
		0.4412	0.7094	0.53	0.8774	0.4363	0.4967	0.3789	1.1124	1.5701	0.4699	0.4335	0.5383		0.2455	0.5606	0.3277	0.6696	0.1994	0.2477	0.1826	0.8537	1.153	0.2199	0.1971	0.2221		
		0.3196	0.8975	0.2572	0.7983	0.6459	0.4783	0.377	0.3099	0.9658	0.301	0.4265	1.2502		0.1687	0.2308	0.1337	0.5324	0.4625	0.295	0.1761	0.1877	0.718	0.1465	0.2044	0.8949		
		0.4873	0.6768	0.5292	0.8601	1.325	1.3748	0.2215	0.3694	0.3007	0.2612	0.2555	0.4379		0.346	0.4545	0.3106	0.6122	0.7533	0.6277	0.1269	0.2437	0.1577	0.1351	0.1317	0.2713		
		0.5789	2.0909	0.4058	0.6572	0.1561	0.3791	0.2581	0.3695	0.2336	0.2633	0.6454	0.4947		0.4218	1.1008	0.2807	0.3716	0.1074	0.2414	0.138	0.1757	0.1283	0.1439	0.3422	0.2737		
		0.4166	0.3467	0.3496	0.7094	0.502	0.4399	0.9935	0.3599	0.3029	0.3996	0.2664	0.2963		0.1715	0.2171	0.1775	0.4806	0.3905	0.2092	0.712	0.1815	0.1469	0.1776	0.1263	0.1422		
		
~End
Copyright © 2003 Molecular Devices. All rights reserved.
