##BLOCKS= 1          
Plate:	Plate#1	1.3	PlateFormat	Endpoint	Absorbance	Raw	FALSE	1						2	490 750	1	12	96	1	8	None	
	Temperature(¡C)	1	2	3	4	5	6	7	8	9	10	11	12		1	2	3	4	5	6	7	8	9	10	11	12		
	28.80	0.2573	0.2376	0.2027	2.5513	0.2986	0.7031	0.4179	0.443	1.7144	0.196	0.5115	1.2848		0.1824	0.1284	0.1536	1.3724	0.2169	0.4833	0.2666	0.3251	1.1803	0.1577	0.1575	0.9391		
		0.6192	2.317	1.9411	0.5667	2.2765	0.4812	2.5286	1.1923	2.067	0.2535	0.2268	1.8102		0.4888	1.6017	1.3026	0.335	1.3476	0.3134	1.4725	0.7392	1.5003	0.1789	0.1491	1.2866		
		0.7162	0.1666	1.6385	1.0767	1.9097	1.9596	1.7928	0.3599	0.3232	1.8773	1.6491	1.6199		0.4729	0.1305	0.6069	0.7408	1.0365	0.9371	0.7511	0.2044	0.2045	1.3286	1.1638	1.108		
		2.1111	2.4246	2.4906	2.5244	0.4832	0.8194	0.5726	2.0053	1.9431	0.3916	1.2388	1.7999		1.3097	1.4605	1.6048	1.6386	0.2856	0.526	0.3464	1.3231	1.3136	0.2422	0.9379	1.1286		
		0.5162	0.6516	0.3278	2.2441	1.8147	2.0364	2.5698	0.342	0.3606	2.5454	0.2399	1.6857		0.2747	0.3289	0.2478	1.3345	1.1356	1.2344	1.5073	0.2324	0.251	1.5979	0.165	1.0689		
		2.0848	0.9163	0.9149	2.0165	1.893	0.4845	0.304	0.3582	0.8357	0.2179	0.7286	2.2096		1.064	0.4531	0.4536	0.8865	0.8513	0.2771	0.1726	0.2485	0.4482	0.1528	0.3554	1.0249		
		2.1519	0.1621	0.8843	0.5778	0.1445	0.7631	0.1485	2.1369	0.2871	1.1978	0.6133	1.2937		0.9916	0.1267	0.6368	0.3477	0.1204	0.4162	0.1196	1.1664	0.1957	0.6242	0.2679	0.5671		
		0.3604	1.1698	2.0651	1.6821	0.2823	1.2991	0.1474	0.1443	0.3855	0.3123	0.2537	0.5405		0.2446	0.6916	1.0305	0.7735	0.2065	0.6682	0.1151	0.1167	0.2374	0.2162	0.1796	0.3028		
		
~End
Copyright © 2003 Molecular Devices. All rights reserved.
