##BLOCKS= 1          
Plate:	Plate#1	1.3	PlateFormat	Endpoint	Absorbance	Raw	FALSE	1						2	490 750	1	12	96	1	8	None	
	Temperature(¡C)	1	2	3	4	5	6	7	8	9	10	11	12		1	2	3	4	5	6	7	8	9	10	11	12		
	28.80	0.3157	1.136	0.3773	2.9975	0.262	0.7916	0.2074	0.4967	1.6805	0.2399	0.3446	1.7384		0.1942	0.813	0.2535	1.6614	0.1855	0.5281	0.1413	0.3231	1.0716	0.191	0.1508	1.2598		
		0.6639	2.1528	2.0418	0.2525	2.0642	0.6698	1.7713	1.1539	1.958	0.4615	0.1766	1.6536		0.5264	1.347	1.3923	0.1704	1.1954	0.3817	1.059	0.7369	1.4417	0.2665	0.132	1.1657		
		0.7186	0.1704	1.6126	0.5412	1.3366	2.1159	1.2871	0.4312	0.5538	1.8788	1.632	1.69		0.5216	0.1375	0.6023	0.3614	0.9027	1.1739	0.6068	0.2373	0.3014	1.2684	1.1729	1.2278		
		1.598	1.8985	1.9315	2.235	0.6824	0.3466	0.5419	1.8911	1.9505	0.4108	1.467	1.696		1.0122	1.2603	1.1967	1.5207	0.3651	0.2193	0.2582	1.1627	1.3389	0.2594	1.0746	1.0405		
		0.5935	1.0697	0.2782	2.2168	1.8395	1.3701	2.3622	0.3095	0.4679	2.7066	0.2784	1.7346		0.3436	0.5783	0.2038	1.1932	1.0962	0.8572	1.4033	0.198	0.2667	1.5277	0.1765	1.1292		
		2.295	0.9049	1.0132	1.9038	2.0841	0.421	0.359	0.39	0.6107	0.2263	0.3104	1.8276		1.2049	0.4401	0.5043	0.8154	0.917	0.2458	0.2069	0.2575	0.3286	0.1416	0.1751	0.8138		
		1.4356	0.1523	0.7823	0.5356	0.1456	1.039	0.1721	1.5261	0.4661	1.3872	0.4792	1.0972		0.7236	0.1275	0.5452	0.3276	0.1215	0.5237	0.1333	0.7935	0.2671	0.7658	0.2535	0.5199		
		0.4066	1.4381	2.2499	1.3565	0.3564	2.1845	0.1928	0.1458	0.3589	0.2704	0.3217	0.2785		0.282	0.9027	1.118	0.643	0.266	1.0819	0.1304	0.1127	0.2131	0.1914	0.2058	0.1768		
		
~End
Copyright © 2003 Molecular Devices. All rights reserved.
