##BLOCKS= 1          
Plate:	Plate#1	1.3	PlateFormat	Endpoint	Absorbance	Raw	FALSE	1						2	490 750	1	12	96	1	8	None	
	Temperature(¡C)	1	2	3	4	5	6	7	8	9	10	11	12		1	2	3	4	5	6	7	8	9	10	11	12		
	27.80	0.2229	1.3571	0.2432	2.3053	0.2796	2.3483	0.6756	1.5547	2.1615	1.5528	1.5971	1.9922		0.1495	0.9006	0.1844	1.5267	0.2134	1.8188	0.4834	1.1561	1.6291	1.2716	1.1921	1.5674		
		0.5507	0.2736	2.0258	1.2691	1.8361	0.5303	2.0331	1.3468	1.8238	1.514	0.6957	1.6461		0.4281	0.2181	1.4239	1.0112	1.4294	0.3586	1.6058	0.9777	1.418	1.0879	0.5737	1.2183		
		0.3847	0.2642	1.6795	2.5496	0.6757	1.5435	1.5929	2.1131	2.3949	2.6632	2.6017	2.4454		0.2241	0.2083	1.1599	1.8212	0.5287	1.1593	1.057	1.5879	1.8877	1.9636	1.9089	1.8086		
		2.7887	2.5413	2.566	2.7455	1.7843	2.1142	2.692	2.0493	2.2723	0.557	2.616	2.9392		2.1362	1.9578	1.9055	2.0356	1.315	1.6266	1.9356	1.5213	1.6393	0.4071	1.9123	2.068		
		2.6063	1.9739	0.431	2.5272	1.3745	1.9482	2.1379	0.3949	2.8884	2.2868	2.3469	2.2738		1.556	1.4404	0.3128	1.9007	1.0894	1.4342	1.5311	0.2929	2.1263	1.6385	1.691	1.547		
		2.1242	1.4159	1.0151	2.4212	1.7139	1.8358	1.6882	0.6329	1.1512	1.5233	1.0187	1.3934		1.4496	0.9186	0.7278	1.3837	1.0779	0.9958	1.0907	0.4441	0.7174	1.1041	0.7473	0.8893		
		1.7744	2.0058	1.9758	1.4735	0.9867	0.4804	0.6952	2.1822	0.4533	1.1589	1.1299	1.2132		1.0439	1.4874	1.4194	0.8783	0.7549	0.3211	0.4855	1.3343	0.3082	0.683	0.7589	0.682		
		0.3251	1.1213	0.6686	0.9818	0.4604	0.4389	0.2867	0.4736	0.335	0.2877	0.3573	0.3288		0.1842	0.6422	0.3505	0.6287	0.3352	0.2161	0.152	0.2409	0.1785	0.1572	0.2135	0.1977		
		
~End
Copyright © 2003 Molecular Devices. All rights reserved.
