##BLOCKS= 1          
Plate:	Plate#1	1.3	PlateFormat	Endpoint	Absorbance	Raw	FALSE	1						2	490 750	1	12	96	1	8	None	
	Temperature(¡C)	1	2	3	4	5	6	7	8	9	10	11	12		1	2	3	4	5	6	7	8	9	10	11	12		
	27.80	0.2852	1.649	0.2158	2.1734	0.2587	2.1076	0.84	2.2619	1.9659	1.6868	2.2322	2.0709		0.2204	1.0795	0.1678	1.4693	0.1995	1.6581	0.6052	1.7558	1.475	1.3726	1.6494	1.6157		
		0.4969	0.3099	1.9369	1.7686	2.0239	0.8166	2.3123	1.8248	1.9744	1.3272	0.7776	2.6033		0.4294	0.2033	1.3208	1.4115	1.5598	0.5265	1.7884	1.2957	1.5097	0.9723	0.6575	1.9133		
		0.307	0.1739	1.7612	2.6595	0.6406	1.2058	1.8574	2.1954	1.8261	2.7936	2.8397	2.484		0.1976	0.1312	1.2084	1.8841	0.475	0.9044	1.1942	1.6466	1.4236	2.0578	2.0732	1.7981		
		2.6453	2.1526	2.2734	2.4397	2.4545	1.8678	2.7497	2.0167	2.4653	0.571	1.9802	2.3838		1.9241	1.5652	1.6597	1.7672	1.8321	1.4302	1.9471	1.482	1.7364	0.4005	1.448	1.652		
		2.5886	1.8742	0.2891	2.1657	1.326	2.1645	2.6982	0.3304	2.354	2.485	2.6494	2.0225		1.6055	1.3553	0.1922	1.6095	1.0297	1.5691	1.8898	0.2113	1.6436	1.7592	1.8382	1.3858		
		1.8644	1.8452	1.2495	2.5839	1.7213	2.5229	1.179	0.4509	1.0461	1.6368	1.1361	1.6365		1.2223	1.074	0.8478	1.4213	1.0418	1.297	0.7114	0.2937	0.6309	1.1593	0.803	1.0588		
		1.2737	2.0662	2.0948	0.9524	0.9044	0.3589	0.5816	2.0901	0.3463	0.8102	1.1706	1.8061		0.8085	1.5533	1.4653	0.5138	0.6541	0.2177	0.3804	1.2581	0.2006	0.46	0.7415	0.9913		
		0.2318	1.2015	0.8796	1.0342	0.768	0.3694	0.3022	0.4176	0.3036	0.3785	0.2841	0.3196		0.1812	0.6639	0.4436	0.6599	0.574	0.1792	0.1573	0.2166	0.1706	0.195	0.1668	0.1917		
		
~End
Copyright © 2003 Molecular Devices. All rights reserved.
