##BLOCKS= 1          
Plate:	Plate#1	1.3	PlateFormat	Endpoint	Absorbance	Raw	FALSE	1						2	490 750	1	12	96	1	8	None	
	Temperature(¡C)	1	2	3	4	5	6	7	8	9	10	11	12		1	2	3	4	5	6	7	8	9	10	11	12		
	27.80	0.2676	1.5396	0.2354	1.9818	0.2578	2.0112	0.8939	1.7544	2.2143	1.6693	1.8058	2.3126		0.2402	1.0135	0.1848	1.3198	0.2018	1.5811	0.6589	1.332	1.6815	1.3339	1.3696	1.7803		
		0.4029	0.2238	2.1795	1.5471	2.2429	0.8251	1.9536	2.1312	1.9051	1.4082	0.6522	2.2929		0.3482	0.1891	1.505	1.239	1.751	0.5399	1.508	1.5408	1.4643	1.0145	0.562	1.7017		
		0.5371	0.1772	1.6398	2.7563	0.5663	2.1748	1.7211	2.2555	1.6459	2.9648	2.2533	2.1232		0.3162	0.1336	1.1038	1.9573	0.4197	1.6885	1.0901	1.6878	1.2616	2.2712	1.6183	1.5378		
		2.3388	2.1094	2.7849	2.4807	2.0635	2.0904	2.8709	2.3184	2.2151	0.4796	1.9464	2.5273		1.7904	1.5134	1.9956	1.8023	1.4987	1.5941	2.0282	1.7035	1.5821	0.3377	1.4003	1.7653		
		2.6317	2.3156	0.3474	2.007	1.2314	2.4626	2.7049	0.4265	2.3347	2.1541	2.2403	2.0452		1.6171	1.8101	0.2306	1.5035	0.9687	1.8047	1.8987	0.2867	1.6064	1.5364	1.5187	1.3815		
		1.3887	1.2707	1.094	1.7014	1.2721	2.3963	1.7165	0.4568	0.9842	1.8321	0.9909	1.2801		1.0001	0.7968	0.751	0.9416	0.7491	1.2598	1.0829	0.2906	0.5805	1.303	0.6709	0.8205		
		1.052	1.7974	1.9594	1.7164	0.7287	0.2939	0.4883	2.3501	0.3825	0.9107	1.2889	1.9973		0.6901	1.3838	1.385	0.9793	0.5406	0.1804	0.3337	1.4492	0.2226	0.5298	0.8417	1.127		
		0.2538	1.023	0.7366	0.7206	0.7068	0.4302	0.4675	0.4749	0.29	0.3034	0.2481	0.2717		0.1889	0.6312	0.4042	0.4686	0.5216	0.2177	0.2518	0.2441	0.1666	0.165	0.1583	0.1561		
		
~End
Copyright © 2003 Molecular Devices. All rights reserved.
