##BLOCKS= 1          
Plate:	Plate#1	1.3	PlateFormat	Endpoint	Absorbance	Raw	FALSE	1						2	490 750	1	12	96	1	8	None	
	Temperature(¡C)	1	2	3	4	5	6	7	8	9	10	11	12		1	2	3	4	5	6	7	8	9	10	11	12		
	27.40	0.1845	1.2612	0.2382	2.1325	0.2481	0.2557	0.4882	0.3263	3.2792	0.3425	0.2584	1.9386		0.1304	0.9173	0.1769	1.3939	0.1935	0.2094	0.3744	0.259	2.6401	0.2782	0.1373	1.4034		
		0.5969	0.3442	2.8946	0.2353	0.9949	0.1503	1.4417	1.5231	1.6266	0.4153	2.0962	2.058		0.4998	0.243	1.8681	0.1883	0.7003	0.1111	1.0899	1.0688	1.1648	0.3075	1.4891	1.4879		
		0.589	0.1433	0.34	0.2326	1.7284	1.2702	1.7366	0.5852	0.4801	3.1397	2.6717	2.2465		0.382	0.113	0.2464	0.1743	1.2309	0.9691	1.1208	0.4258	0.3451	2.7131	1.9132	1.669		
		0.2513	1.5691	2.4783	0.6213	0.3565	0.4223	0.4781	1.8793	2.9831	0.1511	0.7805	1.3833		0.1801	1.1452	1.763	0.4496	0.264	0.3062	0.338	1.397	2.3226	0.1212	0.5571	1.0496		
		0.3963	0.7419	0.1827	0.962	1.4048	0.5767	2.6043	0.1668	2.064	0.4616	0.3646	1.9363		0.2158	0.453	0.1342	0.5402	1.0707	0.4028	1.7704	0.1306	1.4875	0.3343	0.2665	1.2916		
		0.4568	0.8684	2.1139	2.0161	0.3622	0.4328	0.5944	0.3073	0.3043	0.2643	1.1731	1.5996		0.3337	0.658	1.3269	1.2912	0.2875	0.3102	0.3327	0.239	0.2175	0.214	0.8322	1.0409		
		0.7223	0.3459	0.746	1.5865	0.1213	0.6468	0.2445	0.2066	0.1632	0.1996	0.5061	0.4542		0.4641	0.2492	0.4905	0.979	0.1019	0.4942	0.1917	0.1523	0.1291	0.1551	0.3925	0.3312		
		0.2914	0.346	0.2582	0.2508	0.6132	0.1548	0.2106	0.1722	0.2364	0.2726	0.2788	0.2428		0.2205	0.25	0.1866	0.2001	0.4882	0.1246	0.1549	0.1296	0.1857	0.1971	0.2012	0.1836		
		
~End
Copyright © 2003 Molecular Devices. All rights reserved.
