##BLOCKS= 1          
Plate:	Plate#1	1.3	PlateFormat	Endpoint	Absorbance	Raw	FALSE	1						2	490 750	1	12	96	1	8	None	
	Temperature(¡C)	1	2	3	4	5	6	7	8	9	10	11	12		1	2	3	4	5	6	7	8	9	10	11	12		
	27.50	0.2262	1.3262	0.2849	2.4271	0.2601	0.3539	0.5001	0.3046	3.3354	0.3331	0.2923	1.723		0.1698	0.9383	0.2096	1.5839	0.2093	0.2917	0.3531	0.2306	2.6201	0.2677	0.1589	1.2181		
		0.6773	0.2744	2.8278	0.1608	0.6307	0.1838	1.9536	1.3364	1.9535	0.3765	0.7044	2.2518		0.554	0.1876	1.8359	0.1243	0.4302	0.1353	1.4917	0.9432	1.398	0.2731	0.547	1.5538		
		0.5618	0.1515	0.2655	0.1801	1.7989	1.0944	2.1238	0.6493	0.5172	3.169	2.7855	2.4707		0.3497	0.1227	0.192	0.1428	1.2755	0.8093	1.4314	0.4826	0.3721	2.7315	2.1559	1.8212		
		0.4394	2.0181	3.7129	0.4949	0.4049	0.3091	0.5669	1.5891	2.9023	0.1343	0.9487	1.5651		0.2425	1.4941	2.7549	0.3508	0.2947	0.2272	0.4147	1.1858	2.2295	0.1081	0.6857	1.1869		
		0.5514	0.8724	0.2421	1.28	0.6797	0.5175	2.4949	0.222	1.9029	0.6256	0.2718	1.8001		0.3521	0.5552	0.1763	0.7598	0.4603	0.3574	1.6889	0.1675	1.3917	0.4606	0.1958	1.186		
		0.6351	0.7502	1.6819	1.8591	0.3137	0.4509	0.5737	0.2683	0.2512	0.2572	1.0158	1.0603		0.4429	0.5734	1.0398	1.1932	0.2487	0.336	0.3305	0.2048	0.1847	0.2078	0.7111	0.6719		
		0.7175	0.5392	0.6836	1.9146	0.1318	0.624	0.3187	0.3849	0.2649	0.2377	0.3272	0.275		0.4956	0.4437	0.4589	1.1964	0.1104	0.4748	0.2464	0.2899	0.1963	0.1777	0.2381	0.2001		
		0.3835	0.3667	0.3305	0.2591	0.9843	0.1806	0.3399	0.2158	0.2269	0.2514	0.3089	0.2643		0.2571	0.2847	0.2482	0.203	0.7511	0.1444	0.2497	0.151	0.1801	0.1777	0.2246	0.1856		
		
~End
Copyright © 2003 Molecular Devices. All rights reserved.
