##BLOCKS= 1          
Plate:	Plate#1	1.3	PlateFormat	Endpoint	Absorbance	Raw	FALSE	1						2	490 750	1	12	96	1	8	None	
	Temperature(¡C)	1	2	3	4	5	6	7	8	9	10	11	12		1	2	3	4	5	6	7	8	9	10	11	12		
	28.10	0.3652	1.8081	0.2608	2.7738	0.3983	3.2594	1.8857	0.7166	3.6425	1.8923	3.6123	2.6844		0.2512	1.0868	0.1799	2.0522	0.2586	2.4074	1.3522	0.5093	2.5277	1.2809	1.5998	1.5832		
		0.5853	3.0537	2.0112	3.3198	3.0239	0.6835	1.8757	0.2578	3.1075	0.8125	3.1305	2.2723		0.4452	2.0608	1.2048	2.7954	1.9891	0.4824	1.0539	0.1942	2.0614	0.5431	1.9477	1.2868		
		1.7942	0.2479	1.0706	3.2371	1.3235	3.0929	2.0948	3.2089	3.3349	2.877	2.8803	2.6695		1.2606	0.1903	0.8029	2.4302	0.8316	2.0003	1.4385	2.4864	2.4107	1.9507	1.6603	1.6368		
		3.3165	2.4735	2.1624	3.0838	1.1044	2.4895	3.3281	1.3448	3.0701	0.5619	2.6588	3.3722		2.0795	1.4028	1.2338	1.9929	0.7831	1.7054	2.5661	0.8351	1.9455	0.4022	1.5367	2.0233		
		0.6068	0.6304	0.4497	2.7746	2.475	2.0228	3.0216	0.5772	2.5171	2.5741	0.4704	2.9905		0.441	0.3197	0.3148	1.9699	1.7803	1.2996	2.0998	0.4017	1.493	1.4993	0.3085	1.6984		
		1.5878	1.0649	2.192	2.5778	2.7596	1.5613	1.3945	0.7439	0.8112	2.1258	1.6567	1.7082		1.1767	0.5804	1.4898	1.8807	2.0636	0.9322	0.9612	0.5411	0.5545	1.304	1.0672	0.846		
		1.519	2.9582	2.0916	0.8559	2.1455	1.6901	0.9635	1.6755	1.353	1.5345	0.7589	1.8351		0.9857	2.4648	1.3705	0.4743	1.4482	1.1807	0.6456	1.3114	0.8871	0.9841	0.4965	1.3029		
		0.6883	1.1084	2.3119	0.462	1.1119	1.0888	0.2991	0.6435	1.4487	0.3923	0.4274	0.3056		0.5243	0.7253	1.3382	0.3051	0.773	0.6472	0.1956	0.3684	0.9238	0.2627	0.2914	0.2032		
		
~End
Copyright © 2003 Molecular Devices. All rights reserved.
