##BLOCKS= 1          
Plate:	Plate#1	1.3	PlateFormat	Endpoint	Absorbance	Raw	FALSE	1						2	490 750	1	12	96	1	8	None	
	Temperature(¡C)	1	2	3	4	5	6	7	8	9	10	11	12		1	2	3	4	5	6	7	8	9	10	11	12		
	28.00	0.3547	1.6185	0.3254	3.3937	0.5679	3.2368	2.4798	0.7903	3.4504	1.717	3.6563	1.3796		0.2411	0.9488	0.224	2.5934	0.3695	2.2754	1.6983	0.5692	2.1264	1.1801	2.1581	0.82		
		0.6296	3.2344	2.0407	3.5569	3.6325	0.5871	2.3097	0.2566	2.1893	0.6164	3.1167	1.631		0.4575	2.2952	1.1925	2.4531	2.6665	0.4	1.3215	0.1885	1.4173	0.4093	1.9268	0.8736		
		1.8734	0.2103	0.8954	3.5634	1.5128	3.1648	1.3593	3.3258	3.2962	2.8316	2.1588	1.8086		1.2451	0.1513	0.6521	2.6218	0.9275	2.0085	0.8966	2.4535	2.2976	1.7859	1.2148	1.0233		
		3.4671	2.7405	1.9189	1.8336	0.955	3.4879	3.3062	1.7338	2.4859	0.4319	1.7081	2.6624		2.3032	1.5746	1.0645	1.1255	0.6523	2.6474	2.349	1.0735	1.3501	0.2979	0.9347	1.644		
		0.7414	0.4363	0.2986	2.9943	2.7527	1.8157	2.1394	0.5269	1.751	2.06	0.5955	3.6516		0.4532	0.2194	0.195	2.0262	2.0854	1.0561	1.1763	0.3459	0.9599	1.1585	0.4017	2.11		
		1.0743	1.0139	1.635	2.6878	2.9794	1.6564	1.3622	0.5654	0.8024	2.4463	1.5565	2.6791		0.9381	0.5938	1.0283	1.8359	2.096	0.9449	0.898	0.3978	0.5122	1.5248	1.0258	1.6005		
		1.3675	2.5925	2.2493	0.8225	1.8255	1.6255	0.82	1.4996	1.106	1.7789	0.73	1.9712		0.6862	1.6369	1.4689	0.4654	1.1141	1.0581	0.5406	1.1228	0.6955	1.1762	0.4706	1.363		
		0.5496	1.4726	2.7644	0.6345	1.5586	1.4387	0.3952	0.5054	2.2353	0.4148	0.2766	0.3817		0.3698	0.935	1.7106	0.4204	1.087	0.8953	0.2545	0.2773	1.4875	0.2771	0.187	0.2512		
		
~End
Copyright © 2003 Molecular Devices. All rights reserved.
