##BLOCKS= 1          
Plate:	Plate#1	1.3	PlateFormat	Endpoint	Absorbance	Raw	FALSE	1						2	490 750	1	12	96	1	8	None	
	Temperature(¡C)	1	2	3	4	5	6	7	8	9	10	11	12		1	2	3	4	5	6	7	8	9	10	11	12		
	28.00	0.3813	1.6346	0.3076	3.018	0.458	3.3352	2.3229	0.4824	3.4132	1.4288	3.5688	2.717		0.2793	0.9848	0.2123	2.213	0.2947	2.7195	1.6138	0.3327	2.164	0.9408	1.9624	1.6657		
		0.5562	2.8186	2.2126	3.098	2.1428	0.5753	1.598	0.2743	2.2383	0.6021	2.5416	3.1501		0.3891	1.7884	1.3001	1.9772	1.2112	0.3997	0.9874	0.1976	1.3579	0.3954	1.5121	2.1298		
		2.0514	0.2103	0.6494	3.7437	1.3657	3.0472	1.5692	3.1913	2.7011	2.9907	2.6741	2.6096		1.3947	0.1522	0.4642	2.8944	0.8444	1.8769	1.0725	2.3667	1.7622	2.0605	1.7014	1.7494		
		2.6912	2.7416	1.8016	3.3364	0.6803	3.5591	3.5654	0.9648	2.7277	0.5075	2.6523	2.9318		1.6613	1.6086	1.0543	2.5428	0.4619	2.5781	2.7826	0.5675	1.5375	0.3593	1.5656	1.6363		
		0.7614	0.6041	0.424	3.3229	2.519	2.1136	2.6647	0.4915	1.5956	1.5227	0.5605	3.1815		0.5129	0.2932	0.2889	2.3255	1.7624	1.3865	1.6848	0.3217	0.8869	0.8148	0.3698	1.7365		
		1.2597	1.0984	1.9729	2.8277	2.3965	2.0118	1.4514	0.5522	0.6794	2.0484	1.5191	2.0608		0.881	0.6936	1.2716	1.954	1.5982	1.1696	0.9845	0.3793	0.4351	1.2469	1.0208	1.2037		
		1.3958	2.8116	2.7258	1.0135	1.4815	1.621	1.1413	1.4554	0.6992	1.8381	1.1134	1.8579		0.7008	2.0291	1.831	0.5703	0.9175	1.0794	0.7833	1.0923	0.4552	1.2008	0.7542	1.2419		
		0.5645	1.1706	2.5467	0.6824	1.1762	1.639	0.4527	0.6697	2.628	0.3337	0.2738	0.509		0.3413	0.8871	1.4929	0.4554	0.7898	1.0253	0.2979	0.4628	1.7209	0.2208	0.1871	0.3312		
		
~End
Copyright © 2003 Molecular Devices. All rights reserved.
