##BLOCKS= 1          
Plate:	Plate#1	1.3	PlateFormat	Endpoint	Absorbance	Raw	FALSE	1						2	490 750	1	12	96	1	8	None	
	Temperature(¡C)	1	2	3	4	5	6	7	8	9	10	11	12		1	2	3	4	5	6	7	8	9	10	11	12		
	28.50	0.5315	1.548	0.7465	2.6468	0.4764	0.9635	1.4654	0.6366	1.8034	0.5319	1.3959	2.0219		0.27	0.7748	0.4528	1.4744	0.2475	0.6275	0.9088	0.4228	1.1802	0.3193	0.9911	1.3978		
		0.6431	1.7952	1.7474	1.8075	1.9013	0.5941	1.7906	1.0028	1.7318	0.6785	1.7389	1.9657		0.5766	1.4514	1.2039	1.2692	1.2831	0.3016	1.3026	0.7476	1.2141	0.4443	1.2593	1.2735		
		1.0917	0.1656	1.6789	1.8044	1.3719	1.7605	1.4946	1.7999	1.5582	1.8455	1.8127	2.1898		0.7115	0.1386	1.0209	1.3324	0.8291	1.1696	0.7849	1.304	1.2301	1.4028	1.3482	1.4741		
		1.6987	1.8876	2.2021	2.2041	0.6712	1.8114	0.8638	1.756	2.0567	0.6346	1.8326	1.7306		1.0507	1.2834	1.4647	1.4675	0.4022	1.3425	0.5308	1.1848	1.3827	0.3526	1.2234	1.2309		
		0.7712	1.2819	1.8503	0.7487	1.5474	2.0666	2.1964	0.4292	2.1837	2.3719	0.8037	2.3477		0.3859	0.4248	1.2117	0.4044	1.0041	1.4043	1.4918	0.2429	1.4606	1.4343	0.4494	1.3832		
		0.3096	1.2728	2.3791	1.9921	1.9957	2.2304	1.9319	0.3536	0.5643	2.2965	1.5483	2.0883		0.2397	0.6493	1.0271	1.0482	0.9178	1.2246	0.9896	0.2489	0.3194	1.0523	0.5824	1.0193		
		1.6267	2.3129	2.1731	1.6461	1.8096	0.3688	0.6742	1.197	0.6867	1.0577	0.849	1.5617		0.7186	1.333	0.9432	0.7477	0.9889	0.2601	0.353	0.7551	0.3369	0.5847	0.4597	0.9244		
		0.8311	0.674	2.0826	0.5118	0.5206	0.796	0.3855	0.373	1.593	0.3367	0.4317	0.7229		0.5549	0.3471	1.2049	0.2965	0.3894	0.439	0.1834	0.1991	0.9325	0.1866	0.2146	0.3739		
		
~End
Copyright © 2003 Molecular Devices. All rights reserved.
