##BLOCKS= 1          
Plate:	Plate#1	1.3	PlateFormat	Endpoint	Absorbance	Raw	FALSE	1						2	490 750	1	12	96	1	8	None	
	Temperature(¡C)	1	2	3	4	5	6	7	8	9	10	11	12		1	2	3	4	5	6	7	8	9	10	11	12		
	28.40	0.5947	1.8339	0.4846	2.5458	0.357	1.2599	1.5271	0.775	1.4971	0.5228	1.4586	2.1661		0.3029	0.9735	0.2877	1.4238	0.201	0.8254	0.9689	0.481	1.0043	0.3258	1.0283	1.4258		
		0.567	1.8034	1.7893	1.5174	1.4992	0.7635	1.7517	0.9173	1.7755	0.5165	0.9978	2.2735		0.4211	1.4448	1.2273	1.0666	0.9667	0.379	1.3006	0.6701	1.2488	0.3197	0.7108	1.4781		
		1.2139	0.1752	1.6768	1.9694	1.1852	1.5418	1.6715	1.7753	1.5009	1.8239	1.786	1.9571		0.7416	0.1403	1.0297	1.417	0.7384	1.0412	0.8809	1.3144	1.1713	1.3848	1.332	1.2975		
		1.3078	1.9776	2.0457	2.0529	0.6151	1.8742	0.9205	1.9194	2.0496	0.7371	1.8302	1.744		0.8817	1.3557	1.3345	1.3828	0.3543	1.385	0.5594	1.3468	1.3584	0.4096	1.1996	1.2532		
		0.632	1.3422	2.2076	0.586	0.9	1.8371	2.1827	0.5775	1.9384	2.2714	0.6595	2.1691		0.3833	0.4919	1.4174	0.3341	0.5487	1.2106	1.4502	0.3108	1.2902	1.364	0.3847	1.2765		
		0.2563	1.3026	1.4402	2.1384	2.1102	2.3025	1.3699	0.4949	0.4885	2.3756	1.8115	2.682		0.1925	0.6861	0.6045	1.1078	0.9707	1.2414	0.6704	0.3464	0.2731	1.039	0.7315	1.3955		
		2.5923	2.3964	1.8005	2.0351	1.2821	0.3438	0.8663	1.3821	0.8889	1.3109	0.7852	1.3562		1.1387	1.3895	0.7931	0.9739	0.6801	0.2463	0.454	0.8487	0.3977	0.707	0.4137	0.8045		
		0.5475	0.7459	2.3033	0.433	0.284	0.6107	0.3969	0.3855	1.5938	0.2613	0.4434	0.6339		0.3183	0.3621	1.1981	0.2536	0.2135	0.3098	0.1966	0.1953	0.8299	0.1622	0.2038	0.312		
		
~End
Copyright © 2003 Molecular Devices. All rights reserved.
