##BLOCKS= 1          
Plate:	Plate#1	1.3	PlateFormat	Endpoint	Absorbance	Raw	FALSE	1						2	490 750	1	12	96	1	8	None	
	Temperature(¡C)	1	2	3	4	5	6	7	8	9	10	11	12		1	2	3	4	5	6	7	8	9	10	11	12		
	28.00	0.5084	1.0082	0.3217	2.1967	0.3341	0.9219	0.9939	0.803	1.6813	0.7731	2.3309	1.7379		0.354	0.6214	0.2117	1.4032	0.236	0.6537	0.5252	0.4655	1.2198	0.5259	0.8264	1.2314		
		0.6943	0.2633	1.734	0.5292	2.0021	0.8534	1.6089	1.0373	1.2612	0.8435	1.8578	1.2621		0.5487	0.1926	1.1004	0.3838	1.3173	0.569	1.0538	0.7317	0.7843	0.6131	1.0431	0.7194		
		0.3404	0.1484	1.5472	1.2028	1.3451	1.9776	1.3254	2.0953	0.7186	1.7581	1.9278	1.7703		0.2204	0.1189	1.0429	0.9313	0.8609	1.145	0.8929	1.4843	0.5201	1.2378	1.2978	1.1881		
		1.4343	1.8023	1.8938	1.9448	0.3595	0.86	2.4737	1.3847	2.1022	0.7399	1.7052	1.6952		0.9667	1.0841	1.179	1.2604	0.2484	0.6533	1.4995	0.8419	1.3855	0.5397	1.2825	1.079		
		2.3373	1.53	0.276	2.5376	1.4652	1.6467	1.6739	0.3286	2.0183	1.8861	0.8053	1.8421		1.309	0.4457	0.1924	1.5569	0.7963	1.2123	0.9699	0.2411	1.3397	1.3755	0.6054	1.1027		
		0.3868	0.9555	1.4003	1.6571	1.0685	1.5262	1.1349	0.3831	0.6253	1.8472	1.2678	1.2569		0.2666	0.664	0.982	1.0912	0.8175	0.8096	0.7102	0.2598	0.4413	1.0891	0.989	0.6729		
		0.83	1.779	0.8992	1.2281	1.063	1.5982	0.4253	0.3781	0.3672	0.3004	0.2928	0.4655		0.6321	1.1901	0.7219	0.8199	0.6534	0.7912	0.2969	0.2429	0.2583	0.1931	0.1962	0.3027		
		0.2828	0.3506	0.6771	0.2955	0.6819	0.3094	0.3129	0.2454	0.4633	0.2748	0.2656	0.343		0.2091	0.2277	0.4289	0.2027	0.4916	0.2177	0.2081	0.1862	0.3533	0.2031	0.1841	0.2269		
		
~End
Copyright © 2003 Molecular Devices. All rights reserved.
