##BLOCKS= 1          
Plate:	Plate#1	1.3	PlateFormat	Endpoint	Absorbance	Raw	FALSE	1						2	490 750	1	12	96	1	8	None	
	Temperature(¡C)	1	2	3	4	5	6	7	8	9	10	11	12		1	2	3	4	5	6	7	8	9	10	11	12		
	28.00	0.4212	0.8965	0.3601	2.0767	0.288	0.694	0.9026	0.8288	2.3244	0.9229	2.3539	1.7514		0.2432	0.5324	0.2376	1.3184	0.2	0.4821	0.4766	0.4794	1.6136	0.6374	0.8518	1.2359		
		0.618	0.2652	1.7388	0.6068	1.8546	0.7706	1.6453	0.9047	1.5284	0.9351	2.0484	1.7051		0.4847	0.1961	1.127	0.4543	1.209	0.5095	1.0932	0.6252	1.0076	0.6901	1.1051	1.0735		
		0.343	0.152	1.5009	1.1169	1.3892	1.8699	1.3349	2.1734	0.7105	1.7605	1.8033	1.7029		0.2384	0.1214	1.0153	0.8655	0.8801	1.0899	0.8908	1.4933	0.5113	1.2594	1.2141	1.1306		
		1.3816	1.7274	1.8903	2.112	0.3627	0.9173	2.412	1.4363	2.0207	0.7204	1.645	1.8686		1.0395	1.0575	1.0865	1.3693	0.2506	0.7066	1.4753	0.8701	1.4061	0.5204	1.2693	1.1923		
		2.298	1.4287	0.2512	2.5001	1.8828	0.5878	1.828	0.3423	1.9804	1.8425	0.759	1.7885		1.3493	0.4687	0.176	1.5003	1.0483	0.4104	1.0666	0.247	1.3192	1.3645	0.5748	1.0692		
		0.3818	0.886	1.2993	1.6729	0.9294	1.2404	1.0869	0.3534	0.695	1.8699	1.2711	1.4216		0.2754	0.5836	0.9029	1.0906	0.6966	0.6619	0.6722	0.2444	0.4916	1.1372	0.9939	0.7619		
		0.8533	2.055	0.8108	1.0232	0.4551	1.8703	0.3355	0.344	0.3192	0.3042	0.267	0.4786		0.5983	1.3964	0.6438	0.6682	0.2731	0.9095	0.2281	0.2225	0.2192	0.202	0.1778	0.3385		
		0.3461	0.3753	0.5486	0.2488	0.6658	0.2934	0.2544	0.2067	0.3618	0.2811	0.2926	0.287		0.3046	0.2431	0.3497	0.1694	0.4854	0.2043	0.1771	0.1562	0.253	0.2046	0.2013	0.1947		
		
~End
Copyright © 2003 Molecular Devices. All rights reserved.
