##BLOCKS= 1          
Plate:	Plate#1	1.3	PlateFormat	Endpoint	Absorbance	Raw	FALSE	1						2	490 750	1	12	96	1	8	None	
	Temperature(¡C)	1	2	3	4	5	6	7	8	9	10	11	12		1	2	3	4	5	6	7	8	9	10	11	12		
	28.60	0.404	0.8772	0.2644	2.2372	0.2417	1.0145	0.5652	0.3265	1.4554	1.2221	3.1371	1.2609		0.4348	0.5554	0.1969	1.4	0.1794	0.7438	0.3557	0.2145	1.002	0.9788	1.4255	0.8124		
		0.6448	0.9973	1.7813	0.7516	0.6251	0.3511	0.9844	0.3829	1.1768	0.3177	0.6873	1.4127		0.4629	0.583	1.1451	0.51	0.3907	0.2523	0.6848	0.2902	0.7667	0.234	0.4356	0.8732		
		2.1528	0.7593	0.9585	1.741	0.8774	0.9873	1.1708	0.5917	0.3268	1.0266	1.3178	1.3207		1.3738	0.4803	0.5841	1.3068	0.6079	0.5688	0.6651	0.4185	0.243	0.6564	0.8591	0.8538		
		1.5094	1.4453	1.8991	0.9521	0.5979	1.1125	1.7328	0.8014	1.2368	0.277	0.9769	1.2199		1.0787	0.9122	1.2475	0.6338	0.4333	0.7839	1.2537	0.5287	0.8071	0.1988	0.6054	0.834		
		0.5394	0.7105	0.3107	0.7555	1.1947	1.1041	1.1406	0.2535	1.7076	1.4622	0.2391	2.2711		0.2405	0.4846	0.2332	0.5328	0.8146	0.7221	0.7136	0.1912	1.1167	0.846	0.1742	1.1306		
		1.2532	0.6937	2.1831	1.4894	0.9854	1.0718	0.5554	0.3712	0.2696	1.096	1.1052	2.2423		0.881	0.4924	0.6324	0.7119	0.6141	0.5435	0.2869	0.2907	0.1974	0.4805	0.4401	1.0624		
		0.3879	1.0276	0.6965	0.9488	1.1316	0.5391	0.9236	1.6616	0.7725	1.2466	0.5602	1.2876		0.2864	0.6587	0.5376	0.5875	0.7156	0.4129	0.6033	0.8814	0.4875	0.7219	0.3732	0.6636		
		0.4275	0.6752	1.1899	0.5946	0.326	1.0819	0.2562	0.4238	0.5032	0.196	0.2708	0.2233		0.3292	0.5091	0.5862	0.4261	0.2293	0.4852	0.1588	0.199	0.325	0.1364	0.1851	0.151		
		
~End
Copyright © 2003 Molecular Devices. All rights reserved.
