##BLOCKS= 1          
Plate:	Plate#1	1.3	PlateFormat	Endpoint	Absorbance	Raw	FALSE	1						2	490 750	1	12	96	1	8	None	
	Temperature(¡C)	1	2	3	4	5	6	7	8	9	10	11	12		1	2	3	4	5	6	7	8	9	10	11	12		
	28.60	0.2713	0.7186	0.3133	2.4824	0.2375	0.8513	0.8024	0.4078	0.8358	1.8735	3.0694	1.7689		0.1985	0.5036	0.235	1.6438	0.1775	0.6185	0.5773	0.2757	0.5693	1.4774	1.2875	1.1969		
		0.511	1.099	1.3194	1.3461	0.7866	0.4665	0.8302	1.3412	1.4711	0.4368	0.8819	1.2518		0.3815	0.7068	0.7989	0.9545	0.5115	0.3301	0.577	1.0272	1.053	0.3264	0.5617	0.8197		
		1.694	0.4902	0.8303	1.5472	0.9752	1.0876	1.3032	0.7882	0.2969	1.1589	1.6922	1.8234		1.0649	0.2977	0.4844	1.1439	0.6658	0.737	0.7547	0.5611	0.2181	0.8121	1.1502	1.2003		
		1.4501	1.2177	1.4712	1.6515	0.6961	1.0891	2.1252	0.9941	1.2406	0.2314	1.3397	0.7725		1.1481	0.8417	0.9385	1.1702	0.502	0.7872	1.4962	0.6931	0.7986	0.1606	0.8235	0.5465		
		0.7314	0.6169	0.2382	0.5953	1.6805	1.9663	1.676	0.2599	1.1409	0.9116	0.2912	2.1125		0.3885	0.4237	0.1731	0.411	1.1665	1.1915	1.1079	0.194	0.7244	0.5443	0.2075	1.1806		
		0.7503	0.5677	2.1906	1.3075	0.9736	1.1542	0.7463	0.3253	0.2646	1.2493	1.329	1.9991		0.5607	0.3838	0.7284	0.5601	0.6556	0.5251	0.4163	0.2515	0.195	0.5064	0.4167	0.7856		
		0.332	1.2098	0.4744	0.6691	0.3926	0.6182	1.1141	1.3999	0.8177	0.8223	0.4327	1.6463		0.2194	0.801	0.3691	0.3945	0.2536	0.4727	0.8144	0.7805	0.3936	0.4432	0.2701	0.8182		
		0.4481	1.1517	1.7135	0.3898	0.3687	1.3789	0.2769	0.3677	0.5409	0.3205	0.2338	0.2524		0.2891	0.8897	0.8915	0.2732	0.2613	0.6335	0.1798	0.1775	0.3509	0.2288	0.1693	0.1782		
		
~End
Copyright © 2003 Molecular Devices. All rights reserved.
