##BLOCKS= 1          
Plate:	Plate#1	1.3	PlateFormat	Endpoint	Absorbance	Raw	FALSE	1						2	490 750	1	12	96	1	8	None	
	Temperature(¡C)	1	2	3	4	5	6	7	8	9	10	11	12		1	2	3	4	5	6	7	8	9	10	11	12		
	28.60	0.2365	1.1269	0.336	2.5265	0.2487	0.9649	0.3943	0.4797	1.3119	1.6203	3.0725	1.0615		0.2144	0.7305	0.2475	1.6167	0.1837	0.6973	0.2309	0.3191	0.8613	1.3009	1.291	0.6466		
		0.7022	1.1718	1.5031	1.3712	1.0864	0.5758	0.9822	0.5401	1.2068	0.3346	1.4073	1.2667		0.576	0.6574	0.9375	0.9553	0.7303	0.4047	0.714	0.4186	0.781	0.2423	0.9741	0.775		
		2.1171	0.6292	0.8593	1.579	0.9795	1.3159	1.7483	0.8067	0.3482	1.6867	1.5651	1.2101		1.3632	0.4169	0.5131	1.1551	0.689	0.885	0.9586	0.5745	0.2553	1.1679	1.057	0.7794		
		1.2539	1.9488	1.7774	1.5029	0.7146	1.2639	2.2602	1.0029	1.5046	0.2935	2.1044	1.3482		1.0749	1.2045	1.114	0.9975	0.5152	0.8786	1.5932	0.6484	0.8514	0.2076	1.2793	0.9659		
		0.644	0.7547	0.2994	0.8858	1.6054	1.4029	1.1672	0.2469	2.1793	1.4772	0.2911	2.3052		0.331	0.4993	0.2172	0.6075	1.0951	0.8532	0.6983	0.1872	1.3361	0.9042	0.2135	1.2043		
		1.2699	0.6353	1.8739	1.2199	1.0236	1.2215	0.7622	0.3458	0.324	1.5603	0.946	1.9703		0.9004	0.4311	0.6167	0.5586	0.6496	0.6063	0.422	0.2619	0.2369	0.6522	0.3116	0.6473		
		0.6063	2.59	0.4218	0.8632	0.5832	0.4978	0.9227	1.9122	1.0445	1.0085	0.6549	1.3575		0.4479	1.5837	0.3215	0.4883	0.3584	0.3739	0.608	1.0412	0.6822	0.5915	0.4277	0.7249		
		0.4773	0.5692	1.1354	0.5229	0.526	1.1842	0.3871	0.3286	0.4766	0.2847	0.2635	0.2661		0.3002	0.3696	0.5586	0.3629	0.3887	0.5103	0.2482	0.1735	0.3106	0.1979	0.1837	0.1864		
		
~End
Copyright © 2003 Molecular Devices. All rights reserved.
