##BLOCKS= 1          
Plate:	Plate#1	1.3	PlateFormat	Endpoint	Absorbance	Raw	FALSE	1						2	490 750	1	12	96	1	8	None	
	Temperature(¡C)	1	2	3	4	5	6	7	8	9	10	11	12		1	2	3	4	5	6	7	8	9	10	11	12		
	25.90	0.2029	0.6777	0.1876	0.1837	0.2316	0.2322	0.2237	0.1912	0.5078	0.181	0.2048	0.1676		0.1428	0.4477	0.1485	0.1474	0.1908	0.1836	0.1483	0.1453	0.3952	0.1511	0.1291	0.1387		
		0.4827	0.1756	0.4101	0.2162	0.192	0.1999	0.1914	0.4326	0.146	0.1653	0.197	0.1541		0.4257	0.1297	0.2882	0.1444	0.1583	0.1487	0.1517	0.3546	0.1217	0.1342	0.1382	0.1254		
		0.1603	0.1596	0.1752	0.1976	0.2336	0.2519	0.2432	0.2186	0.2017	0.2396	0.172	0.206		0.134	0.1353	0.1417	0.1563	0.1698	0.1762	0.1929	0.1584	0.1483	0.1864	0.1388	0.1692		
		0.1888	0.1785	0.1772	0.2168	0.1913	0.188	0.3181	0.1882	0.2624	0.2323	0.2402	0.235		0.1424	0.1451	0.1432	0.1671	0.1338	0.147	0.209	0.1423	0.2089	0.1849	0.1947	0.1721		
		0.278	0.1579	0.2393	0.2185	0.1616	0.1724	0.2158	0.1834	0.1846	0.1772	0.3024	0.5024		0.1615	0.1328	0.1775	0.1748	0.1337	0.1344	0.1695	0.1449	0.1475	0.1406	0.1962	0.4072		
		0.455	0.8394	0.3375	0.665	0.1701	0.1771	0.2576	0.2325	0.1634	0.22	0.1715	0.2067		0.2558	0.493	0.2482	0.4839	0.1437	0.1412	0.1631	0.1744	0.1266	0.1651	0.1357	0.1578		
		0.2511	0.2774	0.1837	0.3142	0.1513	0.1976	0.3241	0.4034	0.2076	0.3249	0.2325	0.2545		0.1664	0.2564	0.1462	0.2368	0.1274	0.1408	0.21	0.2582	0.1612	0.2369	0.1532	0.143		
		0.2291	0.3802	0.1764	0.296	0.6104	0.3204	0.2171	0.2102	0.228	0.1767	0.224	0.1809		0.1612	0.2432	0.1447	0.2086	0.3394	0.2229	0.1392	0.167	0.1567	0.1395	0.1482	0.1336		
		
~End
Copyright © 2003 Molecular Devices. All rights reserved.
