##BLOCKS= 1          
Plate:	Plate#1	1.3	PlateFormat	Endpoint	Absorbance	Raw	FALSE	1						2	490 750	1	12	96	1	8	None	
	Temperature(¡C)	1	2	3	4	5	6	7	8	9	10	11	12		1	2	3	4	5	6	7	8	9	10	11	12		
	27.70	0.2142	0.2439	0.2052	1.9833	0.185	1.5648	0.2105	0.611	2.2048	1.328	0.1927	1.7293		0.1452	0.137	0.161	1.3185	0.1443	1.1584	0.157	0.4231	1.4257	1.0281	0.1197	1.0303		
		0.5741	0.2217	0.2363	0.3299	2.4649	0.3762	1.9272	1.3503	1.6562	1.0745	0.222	2.2039		0.4431	0.1718	0.1576	0.2399	1.5772	0.2795	1.3119	0.7228	1.0281	0.5658	0.1448	1.2345		
		0.1432	0.1511	2.3462	0.1566	1.7559	1.3344	0.9583	2.0789	1.7539	0.6038	0.353	2.3828		0.1425	0.1195	1.126	0.1232	1.0936	1.0005	0.7806	1.3915	1.114	0.3889	0.2357	1.4616		
		1.5974	2.0814	0.3901	2.4338	1.2286	2.2878	0.4602	1.4592	1.0673	1.9316	2.1761	2.9269		1.197	1.2813	0.2841	1.464	0.8942	1.5141	0.3215	0.9202	0.6814	1.1027	1.2521	1.6148		
		0.5282	0.3664	0.1748	0.6679	1.3656	1.0479	0.7137	2.1179	2.6599	1.2749	3.0771	2.3837		0.2688	0.1693	0.1345	0.4239	0.9517	0.7382	0.519	1.4491	1.6703	0.8432	1.6097	1.2426		
		2.3465	1.6767	2.3866	2.1277	2.3528	1.0373	0.2138	0.4492	0.8368	0.1617	0.1906	0.9673		1.1227	0.5924	0.8394	1.0476	0.9979	0.6428	0.1378	0.2992	0.5629	0.1248	0.1436	0.4683		
		0.3648	0.1566	2.212	2.612	0.1516	0.2664	0.1516	0.1511	0.1513	0.1785	0.4099	0.2791		0.3739	0.1318	0.834	0.8379	0.1198	0.1923	0.1185	0.1132	0.1173	0.1356	0.2568	0.2042		
		0.453	0.3131	0.523	2.4335	0.8512	0.2857	0.4382	0.1493	0.1917	0.311	0.1875	0.3318		0.3574	0.257	0.3682	1.0895	0.5202	0.2209	0.338	0.1174	0.1379	0.2893	0.1451	0.2244		
		
~End
Copyright © 2003 Molecular Devices. All rights reserved.
