##BLOCKS= 1          
Plate:	Plate#1	1.3	PlateFormat	Endpoint	Absorbance	Raw	FALSE	1						2	490 750	1	12	96	1	8	None	
	Temperature(¡C)	1	2	3	4	5	6	7	8	9	10	11	12		1	2	3	4	5	6	7	8	9	10	11	12		
	27.70	0.2169	0.3818	0.1611	2.0602	0.216	1.5101	0.2129	0.6387	1.8607	2.1276	2.8728	2.3791		0.1471	0.2862	0.1262	1.1095	0.168	1.1493	0.1684	0.4329	1.1961	1.6982	1.7941	1.4226		
		0.7003	0.3291	0.2897	0.5269	1.8528	0.4882	1.9353	1.5213	2.4575	1.1609	0.2213	1.4742		0.567	0.2354	0.1895	0.3748	1.1888	0.3545	1.2432	0.8397	1.4431	0.5935	0.1417	0.9017		
		0.1607	0.1562	1.608	0.1501	1.5782	1.1721	1.4451	2.5825	2.2214	0.6876	0.7516	2.8415		0.1346	0.1227	0.7175	0.1201	1.009	0.8428	1.1191	1.6586	1.38	0.4392	0.4688	1.6727		
		0.5774	2.357	0.1517	1.6849	2.4115	2.2928	0.1903	2.3092	2.1506	0.7356	1.6963	2.7556		0.5114	1.4131	0.1157	1.1029	1.5155	1.5248	0.1433	1.3651	1.3207	0.4716	1.0981	1.3921		
		0.662	0.3884	0.2825	3.026	0.8063	1.6169	3.083	2.3061	2.5252	1.5532	2.703	2.2729		0.3581	0.1944	0.183	1.7068	0.5248	1.0111	1.796	1.5105	1.5837	1.0773	1.4906	1.1431		
		2.6413	0.9944	2.2114	2.7465	2.7605	0.5926	0.2083	0.3443	0.4419	0.2135	1.0095	0.9416		1.2375	0.6057	0.8708	1.2118	1.1183	0.3553	0.1339	0.2348	0.3166	0.1617	0.592	0.3606		
		0.9737	0.1548	2.574	2.4937	0.1515	0.4581	0.1615	0.1984	0.1816	0.2684	1.0046	1.4945		0.4516	0.1258	0.9963	0.776	0.1227	0.3284	0.1275	0.1501	0.1317	0.1985	0.5801	0.8192		
		0.6315	0.1602	0.1437	2.6264	1.1621	0.524	0.2567	0.2	0.1681	0.3081	0.3089	0.6974		0.2967	0.1246	0.1107	1.1091	0.6411	0.4112	0.1926	0.1403	0.1227	0.2208	0.2407	0.4443		
		
~End
Copyright © 2003 Molecular Devices. All rights reserved.
