##BLOCKS= 1          
Plate:	Plate#1	1.3	PlateFormat	Endpoint	Absorbance	Raw	FALSE	1						2	490 750	1	12	96	1	8	None	
	Temperature(¡C)	1	2	3	4	5	6	7	8	9	10	11	12		1	2	3	4	5	6	7	8	9	10	11	12		
	27.70	0.1978	0.1998	0.2355	2.7294	0.2681	1.8696	0.2755	0.6885	2.1755	1.5375	0.2073	2.307		0.1528	0.114	0.1818	1.5119	0.2091	1.3949	0.1945	0.4794	1.4452	1.169	0.1284	1.3366		
		0.6232	0.2317	0.2629	0.3235	1.7238	0.2962	1.6009	1.4622	1.6566	1.1134	0.1906	1.6548		0.4894	0.1825	0.1841	0.2368	1.2191	0.2174	1.0635	0.7668	1.0172	0.5651	0.1283	0.9869		
		0.1596	0.1591	2.2122	0.1611	1.5721	0.5549	1.2218	2.1435	1.5729	0.4556	0.7034	2.3249		0.1321	0.128	1.0519	0.1288	1.0947	0.4157	0.9011	1.3895	1.0208	0.3036	0.4504	1.3169		
		0.2917	1.6612	0.1509	2.1933	2.2272	1.6214	0.2555	1.9504	1.5874	1.0878	1.7019	2.9231		0.2291	1.1583	0.1196	1.3722	1.4444	1.2157	0.1873	1.2747	1.0279	0.671	1.0385	1.6694		
		0.5878	0.5841	0.3108	2.519	0.7492	0.9355	1.2354	2.4974	1.9753	1.3859	2.6547	2.3347		0.3328	0.3214	0.2161	1.3168	0.4798	0.6564	0.8852	1.5766	1.254	0.9314	1.5582	1.2467		
		2.9339	1.7929	2.3466	2.1387	2.3033	0.7173	0.2149	0.4724	0.3248	0.1704	0.154	2.5029		1.5071	0.6444	0.8353	1.0056	0.9546	0.4591	0.1373	0.3296	0.2426	0.1322	0.1151	1.3651		
		0.4343	0.1378	2.2122	1.6676	0.1438	0.3382	0.1559	0.3306	0.2064	0.15	0.425	0.2364		0.2564	0.1167	0.8266	0.5254	0.1159	0.2438	0.1243	0.2477	0.1536	0.1161	0.2831	0.1697		
		0.3228	0.2236	0.562	2.2313	0.509	0.5541	0.2011	0.1418	0.2363	0.1533	0.6925	0.4423		0.2281	0.1459	0.4007	1.0441	0.3157	0.4359	0.1577	0.1106	0.1834	0.1231	0.4487	0.2898		
		
~End
Copyright © 2003 Molecular Devices. All rights reserved.
