##BLOCKS= 1          
Plate:	Plate#1	1.3	PlateFormat	Endpoint	Absorbance	Raw	FALSE	1						2	490 750	1	12	96	1	8	None	
	Temperature(¡C)	1	2	3	4	5	6	7	8	9	10	11	12		1	2	3	4	5	6	7	8	9	10	11	12		
	28.50	0.2148	0.2282	0.1798	0.1762	0.177	0.5395	0.2168	0.154	0.1872	0.1919	0.2364	0.1681		0.1377	0.1421	0.1375	0.1355	0.1354	0.4616	0.1542	0.1163	0.1436	0.1554	0.1356	0.132		
		0.4106	0.1511	0.3019	0.209	0.2094	0.2083	0.1823	0.5754	2.882	0.1996	0.2159	0.209		0.3783	0.1158	0.2123	0.1449	0.1545	0.142	0.1305	0.4564	1.8878	0.1451	0.147	0.1564		
		0.1994	0.1844	0.1537	0.2157	0.1903	0.1965	0.1523	0.1698	0.168	0.1818	0.1879	0.1587		0.139	0.1438	0.1223	0.1585	0.1339	0.1346	0.1246	0.1285	0.1269	0.1371	0.14	0.127		
		0.2706	0.1715	0.1794	0.2154	0.2127	0.1964	0.198	0.2088	0.1881	0.1583	0.2014	0.1627		0.1655	0.1292	0.1305	0.1483	0.1434	0.1363	0.1388	0.1468	0.1389	0.1251	0.153	0.1254		
		0.2074	0.1763	0.1612	0.1936	0.1647	0.2024	0.2667	0.1737	0.236	0.1793	0.2203	0.1608		0.1333	0.1301	0.1215	0.1412	0.1308	0.1405	0.1995	0.1414	0.1796	0.1381	0.158	0.1145		
		0.23	1.0529	0.2184	0.3516	0.1709	0.1659	0.2575	0.3057	0.168	0.1994	0.2062	0.1978		0.1884	0.8246	0.1787	0.2952	0.1332	0.1262	0.1583	0.2325	0.129	0.1451	0.1568	0.1521		
		0.174	0.3425	0.1977	0.1692	0.1474	0.1744	0.2089	0.2116	0.2129	0.2042	0.3118	0.2233		0.1322	0.3234	0.1609	0.1324	0.1213	0.14	0.1432	0.1394	0.1461	0.1435	0.209	0.1506		
		0.177	0.1958	0.1727	0.2268	0.7539	0.2734	0.2655	0.203	0.2363	0.1835	0.2004	0.1766		0.133	0.1351	0.1292	0.1897	0.638	0.1971	0.1778	0.1461	0.1523	0.1333	0.1353	0.1252		
		
~End
Copyright © 2003 Molecular Devices. All rights reserved.
