##BLOCKS= 1          
Plate:	Plate#1	1.3	PlateFormat	Endpoint	Absorbance	Raw	FALSE	1						2	490 750	1	12	96	1	8	None	
	Temperature(¡C)	1	2	3	4	5	6	7	8	9	10	11	12		1	2	3	4	5	6	7	8	9	10	11	12		
	28.50	0.2103	0.2262	0.1898	0.1701	0.1733	0.7256	0.2858	0.1546	0.1584	0.2121	0.3023	0.1999		0.1451	0.1282	0.1439	0.129	0.1345	0.6232	0.2231	0.1179	0.1197	0.1726	0.1844	0.1575		
		0.6254	0.1568	0.3078	0.2131	0.2009	0.1803	0.1988	0.6641	0.5565	0.1917	0.214	0.1771		0.5078	0.1148	0.2146	0.1428	0.1595	0.1318	0.1448	0.5179	0.4764	0.1405	0.1463	0.1381		
		0.3091	0.1629	0.1547	0.2058	0.1841	0.198	0.1625	0.1908	0.1898	0.1962	0.186	0.1968		0.1985	0.1279	0.1228	0.1472	0.1294	0.138	0.1319	0.1381	0.135	0.1425	0.1401	0.1606		
		0.2213	0.1957	0.2093	0.2008	0.2041	0.1789	0.2271	0.2181	0.1955	0.1756	0.2282	0.1644		0.1458	0.145	0.1454	0.1393	0.1436	0.1401	0.1644	0.1698	0.149	0.1392	0.1695	0.1314		
		0.2152	0.2297	0.1573	0.1879	0.1886	0.2025	0.3231	0.1703	0.227	0.192	0.192	0.1994		0.1266	0.1727	0.1213	0.1371	0.1501	0.1436	0.254	0.134	0.1666	0.143	0.1418	0.1444		
		0.2614	0.8868	0.287	0.2714	0.1525	0.175	0.2473	0.2907	0.1809	0.1953	0.1824	0.1701		0.1959	0.7442	0.2365	0.2242	0.1222	0.13	0.1534	0.2273	0.1359	0.1439	0.1376	0.1341		
		0.1864	0.3484	0.2255	0.2224	0.149	0.23	0.1863	0.2325	0.2154	0.206	0.1991	0.2497		0.1415	0.3076	0.1868	0.1781	0.1218	0.1911	0.135	0.1524	0.1507	0.1428	0.1354	0.1739		
		0.181	0.254	0.1787	0.2165	0.392	0.2192	0.2704	0.232	0.2289	0.1912	0.1883	0.1848		0.1391	0.169	0.1329	0.1803	0.3215	0.1581	0.1832	0.1915	0.1487	0.1391	0.1356	0.1317		
		
~End
Copyright © 2003 Molecular Devices. All rights reserved.
