##BLOCKS= 1          
Plate:	Plate#1	1.3	PlateFormat	Endpoint	Absorbance	Raw	FALSE	1						2	490 750	1	12	96	1	8	None	
	Temperature(¡C)	1	2	3	4	5	6	7	8	9	10	11	12		1	2	3	4	5	6	7	8	9	10	11	12		
	28.30	0.1692	0.1695	0.1852	0.2466	0.1756	0.1648	0.1728	0.2063	0.1817	0.1708	0.2297	0.165		0.1326	0.1143	0.142	0.1977	0.1406	0.1327	0.1395	0.1517	0.1309	0.1369	0.1352	0.1305		
		0.5215	0.1749	0.2603	0.1724	0.1647	0.1631	0.1737	0.1416	0.1656	0.1727	0.203	0.1592		0.4272	0.1621	0.1818	0.1367	0.1349	0.1324	0.1405	0.1145	0.1333	0.1387	0.1444	0.127		
		0.1796	0.1761	0.1668	0.1919	0.1833	0.1733	0.1857	0.1691	0.1669	0.1751	0.1848	0.2415		0.1345	0.1409	0.1328	0.1481	0.1392	0.1428	0.1472	0.1385	0.1346	0.1425	0.1511	0.1937		
		0.2733	0.1589	0.1641	0.1682	0.1659	0.1713	0.1753	0.1714	0.167	0.1627	0.1598	0.1793		0.2595	0.1271	0.1348	0.138	0.135	0.1386	0.1417	0.137	0.1339	0.1315	0.1311	0.1434		
		0.2685	0.1627	0.1587	0.1674	0.1654	0.1813	0.169	0.1763	0.1616	0.185	0.1842	0.2322		0.1468	0.13	0.1294	0.1357	0.1329	0.1456	0.1377	0.1431	0.1324	0.1471	0.1478	0.1615		
		0.1968	0.1716	0.1672	0.1774	0.1664	0.2053	0.2395	0.1691	0.1736	0.1721	0.1625	0.1911		0.152	0.1411	0.1379	0.141	0.1371	0.144	0.1555	0.1338	0.1412	0.1409	0.1328	0.1525		
		0.1668	1.2378	0.1591	0.1671	0.1606	0.1578	0.1734	0.1665	0.1779	0.1642	0.1653	0.2759		0.1331	0.7929	0.131	0.1369	0.1293	0.1305	0.1346	0.1351	0.1381	0.1289	0.1344	0.205		
		0.1787	0.17	0.1577	0.1605	0.1645	0.1831	0.1687	0.1969	0.1848	0.1852	0.1477	0.1798		0.1318	0.1351	0.1254	0.1322	0.1311	0.1444	0.1337	0.1414	0.1375	0.148	0.1205	0.1404		
		
~End
Copyright © 2003 Molecular Devices. All rights reserved.
