##BLOCKS= 1          
Plate:	Plate#1	1.3	PlateFormat	Endpoint	Absorbance	Raw	FALSE	1						2	490 750	1	12	96	1	8	None	
	Temperature(¡C)	1	2	3	4	5	6	7	8	9	10	11	12		1	2	3	4	5	6	7	8	9	10	11	12		
	28.30	0.1913	0.1728	0.1853	0.1652	0.1621	0.1712	0.1672	0.184	0.1912	0.1919	0.3141	0.1532		0.1357	0.1152	0.1507	0.1331	0.133	0.139	0.1339	0.1362	0.1403	0.1546	0.2082	0.124		
		0.5437	0.147	0.2992	0.175	0.1694	0.1634	0.1696	0.1459	0.1747	0.1741	0.2132	0.1923		0.3995	0.1156	0.204	0.1412	0.1368	0.1322	0.1363	0.1165	0.1396	0.14	0.1552	0.148		
		0.1862	0.174	0.1675	0.1961	0.1767	0.1695	0.1845	0.1692	0.169	0.1598	0.1609	0.1595		0.1443	0.1394	0.1355	0.1526	0.1353	0.1394	0.1462	0.1367	0.1368	0.1305	0.1314	0.1298		
		0.2482	0.1652	0.16	0.168	0.1656	0.1647	0.1687	0.1641	0.1684	0.165	0.204	0.2039		0.1576	0.134	0.1348	0.1376	0.1396	0.1359	0.1396	0.1331	0.1376	0.1329	0.1607	0.1643		
		0.3246	0.1651	0.1568	0.1584	0.1998	0.1624	0.1679	0.1723	0.1618	0.1684	0.1575	0.1959		0.1939	0.1323	0.1283	0.1287	0.1487	0.1316	0.1368	0.1389	0.1324	0.1372	0.1292	0.1318		
		0.1616	0.1752	0.1646	0.1791	0.1674	0.1991	0.2517	0.1843	0.1627	0.1671	0.1601	0.2798		0.1389	0.1394	0.1362	0.1424	0.1376	0.1409	0.158	0.1422	0.133	0.1372	0.1298	0.222		
		0.1806	0.9817	0.168	0.1684	0.1611	0.1738	0.1858	0.1703	0.1874	0.1628	0.172	0.1749		0.1432	0.5985	0.1393	0.137	0.13	0.1432	0.1439	0.1372	0.1438	0.1272	0.1381	0.1393		
		0.5082	0.1867	0.9697	0.1679	0.1655	0.1631	0.1899	0.1941	0.1939	0.1629	0.1523	0.3945		0.3831	0.1526	0.9653	0.1362	0.1324	0.1321	0.1499	0.145	0.1383	0.1305	0.1235	0.3209		
		
~End
Copyright © 2003 Molecular Devices. All rights reserved.
