##BLOCKS= 1          
Plate:	Plate#1	1.3	PlateFormat	Endpoint	Absorbance	Raw	FALSE	1						2	490 750	1	12	96	1	8	None	
	Temperature(¡C)	1	2	3	4	5	6	7	8	9	10	11	12		1	2	3	4	5	6	7	8	9	10	11	12		
	28.20	0.2961	0.1604	0.1668	0.19	0.1918	0.1688	0.1587	0.1785	0.2463	0.1584	0.2438	0.1914		0.2297	0.1088	0.1358	0.1551	0.156	0.1347	0.1273	0.1321	0.1793	0.1304	0.1462	0.1497		
		0.5928	0.1476	0.2564	0.1653	0.1652	0.1677	0.1607	0.1442	0.1659	0.1755	0.1997	0.1587		0.4393	0.1134	0.1813	0.1339	0.1346	0.1349	0.1314	0.1138	0.1326	0.1399	0.1427	0.1255		
		0.174	0.1749	0.1798	0.1949	0.1822	0.1779	0.1879	0.1766	0.1585	0.1758	0.1753	0.2192		0.1362	0.1394	0.1431	0.1513	0.1355	0.1442	0.1485	0.1453	0.1296	0.1422	0.1408	0.172		
		0.1672	0.167	0.1758	0.1765	0.1706	0.174	0.172	0.167	0.168	0.1833	0.2249	0.1475		0.1477	0.1342	0.1428	0.1464	0.1405	0.1414	0.1416	0.1377	0.1368	0.148	0.1832	0.1203		
		0.2466	0.1597	0.1594	0.1693	0.1733	0.1693	0.179	0.1737	0.1744	0.1726	0.1722	0.2072		0.1414	0.1313	0.1299	0.1368	0.1373	0.1367	0.146	0.1402	0.1419	0.1388	0.139	0.1412		
		0.1627	0.1737	0.1668	0.1731	0.1648	0.2089	0.2541	0.17	0.1805	0.1784	0.1634	0.3574		0.1614	0.1386	0.1374	0.1391	0.1359	0.1449	0.1577	0.1327	0.1462	0.1447	0.1334	0.2957		
		0.1666	1.0354	0.1586	0.1781	0.1677	0.1552	0.1798	0.1606	0.1809	0.1697	0.1669	0.162		0.1377	0.6538	0.1307	0.144	0.1354	0.1286	0.1409	0.1297	0.1422	0.1315	0.1357	0.1335		
		0.2117	0.1667	0.1639	0.172	0.1695	0.1891	0.2433	0.1979	0.1936	0.1605	0.1856	0.1831		0.1992	0.1351	0.1286	0.1389	0.1341	0.1477	0.1893	0.1467	0.1395	0.1263	0.1466	0.1454		
		
~End
Copyright © 2003 Molecular Devices. All rights reserved.
