##BLOCKS= 1          
Plate:	Plate#1	1.3	PlateFormat	Endpoint	Absorbance	Raw	FALSE	1						2	490 750	1	12	96	1	8	None	
	Temperature(¡C)	1	2	3	4	5	6	7	8	9	10	11	12		1	2	3	4	5	6	7	8	9	10	11	12		
	23.10	0.3048	1.1912	0.3159	2.6694	0.3135	0.8708	1.2566	1.5532	1.4832	2.12	3.1746	2.0566		0.2125	0.649	0.2365	1.5721	0.2219	0.5708	0.6731	1.2002	1.0549	1.4674	0.9238	1.5083		
		0.4576	2.0826	2.1158	0.417	2.2668	1.962	2.2179	1.2574	2.0401	1.1454	2.0909	2.2049		0.3624	1.3324	1.3575	0.2866	1.3913	1.4044	1.5505	0.8514	1.4582	0.6794	1.4053	1.5841		
		1.5232	0.3343	1.6762	1.6489	1.4138	2.2015	0.4465	2.0936	2.8832	2.4815	2.451	2.2566		0.8599	0.2538	0.856	1.0914	0.9342	1.2769	0.3187	1.3904	1.9832	1.6435	1.651	1.5922		
		1.7794	2.2711	0.2929	2.1162	0.4106	2.4349	0.3944	1.8229	0.3952	0.5592	2.2779	2.3007		1.2944	1.6068	0.222	1.0306	0.2849	1.5776	0.2872	1.1963	0.2731	0.354	1.1543	1.4183		
		1.9705	1.5283	0.31	1.2941	2.3746	2.804	2.5774	0.4726	2.1461	0.3917	0.395	2.0136		1.2543	0.735	0.2257	0.8868	1.555	1.6611	1.7781	0.3147	1.0971	0.2674	0.2646	1.0784		
		1.2456	1.013	1.4956	1.7811	1.0706	2.1916	1.3946	0.4399	0.4968	1.2679	1.9318	2.436		0.9396	0.6451	0.6981	1.2036	0.8086	1.1598	0.6242	0.3197	0.3461	0.7156	0.8337	0.9411		
		0.4576	1.5949	1.1974	0.9245	1.5991	0.376	0.5804	1.5915	0.5779	1.3283	1.0337	1.9243		0.2826	1.0934	0.8778	0.5199	0.8438	0.2712	0.3629	1.0786	0.3818	0.8445	0.5999	0.9632		
		0.4483	1.6862	2.0329	1.2922	1.9945	1.2553	1.5549	0.3261	0.302	0.282	0.2484	0.2853		0.2729	0.7674	1.164	0.8144	0.997	0.7719	0.9523	0.1959	0.2018	0.1909	0.1627	0.1721		
		
~End
Copyright © 2003 Molecular Devices. All rights reserved.
