##BLOCKS= 1          
Plate:	Plate#1	1.3	PlateFormat	Endpoint	Absorbance	Raw	FALSE	1						2	490 750	1	12	96	1	8	None	
	Temperature(¡C)	1	2	3	4	5	6	7	8	9	10	11	12		1	2	3	4	5	6	7	8	9	10	11	12		
	23.10	0.2606	1.0351	0.2472	2.5643	0.238	0.731	1.1363	1.4862	1.5392	2.018	3.0691	2.1127		0.1681	0.5646	0.169	1.357	0.1506	0.4554	0.5992	1.1174	1.068	1.3958	0.8537	1.468		
		0.4436	1.1732	1.8594	0.3358	2.1169	2.0347	2.1971	1.1292	1.9674	1.0151	1.9458	1.9884		0.3542	0.7595	1.2004	0.2142	1.1291	1.4515	1.5549	0.7469	1.3707	0.5738	1.2976	1.4263		
		1.5561	0.3005	1.6782	1.74	1.308	2.0074	0.4323	2.3245	2.8286	2.3512	2.1296	2.3696		0.8649	0.1975	0.7983	1.0706	0.8214	1.0555	0.2772	1.407	1.699	1.5298	1.1818	1.6393		
		2.1083	2.2217	0.2881	2.2172	0.4168	2.1044	0.3678	2.0198	0.3376	0.497	1.9925	2.3774		1.5036	1.5708	0.1959	1.0636	0.2652	1.2332	0.2371	1.0999	0.2077	0.2974	1.0408	1.4538		
		1.9445	1.3501	0.2861	1.1472	2.0261	2.6471	2.6987	0.4131	2.1755	0.3338	0.3812	2.1143		1.2718	0.6067	0.1955	0.715	1.2662	1.3858	1.8635	0.2501	1.1008	0.2195	0.2429	0.9836		
		1.1878	0.9615	1.786	1.5856	1.0129	2.1898	1.435	0.391	0.4504	1.2067	1.777	2.0842		0.8701	0.5969	0.8665	1.0445	0.7559	1.1258	0.6636	0.2614	0.2895	0.6586	0.6674	0.8872		
		0.5002	1.5531	1.2903	0.9468	1.3944	0.3335	0.5835	1.5365	0.5012	1.1641	1.114	1.1811		0.3145	1.0029	0.9386	0.4957	0.7153	0.2235	0.3432	1.0086	0.3106	0.7031	0.6411	0.5887		
		0.5488	1.5935	2.0483	1.1803	1.9265	1.3967	1.4309	0.2508	0.2576	0.2557	0.28	0.2914		0.3175	0.7933	1.1555	0.6943	0.9521	0.8874	0.8211	0.1555	0.1619	0.1645	0.1751	0.1796		
		
~End
Copyright © 2003 Molecular Devices. All rights reserved.
