##BLOCKS= 1          
Plate:	Plate#1	1.3	PlateFormat	Endpoint	Absorbance	Raw	FALSE	1						2	490 750	1	12	96	1	8	None	
	Temperature(¡C)	1	2	3	4	5	6	7	8	9	10	11	12		1	2	3	4	5	6	7	8	9	10	11	12		
	22.70	0.3509	1.8998	0.4045	2.7223	0.161	2.6503	2.4782	0.7285	2.6237	2.7647	2.9628	2.2846		0.2544	0.8289	0.3008	1.5996	0.1254	1.6154	1.1956	0.5485	1.417	1.3527	1.4788	1.3655		
		0.6016	2.9198	2.5681	2.5151	2.3976	0.6668	3.043	1.1538	2.3451	1.2434	1.7866	1.7528		0.4894	1.448	1.506	1.6162	1.3594	0.4985	1.5088	0.6243	1.4499	0.6104	0.7066	1.0063		
		1.3867	0.1794	1.5355	2.8323	2.46	2.4052	0.4963	2.9884	2.6966	2.4641	2.0282	2.0763		0.877	0.1452	1.1561	1.5752	1.0268	1.0534	0.3608	1.4035	1.2774	1.2992	1.2557	1.2615		
		2.7007	2.0178	2.0251	2.0796	0.5848	2.9073	0.8899	2.8289	2.819	0.6161	1.8632	2.7099		1.3717	1.3062	1.275	1.2764	0.4409	1.5732	0.6021	1.6559	1.4424	0.4502	1.1755	1.4196		
		0.6556	1.1514	0.3299	2.8456	0.6089	2.4023	2.5305	0.5702	2.2378	2.3599	0.7411	1.9169		0.4264	0.5995	0.2511	1.5175	0.472	1.5342	1.5686	0.4256	1.3033	1.0853	0.5609	1.0999		
		0.8208	0.9784	1.27	1.0665	0.6149	0.8179	0.8452	0.4363	0.4687	0.4922	1.2045	1.0431		0.5782	0.6397	0.9646	0.7503	0.4596	0.5822	0.6118	0.3186	0.3437	0.3711	0.9173	0.7001		
		0.8613	2.3857	0.7702	0.8973	1.448	0.463	0.4363	0.4718	0.5504	0.2445	0.3919	0.7064		0.6532	1.6449	0.5509	0.6807	0.9815	0.325	0.3383	0.2949	0.4185	0.1899	0.2849	0.4831		
		0.4205	0.7782	0.5132	0.486	0.4192	0.5814	0.2526	0.3796	0.2826	0.3179	0.3423	0.3247		0.2964	0.5397	0.3804	0.3505	0.293	0.4243	0.1955	0.2808	0.2138	0.2341	0.2563	0.2402		
		
~End
Copyright © 2003 Molecular Devices. All rights reserved.
