##BLOCKS= 1          
Plate:	Plate#1	1.3	PlateFormat	Endpoint	Absorbance	Raw	FALSE	1						2	490 750	1	12	96	1	8	None	
	Temperature(¡C)	1	2	3	4	5	6	7	8	9	10	11	12		1	2	3	4	5	6	7	8	9	10	11	12		
	22.70	0.3875	1.9481	0.426	2.8702	0.1947	2.8411	2.1395	0.6909	2.7752	2.9208	2.2901	2.0494		0.2864	0.8115	0.3169	1.6052	0.1456	1.7428	1.0709	0.5205	1.5229	1.4273	1.1432	1.3167		
		0.6917	3.136	2.4784	2.6234	2.1218	0.65	2.8023	1.3806	1.709	1.2742	2.1026	1.681		0.571	1.5731	1.4467	1.6488	1.2139	0.4768	1.1702	0.762	1.0158	0.5705	0.8194	0.9744		
		1.5854	0.1979	1.4321	2.3453	2.2129	2.3447	0.4548	2.8353	2.9601	2.8957	2.0266	1.9493		1.0052	0.1547	1.0777	1.4869	0.8781	1.1003	0.3254	1.3819	1.4447	1.5984	1.2511	1.2127		
		2.2723	2.2792	2.1409	2.6321	0.5713	2.5542	0.7941	2.7454	2.6579	0.6684	2.4825	2.6876		1.0468	1.4515	1.362	1.5791	0.4184	1.3607	0.6309	1.6003	1.3759	0.4778	1.5476	1.3774		
		0.7007	1.2368	0.2804	2.9765	0.5322	1.9717	2.6126	0.4511	2.3976	2.4832	0.4648	2.3528		0.4289	0.6599	0.2136	1.6176	0.3942	1.2612	1.689	0.3324	1.3884	1.2141	0.354	1.2621		
		0.6185	1.1583	1.2136	0.9264	0.6585	0.7761	0.9549	0.4703	0.5238	0.4659	1.0808	1.1144		0.4208	0.7802	0.9098	0.6423	0.4991	0.5479	0.6843	0.3417	0.389	0.3459	0.8312	0.7766		
		0.7665	2.1334	0.708	0.964	1.2769	0.4461	0.4325	0.4828	0.4744	0.2664	0.5532	0.7894		0.694	1.4456	0.5081	0.732	0.8909	0.3076	0.3269	0.3312	0.3599	0.2062	0.4089	0.4984		
		0.4456	0.6893	0.4093	0.4834	0.3539	0.4438	0.3408	0.2956	0.3438	0.3327	0.4107	0.4452		0.3439	0.5074	0.3034	0.3464	0.2516	0.3323	0.2607	0.2233	0.2628	0.2453	0.3058	0.3332		
		
~End
Copyright © 2003 Molecular Devices. All rights reserved.
