##BLOCKS= 1          
Plate:	Plate#1	1.3	PlateFormat	Endpoint	Absorbance	Raw	FALSE	1						2	490 750	1	12	96	1	8	None	
	Temperature(¡C)	1	2	3	4	5	6	7	8	9	10	11	12		1	2	3	4	5	6	7	8	9	10	11	12		
	21.60	0.7202	2.2616	1.1369	2.5288	0.9058	1.7536	1.2361	1.6573	2.2039	1.8312	1.7222	2.2009		0.2843	1.1131	0.4825	1.6578	0.4255	1.0293	0.641	1.1682	1.3299	1.3276	0.9482	1.2421		
		0.6399	2.0673	1.9447	0.9176	2.0643	0.6418	2.1591	1.092	1.7764	1.6662	0.1809	2.1057		0.4841	1.5348	1.3831	0.4271	1.3283	0.3234	1.3862	0.7418	1.1343	0.9151	0.1211	1.2175		
		0.9905	0.1315	1.2942	2.0398	1.8357	1.7489	1.6006	2.3808	2.112	2.2833	2.0012	2.3393		0.5083	0.1018	0.658	1.2775	1.0832	1.1871	0.9422	1.7221	1.4945	1.5429	1.3927	1.5505		
		2.2147	2.3451	2.1738	1.9619	1.8992	1.9092	2.2298	1.7489	2.4043	0.7286	2.1128	1.8111		1.5275	1.5024	1.4623	1.3476	1.1262	1.3406	1.4806	1.0127	1.5265	0.3604	1.4222	1.3105		
		1.0087	1.1101	1.3578	2.1591	1.1609	2.2483	2.3954	0.9406	1.9785	2.3375	1.3311	2.0661		0.3623	0.4845	0.6111	1.5054	0.6395	1.6432	1.4992	0.4189	1.1904	1.5242	0.6934	1.2746		
		1.8824	0.9812	2.1386	2.3747	1.8912	1.9117	1.0931	1.5273	0.8219	1.3094	1.7761	1.8517		0.8999	0.5983	0.9989	1.0491	0.9495	0.9848	0.6046	0.4644	0.3995	0.7913	1.0128	0.9071		
		1.9214	2.0954	1.6715	1.5314	1.2654	2.4211	0.6429	1.5168	0.4641	0.9271	1.5677	1.7911		1.0015	1.3892	0.9941	0.7988	0.6426	0.9919	0.3344	0.9548	0.2273	0.4929	0.7147	0.9874		
		0.9512	0.8975	1.925	1.3084	0.8971	0.7696	1.3919	0.908	0.5518	0.8655	0.7221	0.5713		0.4139	0.4064	1.3256	0.4989	0.4923	0.3179	0.5607	0.4057	0.2387	0.3819	0.2636	0.2442		
		
~End
Copyright © 2003 Molecular Devices. All rights reserved.
