##BLOCKS= 1          
Plate:	Plate#1	1.3	PlateFormat	Endpoint	Absorbance	Raw	FALSE	1						2	490 750	1	12	96	1	8	None	
	Temperature(¡C)	1	2	3	4	5	6	7	8	9	10	11	12		1	2	3	4	5	6	7	8	9	10	11	12		
	22.50	0.2778	0.7517	0.2623	1.3095	0.2815	0.5644	1.47	0.6044	1.3991	0.3678	2.6521	2.1413		0.1562	0.4257	0.1586	0.7794	0.162	0.3465	0.9546	0.3544	0.7615	0.2361	0.9258	1.209		
		0.4973	0.2489	1.7253	2.3757	2.203	0.8991	1.5443	1.1493	2.35	0.4962	1.2516	2.3307		0.3952	0.172	1.1387	1.3733	1.0842	0.4905	0.7628	0.7605	1.0507	0.2861	0.7889	0.972		
		0.6777	0.1957	1.3937	1.0444	1.2097	1.78	1.3087	2.3971	0.4469	1.5988	2.1779	1.4624		0.3625	0.1304	0.6581	0.6592	0.7681	0.8621	0.5875	1.4163	0.2388	1.187	1.2042	0.7593		
		2.3388	2.2738	2.692	1.464	0.3681	2.4497	0.3918	1.7823	0.9995	0.4199	3.196	1.9846		1.2597	1.0492	1.2969	0.7506	0.1932	1.3831	0.2093	0.9255	0.5726	0.225	1.3902	1.092		
		0.994	0.7272	0.3509	2.6531	1.2313	0.3383	2.3262	0.3575	2.5481	1.1075	0.3726	1.7189		0.4869	0.3773	0.1893	1.4896	0.7676	0.1684	1.0767	0.2156	1.225	0.6779	0.2004	0.803		
		1.4772	1.0022	1.7668	1.4487	0.8366	1.2431	1.0825	0.2974	0.339	1.4998	0.8496	2.4822		1.0082	0.4363	0.851	0.6857	0.3765	0.4706	0.4758	0.1599	0.2053	0.8696	0.3693	1.0122		
		0.4277	1.4287	0.3849	1.2894	1.7283	1.3792	0.396	1.2619	1.0119	0.856	0.6923	1.0038		0.2934	0.8873	0.2563	0.5435	0.8012	0.6641	0.2074	0.6522	0.5504	0.4257	0.3006	0.4501		
		0.5978	0.3859	0.3897	1.0602	0.3982	1.773	0.2972	0.2709	1.5038	0.4524	0.3091	0.3746		0.2808	0.202	0.2005	0.5469	0.2859	0.7229	0.1428	0.1626	0.635	0.2958	0.1764	0.2006		
		
~End
Copyright © 2003 Molecular Devices. All rights reserved.
