##BLOCKS= 1          
Plate:	Plate#1	1.3	PlateFormat	Endpoint	Absorbance	Raw	FALSE	1						2	490 750	1	12	96	1	8	None	
	Temperature(¡C)	1	2	3	4	5	6	7	8	9	10	11	12		1	2	3	4	5	6	7	8	9	10	11	12		
	22.50	0.2917	1.5815	0.2822	2.9325	0.3535	0.6877	0.7779	0.502	1.3437	0.4043	2.4247	1.8232		0.1745	0.702	0.1738	1.6602	0.222	0.4238	0.4429	0.3312	0.7009	0.2638	0.791	1.1113		
		0.3001	0.1995	1.8219	2.2192	2.0887	0.9822	2.5153	1.0287	1.9308	0.5316	0.5789	1.8961		0.2262	0.148	1.2116	1.3387	1.0059	0.5699	1.2103	0.6952	1.1146	0.34	0.3218	0.9068		
		0.6932	0.1893	1.2229	1.1159	0.9712	1.6731	1.5169	2.4296	1.4537	2.3678	2.2403	1.9956		0.3779	0.1291	0.5505	0.5835	0.6106	0.7625	0.6288	1.4222	1.0935	1.5024	1.1932	0.9817		
		1.6596	1.8872	2.1847	2.5864	0.3476	2.5905	0.3529	1.7989	1.2296	0.4907	3.0351	1.4275		0.9569	1.0237	1.003	1.2481	0.2016	1.3745	0.213	0.92	0.7225	0.2621	1.1782	0.8382		
		0.7721	0.8376	0.2999	2.065	1.2732	2.0032	2.4937	0.3409	2.4474	1.9629	0.3587	1.9432		0.4158	0.4088	0.1755	1.0079	0.8102	1.0234	1.0601	0.2167	1.2509	1.2107	0.2115	0.9548		
		2.0553	0.7704	1.1327	1.5518	1.848	1.7718	1.8842	0.3632	0.36	0.8581	0.7545	1.2033		1.3772	0.4059	0.4847	0.8445	0.7975	0.7224	0.8505	0.2528	0.2275	0.4214	0.3384	0.4813		
		0.2939	2.0609	0.3694	0.9051	1.5087	2.1753	0.4671	1.0489	1.8244	1.0014	0.586	1.0133		0.1899	0.9565	0.2471	0.3533	0.7485	1.0334	0.2459	0.5433	0.9514	0.4772	0.2849	0.4994		
		0.5709	0.5856	1.0944	0.9233	0.6133	1.7146	0.4847	0.3152	1.887	0.3088	0.2342	0.3258		0.3094	0.3071	0.5239	0.4794	0.4204	0.6974	0.1893	0.1612	0.8127	0.1912	0.1546	0.1901		
		
~End
Copyright © 2003 Molecular Devices. All rights reserved.
