##BLOCKS= 1          
Plate:	Plate#1	1.3	PlateFormat	Endpoint	Absorbance	Raw	FALSE	1						2	490 750	1	12	96	1	8	None	
	Temperature(¡C)	1	2	3	4	5	6	7	8	9	10	11	12		1	2	3	4	5	6	7	8	9	10	11	12		
	22.60	0.3552	1.5307	0.2796	1.0362	0.3823	0.6824	0.8163	0.6433	1.6847	0.5025	2.5001	1.9616		0.1893	0.6941	0.1662	0.6622	0.2146	0.4309	0.401	0.4112	0.767	0.3499	0.9482	1.0588		
		0.4185	0.2128	1.7675	2.414	2.2189	1.1139	1.7946	1.4303	1.8581	0.4869	1.1584	2.5389		0.317	0.1528	1.1545	1.5399	1.0678	0.6769	0.8651	0.9964	1.0216	0.322	0.7169	1.1952		
		0.7592	0.2141	1.2641	1.1935	1.1184	1.5894	1.6666	2.4043	1.6731	2.2864	2.2669	1.9561		0.3926	0.1407	0.5949	0.7505	0.6926	0.8305	0.7277	1.3766	1.2095	1.4782	1.1791	0.9589		
		1.9277	2.2046	2.3687	1.9853	0.4357	2.3022	0.4132	2.1222	1.0553	0.5364	1.6369	1.4059		0.9886	1.0763	1.1808	0.9794	0.2306	1.2989	0.2123	1.0558	0.6219	0.2737	0.7561	0.7807		
		0.6507	1.1185	0.3207	2.0666	1.2195	1.8134	2.7293	0.5851	2.2695	1.7269	0.3203	1.9655		0.3332	0.5512	0.1814	1.1482	0.7767	0.9139	1.3217	0.4622	1.1947	1.0467	0.1686	0.8806		
		1.7817	0.8257	1.2926	1.3613	1.8569	1.9214	1.5113	0.3418	0.3642	1.1387	1.1739	1.5626		1.2658	0.4419	0.5629	0.8065	0.8103	0.8827	0.7005	0.2355	0.2402	0.6301	0.4712	0.5293		
		0.1989	1.2088	0.4542	1.3183	1.6198	2.2322	0.6039	1.2664	1.6531	1.0266	0.6211	1.4358		0.1377	0.6306	0.3047	0.472	0.7622	0.8976	0.3147	0.6467	0.8049	0.512	0.2842	0.7185		
		0.3471	0.6155	1.5319	1.0915	0.7669	2.4712	0.4966	0.3741	1.5562	0.2754	0.3057	0.312		0.2154	0.3128	0.7434	0.5589	0.5565	0.964	0.1936	0.1779	0.7031	0.1674	0.1812	0.1934		
		
~End
Copyright © 2003 Molecular Devices. All rights reserved.
