##BLOCKS= 1          
Plate:	Plate#1	1.3	PlateFormat	Endpoint	Absorbance	Raw	FALSE	1						2	490 750	1	12	96	1	8	None	
	Temperature(¡C)	1	2	3	4	5	6	7	8	9	10	11	12		1	2	3	4	5	6	7	8	9	10	11	12		
	22.10	0.2431	1.1266	0.1999	3.1688	0.2548	3.1652	0.4294	0.6537	1.7842	1.3749	2.745	2.5329		0.184	0.7548	0.1533	1.9953	0.1857	2.6345	0.2916	0.482	1.2297	1.0164	1.3122	1.604		
		0.5362	2.1512	2.5048	3.3615	2.3537	1.0969	2.1951	1.0416	2.083	0.4054	1.5462	2.3805		0.4224	1.4123	1.5722	2.3905	1.4772	0.7712	1.4491	0.7069	1.2795	0.2694	0.9957	1.4297		
		0.6022	0.1378	0.793	2.9924	1.5116	1.8592	1.9526	2.6398	0.4203	2.3507	1.9717	2.007		0.3988	0.1096	0.5176	1.9435	0.9744	1.2073	0.8427	1.7723	0.2918	1.5675	1.3233	1.307		
		2.4681	2.289	2.2183	2.0937	0.4665	3.1714	3.0385	2.0849	1.7002	0.4885	1.8729	2.2906		1.7885	1.4865	1.3878	1.3971	0.3185	2.4553	2.0258	1.3995	1.1372	0.3314	1.1964	1.7138		
		2.3524	1.31	0.2646	3.2045	1.8393	1.9333	1.9956	0.3566	2.1694	2.191	0.3199	2.6377		1.4578	0.7872	0.1855	2.4111	1.3257	1.3219	1.2411	0.2577	1.4455	1.4364	0.2341	1.6433		
		2.36	1.0423	1.4716	2.1153	1.9841	2.4172	1.256	0.3525	0.361	1.4289	1.515	2.0717		1.6165	0.684	0.9392	1.368	1.2172	1.5562	0.7548	0.2481	0.2636	0.949	0.828	1.018		
		1.207	1.9679	1.537	1.1691	0.8815	0.6904	0.6172	2.0943	1.4061	1.6498	1.223	1.9294		0.6239	1.4686	1.0025	0.7778	0.5534	0.4935	0.3854	1.1873	0.892	0.8642	0.7575	1.0924		
		0.421	2.607	0.6558	0.7064	2.6889	1.6123	0.3216	0.2515	1.4221	0.2039	0.2324	0.2749		0.3022	1.6333	0.4089	0.4779	1.7505	0.8465	0.218	0.161	0.9064	0.1559	0.1796	0.2102		
		
~End
Copyright © 2003 Molecular Devices. All rights reserved.
