##BLOCKS= 1          
Plate:	Plate#1	1.3	PlateFormat	Endpoint	Absorbance	Raw	FALSE	1						2	490 750	1	12	96	1	8	None	
	Temperature(¡C)	1	2	3	4	5	6	7	8	9	10	11	12		1	2	3	4	5	6	7	8	9	10	11	12		
	22.20	0.2215	1.1182	0.2229	2.6111	0.2763	3.1142	0.479	0.6811	1.6971	0.9417	2.8558	2.3388		0.1584	0.7811	0.1616	1.6221	0.2042	2.6755	0.3321	0.4917	1.1193	0.6336	1.3441	1.4953		
		0.3711	2.8695	2.3203	3.1209	1.952	0.7996	2.2325	0.9558	1.9719	0.5539	1.5947	2.2682		0.2679	2.2899	1.4784	2.1837	1.2709	0.5636	1.4663	0.6365	1.2834	0.3699	1.0613	1.3944		
		0.6141	0.1558	0.7658	2.4372	1.5121	1.8945	1.5979	2.9838	0.4918	2.0911	1.9776	2.0098		0.4076	0.1233	0.5058	1.4818	0.9712	1.2581	0.7116	2.1866	0.3419	1.4065	1.2972	1.293		
		2.4796	2.1085	2.1598	2.38	0.5109	3.0202	2.2514	2.0237	1.7729	0.4864	1.8528	2.3619		1.6967	1.3867	1.377	1.5659	0.3526	2.0523	1.4396	1.3607	1.1474	0.3241	1.1623	1.5537		
		2.1112	1.2465	0.2483	3.1578	1.4467	2.0812	2.2289	0.3319	2.2673	2.0377	0.2646	2.6868		1.3057	0.7405	0.1731	2.2088	1.0457	1.3807	1.3596	0.2375	1.5264	1.3461	0.1944	1.7522		
		2.2254	0.9083	1.4443	2.0175	1.9324	2.2368	1.7011	0.3722	0.3458	1.6765	1.3688	2.106		1.5164	0.5923	0.8901	1.29	1.1892	1.4346	1.0407	0.2664	0.241	1.0865	0.7448	1.1226		
		1.3914	2.7135	1.6229	1.4777	1.3502	0.8242	0.519	1.9847	2.3564	1.9736	1.4507	1.6468		0.7959	1.8853	1.0337	1.0257	0.8722	0.5916	0.3573	1.2337	1.4738	1.0194	0.9138	0.9532		
		0.4217	1.947	0.5903	1.1737	2.5711	1.9311	0.2551	0.2336	1.4444	0.2179	0.2129	0.2979		0.3089	1.2477	0.361	0.8055	1.672	1.0199	0.1789	0.1631	0.9144	0.1665	0.166	0.226		
		
~End
Copyright © 2003 Molecular Devices. All rights reserved.
