##BLOCKS= 1          
Plate:	Plate#1	1.3	PlateFormat	Endpoint	Absorbance	Raw	FALSE	1						2	490 750	1	12	96	1	8	None	
	Temperature(¡C)	1	2	3	4	5	6	7	8	9	10	11	12		1	2	3	4	5	6	7	8	9	10	11	12		
	22.20	0.2305	1.0378	0.1988	2.9054	0.265	3.1607	0.6174	0.5705	1.6162	0.753	2.6723	2.1838		0.1708	0.7243	0.1516	1.8788	0.1995	2.5761	0.4475	0.4123	1.0827	0.5216	1.1959	1.425		
		0.5077	2.7571	2.2611	2.6582	1.9276	0.9717	2.0542	1.1467	1.9824	0.4074	1.5404	1.8391		0.399	1.8983	1.4121	1.8492	1.2781	0.6831	1.3246	0.7781	1.2894	0.2727	1.0364	1.1706		
		0.6923	0.1494	0.6624	2.3496	1.4272	1.5261	1.9404	2.9491	0.4795	1.9284	1.8104	1.7118		0.4017	0.1197	0.4354	1.4449	0.9024	1.0025	0.8236	1.9635	0.3387	1.3191	1.2039	1.1408		
		2.8189	2.0588	2.0721	2.2256	0.5445	3.1925	2.6561	1.9705	2.028	0.3805	1.9476	1.8669		2.2873	1.3323	1.3203	1.4746	0.3747	2.3639	1.8214	1.3152	1.3146	0.2502	1.2379	1.324		
		2.1509	1.2611	0.273	3.1311	1.9888	1.8991	1.7788	0.2772	2.2013	1.7142	0.2765	2.147		1.345	0.7235	0.1916	2.1911	1.4501	1.2701	1.107	0.1988	1.4851	1.1194	0.2059	1.3776		
		2.1151	0.9848	1.4905	2.0308	2.0189	2.2892	1.7257	0.4327	0.4364	1.3315	1.4215	2.6005		1.4883	0.6231	0.9346	1.3218	1.2013	1.4596	1.0701	0.3132	0.3143	0.8684	0.8037	1.3564		
		1.2627	2.6097	1.6069	1.0634	1.4095	0.7945	0.5842	2.6127	1.4369	1.8492	1.2391	1.7548		0.6412	1.8685	1.0402	0.6927	0.9477	0.5754	0.3928	1.7807	0.9242	0.9066	0.7708	0.9845		
		0.3164	2.2725	0.8467	0.663	2.3442	1.4844	0.327	0.2567	1.5802	0.214	0.1992	0.2228		0.2145	1.3714	0.5371	0.4615	1.5052	0.7718	0.2323	0.1791	1.0077	0.1647	0.1532	0.1693		
		
~End
Copyright © 2003 Molecular Devices. All rights reserved.
