##BLOCKS= 1          
Plate:	Plate#1	1.3	PlateFormat	Endpoint	Absorbance	Raw	FALSE	1						2	490 750	1	12	96	1	8	None	
	Temperature(¡C)	1	2	3	4	5	6	7	8	9	10	11	12		1	2	3	4	5	6	7	8	9	10	11	12		
	21.60	0.93	2.4164	1.5302	2.9365	0.947	3.3598	2.6843	2.7541	3.4015	3.5292	3.1033	3.6239		0.4084	0.9902	0.5205	1.658	0.3303	2.3503	1.3438	2.0176	2.0305	2.6948	1.8833	1.828		
		0.5877	3.175	2.5978	3.3697	3.5453	2.5663	3.2862	1.8386	3.5625	2.2403	2.5925	3.4009		0.491	2.2277	1.4126	2.2306	2.1957	1.7085	1.9509	1.2567	1.9199	1.1743	1.4693	1.6957		
		1.1895	0.4485	1.9036	3.5522	2.4588	2.874	2.5575	3.2293	3.4141	3.2404	3.4633	3.5106		0.6845	0.3164	1.0719	2.763	1.0485	1.3944	1.1344	2.0067	2.0999	1.8157	1.8445	2.0313		
		3.2386	3.1339	3.5091	3.4707	1.9236	3.3734	3.1652	3.1677	3.4551	1.8934	3.2586	2.8222		2.0663	1.6874	2.2215	2.0212	1.0732	2.0973	2.0835	1.6278	2.0245	0.8847	1.4243	1.4466		
		3.2562	1.7763	0.9767	3.2748	2.3076	3.0121	3.4269	1.7997	3.3303	2.7613	3.0827	3.059		2.6175	0.4664	0.3194	2.0837	1.3765	1.6916	2.0544	0.7847	1.7713	1.6537	2.1723	1.6645		
		1.6833	1.7692	1.7612	2.1336	1.9631	3.2006	2.5191	0.7292	1.7204	2.5512	1.3084	2.5658		1.1687	0.7669	0.9854	1.2678	1.2427	1.4197	1.3507	0.5007	0.7382	1.4059	0.7708	1.066		
		2.0573	3.2047	1.8136	1.9863	1.2326	1.4447	2.1753	1.9644	1.5103	1.2627	1.7686	1.7949		0.9128	2.1611	1.1983	1.1051	0.6497	0.9598	1.2358	0.9998	0.8131	0.6459	0.8602	0.7246		
		0.7324	1.9611	2.201	1.9242	1.8491	2.0517	1.5164	0.3212	1.9489	0.8894	0.83	0.961		0.3973	1.0898	1.3508	1.2085	0.8311	0.977	0.8071	0.2044	0.8649	0.3819	0.2888	0.3681		
		
~End
Copyright © 2003 Molecular Devices. All rights reserved.
