##BLOCKS= 1          
Plate:	Plate#1	1.3	PlateFormat	Endpoint	Absorbance	Raw	FALSE	1						2	490 750	1	12	96	1	8	None	
	Temperature(¡C)	1	2	3	4	5	6	7	8	9	10	11	12		1	2	3	4	5	6	7	8	9	10	11	12		
	21.70	0.5887	2.3978	1.1421	2.8244	0.9999	3.5266	2.8263	2.665	2.8571	3.6509	2.9367	3.7062		0.2284	0.9347	0.3782	1.5656	0.3677	2.635	1.3688	1.9729	1.7747	2.8414	1.7627	1.7591		
		0.4475	3.1618	2.7704	3.3657	3.535	3.0348	3.3643	1.7762	3.4205	2.3704	2.9786	3.6105		0.3595	2.2138	1.5334	2.4937	1.9347	1.9813	1.8743	1.1779	1.8039	1.293	1.7506	1.8735		
		1.2877	0.2447	2.3607	3.4999	2.7652	2.9748	2.7891	3.087	3.0707	3.3171	3.4168	3.4172		0.7252	0.1791	1.1888	2.6853	1.1713	1.4595	1.0938	1.8857	1.9406	1.9548	1.761	1.9272		
		3.1836	3.297	3.4049	3.3914	1.8395	3.1222	3.2169	2.9239	3.3617	1.782	3.1738	2.9478		2.072	1.9256	2.3721	1.9653	0.8876	1.9373	2.186	1.4421	2.0366	0.8303	1.5015	1.5955		
		3.2745	1.1719	1.0144	3.2399	2.2941	2.6302	3.1096	1.1706	3.2391	2.6585	3.0666	3.365		2.6568	0.3283	0.3558	2.0423	1.4355	1.505	1.4791	0.5326	1.7746	1.6339	2.3332	2.0517		
		1.9085	2.003	1.96	2.0902	2.0056	3.1182	2.137	0.4255	1.2592	1.5951	2.0145	2.4073		1.3359	0.8739	1.1305	1.2266	1.3005	1.3858	1.1886	0.2853	0.6189	0.8524	1.1786	1.0552		
		1.5398	3.3413	1.9744	1.7843	2.0327	1.5689	1.6933	1.7486	1.4615	1.6511	1.0923	2.0543		0.6216	2.3021	1.32	0.9427	1.1019	0.975	0.9671	1.0047	0.8492	0.8264	0.5125	0.9203		
		1.2992	2.3019	2.4236	1.9913	2.4247	2.0652	1.5959	0.6646	1.3583	0.8823	0.902	1.0183		0.5922	1.2315	1.3589	1.2726	1.0416	1.0399	0.8782	0.244	0.6448	0.3496	0.3447	0.4165		
		
~End
Copyright © 2003 Molecular Devices. All rights reserved.
