##BLOCKS= 1          
Plate:	Plate#1	1.3	PlateFormat	Endpoint	Absorbance	Raw	FALSE	1						2	490 750	1	12	96	1	8	None	
	Temperature(¡C)	1	2	3	4	5	6	7	8	9	10	11	12		1	2	3	4	5	6	7	8	9	10	11	12		
	23.10	0.4271	1.2606	2.5322	2.3413	0.4125	0.5474	1.1369	0.4845	1.5509	0.3027	2.3593	1.805		0.2584	0.7615	1.377	1.3515	0.2598	0.3541	0.6528	0.3018	0.7773	0.244	0.9344	1.1876		
		0.7575	1.9791	1.9383	0.4712	2.0028	0.5513	1.8059	1.1812	2.157	0.6927	0.4264	2.0055		0.5666	1.2436	1.0271	0.2945	1.0735	0.3186	0.9343	0.7637	1.0473	0.4285	0.3065	1.1125		
		1.1607	0.1727	0.5735	1.6959	1.2504	1.2575	1.4017	2.3278	1.8187	1.8711	1.7253	1.6931		0.5784	0.1253	0.3382	1.1501	0.7629	0.7954	0.738	1.158	1.0129	1.1118	0.9848	0.8911		
		2.3351	2.0492	2.5274	2.4278	0.7375	2.22	1.7339	2.3277	2.3729	1.0239	2.2639	1.647		1.1485	1.0392	1.2543	1.1673	0.4148	1.1564	0.8806	1.1223	1.1609	0.5622	1.0176	0.8378		
		0.8669	1.0516	0.3393	2.3871	1.4243	2.6123	2.4489	0.6858	2.1304	2.4351	0.4047	2.3209		0.3397	0.5331	0.2091	1.2631	0.857	1.3656	1.2434	0.4231	1.025	1.2773	0.2473	1.0533		
		1.9967	0.7404	1.2601	2.2001	1.498	2.5289	0.8006	0.4419	1.0207	1.1637	1.7848	1.8841		1.4099	0.3973	0.5162	0.9292	0.7223	0.8573	0.3906	0.2748	0.4886	0.5103	0.9364	0.9494		
		1.3493	2.0108	0.9707	1.0791	1.2489	1.8114	0.5551	1.4309	1.3687	0.4456	1.3952	1.3962		0.6128	1.1618	0.5844	0.4636	0.6033	1.1915	0.3655	1.0058	0.9996	0.2914	0.8475	0.8468		
		0.5807	1.0208	2.1126	1.9542	1.5053	1.1319	0.3175	0.4057	0.3265	0.3226	0.4155	0.2888		0.3052	0.617	1.0429	1.0935	0.9831	0.6794	0.2053	0.2459	0.2113	0.2085	0.2685	0.1791		
		
~End
Copyright © 2003 Molecular Devices. All rights reserved.
