##BLOCKS= 1          
Plate:	Plate#1	1.3	PlateFormat	Endpoint	Absorbance	Raw	FALSE	1						2	490 750	1	12	96	1	8	None	
	Temperature(¡C)	1	2	3	4	5	6	7	8	9	10	11	12		1	2	3	4	5	6	7	8	9	10	11	12		
	21.30	2.1097	2.5457	0.7105	2.6806	0.6249	2.9407	2.0544	0.4591	2.0132	3.0128	2.709	2.6274		0.615	0.8032	0.1933	1.1657	0.2053	1.3368	0.713	0.2218	1.2813	2.0994	1.0988	0.8386		
		0.5534	0.4147	2.1208	2.3928	2.3414	2.4826	2.4413	1.2633	2.4137	2.409	2.0988	2.7627		0.4304	0.197	1.0917	1.256	1.1114	1.2764	1.2887	0.7344	1.2153	1.0559	0.9779	1.167		
		0.9585	0.2084	1.7351	1.8461	2.5676	0.699	1.4263	1.0816	0.9263	1.1171	2.6845	2.7507		0.5142	0.1601	0.7029	0.8862	0.9994	0.1836	0.3635	0.5436	0.3123	0.3193	1.3696	1.2702		
		2.601	2.6467	1.212	2.5375	1.1569	2.5125	1.2119	2.3334	1.6787	1.6389	2.5706	2.8849		1.1633	1.0969	0.302	1.2776	0.3927	1.3891	0.5574	1.19	0.4159	0.4968	1.4183	1.0885		
		2.6663	1.2274	0.8037	1.7805	0.7558	2.3799	1.3341	1.3016	2.757	1.4094	0.9013	1.9683		1.4478	0.3679	0.2271	0.7561	0.2634	1.3651	0.3257	0.3543	1.4379	0.46	0.2431	0.9602		
		1.9212	1.0491	1.9551	1.4627	0.8725	0.6782	1.8169	0.4214	0.8223	1.1325	1.7803	1.7664		0.5591	0.6245	0.5861	0.7945	0.5701	0.1916	0.6212	0.2221	0.3029	0.4742	0.4917	0.4918		
		0.8192	1.6025	0.5419	1.6904	1.7259	0.8325	0.8492	1.8985	0.8684	1.1781	0.5647	2.1479		0.2193	0.7705	0.3358	0.4572	0.5005	0.2367	0.269	0.7014	0.3186	0.3584	0.1905	0.8138		
		1.078	1.6416	1.0723	1.392	1.8017	1.4741	0.7684	0.3957	0.7559	0.5813	0.6922	0.6436		0.3969	0.6051	0.2912	0.4893	0.4784	0.3516	0.2093	0.1735	0.226	0.1909	0.1802	0.1735		
		
~End
Copyright © 2003 Molecular Devices. All rights reserved.
