##BLOCKS= 1          
Plate:	Plate#1	1.3	PlateFormat	Endpoint	Absorbance	Raw	FALSE	1						2	490 750	1	12	96	1	8	None	
	Temperature(¡C)	1	2	3	4	5	6	7	8	9	10	11	12		1	2	3	4	5	6	7	8	9	10	11	12		
	23.20	0.5723	1.449	0.583	3.2131	0.6251	1.2842	2.5184	0.7466	1.0092	0.8263	3.358	2.8456		0.2728	0.8327	0.2897	2.3109	0.3266	0.7932	1.6126	0.5044	0.5245	0.5355	1.6953	1.809		
		0.5492	0.3377	1.5538	0.7647	1.7186	0.9799	1.3547	1.6509	1.2063	0.8056	2.2326	1.4902		0.4393	0.224	0.8995	0.4371	1.0787	0.6234	0.7719	1.0722	0.6435	0.498	1.4678	0.7758		
		1.1801	0.1938	1.8433	2.3917	0.9767	2.2238	0.4466	2.2839	2.2647	2.5786	2.3846	2.5999		0.7115	0.1442	1.1939	1.6389	0.5447	1.4783	0.2621	1.4955	1.488	1.6524	1.5776	1.6707		
		1.6183	1.4713	3.17	2.5232	0.9832	1.2768	1.6705	1.6015	3.1121	1.1427	1.7257	2.1409		0.9476	0.7678	1.9771	1.6032	0.5581	0.7247	1.0301	0.8126	1.9986	0.7089	1.0002	1.2351		
		1.3817	2.6421	0.4751	2.5953	1.3463	2.7259	1.4976	0.9247	2.2851	3.0697	1.0147	1.5877		0.8913	1.4729	0.2437	1.5595	0.7848	1.8661	0.8522	0.5523	1.3256	2.1047	0.5886	0.9877		
		0.783	1.4412	0.9102	1.419	1.9657	2.3289	0.7965	0.509	0.5507	2.8856	1.8771	1.8774		0.5442	0.9036	0.6174	1.0254	1.3624	1.3895	0.427	0.3297	0.345	1.8395	1.1893	1.185		
		0.5559	2.3625	1.1803	1.1073	1.6056	0.3871	0.7655	2.5193	0.7609	1.3451	0.9111	1.5702		0.337	1.6304	0.8381	0.7451	1.082	0.2647	0.4401	1.7251	0.4765	0.7795	0.5561	0.9049		
		0.8338	0.9217	0.9216	1.6367	0.3249	0.8289	0.3832	0.3949	0.4735	0.3619	0.5378	0.5747		0.5522	0.5692	0.634	1.1248	0.2211	0.521	0.2241	0.251	0.256	0.2309	0.28	0.2936		
		
~End
Copyright © 2003 Molecular Devices. All rights reserved.
