##BLOCKS= 1          
Plate:	Plate#1	1.3	PlateFormat	Endpoint	Absorbance	Raw	FALSE	1						2	490 750	1	12	96	1	8	None	
	Temperature(¡C)	1	2	3	4	5	6	7	8	9	10	11	12		1	2	3	4	5	6	7	8	9	10	11	12		
	23.10	0.2235	1.4766	0.16	2.3502	0.2065	0.2388	1.5476	1.2216	2.053	0.6228	2.385	2.2844		0.1519	0.8312	0.1163	1.2204	0.1436	0.1627	0.9704	0.7397	1.3367	0.3526	1.0366	1.2735		
		0.3309	0.2167	2.2874	0.5495	3.1248	2.2305	2.613	1.4598	2.8193	0.729	2.2099	2.668		0.2551	0.1548	1.2911	0.3837	1.6601	1.3528	1.5647	0.6832	1.5603	0.4362	1.2262	1.3653		
		1.0391	0.1361	1.4505	2.0262	1.8476	1.7621	0.2841	2.5852	2.174	2.5891	2.6701	2.4422		0.5303	0.1076	0.5561	1.554	1.0555	1.1837	0.1951	1.5458	1.1917	1.8126	1.6376	1.4646		
		2.6832	2.7881	2.4145	2.2951	0.3362	2.3752	2.3698	2.6602	1.9226	0.5034	2.2104	1.9353		1.7774	1.4527	1.6267	1.4716	0.2293	1.5695	1.6074	1.4762	1.3121	0.359	1.4923	1.2019		
		2.2413	1.3325	0.1654	0.405	0.2038	2.2294	2.617	0.2756	2.2135	2.2693	0.196	2.731		1.2074	0.6548	0.1131	0.2742	0.1456	1.5296	1.5984	0.1969	1.3555	1.4625	0.1349	1.3231		
		1.6508	0.8831	2.0876	1.559	0.7829	0.3741	1.4923	0.4102	0.702	1.8588	1.6398	1.0801		0.944	0.5554	1.124	0.9594	0.4735	0.2019	0.8082	0.2657	0.4289	0.831	0.8973	0.5234		
		0.4892	1.3362	1.1043	1.3166	1.6858	0.9874	0.3681	1.5626	0.6237	1.1636	1.262	1.3393		0.2495	0.8078	0.7466	0.5147	0.9591	0.4009	0.2206	0.8127	0.3897	0.608	0.615	0.617		
		0.3217	1.6966	1.4481	0.4644	1.1052	1.2282	0.2761	0.2008	0.1975	0.2156	0.245	0.2224		0.2274	1.0222	0.8015	0.2613	0.765	0.5711	0.1511	0.1279	0.1243	0.1446	0.1596	0.1407		
		
~End
Copyright © 2003 Molecular Devices. All rights reserved.
