##BLOCKS= 1          
Plate:	Plate#1	1.3	PlateFormat	Endpoint	Absorbance	Raw	FALSE	1						2	490 750	1	12	96	1	8	None	
	Temperature(¡C)	1	2	3	4	5	6	7	8	9	10	11	12		1	2	3	4	5	6	7	8	9	10	11	12		
	23.10	0.3158	1.6742	0.3914	2.8707	0.2386	1.1479	1.1449	0.8113	0.8511	0.924	1.0614	2.5928		0.2122	0.8724	0.2355	1.8904	0.1706	0.8908	0.6525	0.6346	0.4922	0.6967	0.8279	1.5365		
		0.5506	1.8062	1.7495	1.5708	2.0482	1.7684	1.9707	0.5342	2.2681	0.4451	2.2211	1.9905		0.445	1.4395	1.0029	1.1405	1.2797	1.2803	1.2834	0.373	1.4603	0.3238	1.6651	1.1598		
		1.3944	0.3013	1.1973	1.8463	1.1755	1.6044	2.5883	1.7792	1.7218	1.5859	1.7271	1.9642		0.9266	0.1892	0.7372	1.446	0.6601	0.9938	1.096	1.3854	1.309	1.2241	1.1244	0.8701		
		1.192	2.418	1.8994	1.4854	0.7384	1.6114	0.6298	1.8102	1.6611	0.4707	1.4908	1.3337		0.7423	1.4064	1.2161	0.9488	0.5048	1.2222	0.3757	1.0242	1.1675	0.2518	0.9171	0.8308		
		0.7332	1.1809	0.4537	2.1581	1.7153	1.5057	2.591	0.7154	1.915	1.5718	0.3045	1.7222		0.4128	0.4701	0.2499	1.5302	1.162	1.0672	1.5106	0.4973	1.1535	1.1559	0.1954	1.1203		
		1.6154	0.8409	1.3785	1.4134	1.0832	2.2343	0.8513	0.3155	0.4586	1.7062	0.9013	2.3304		1.1561	0.6068	0.9885	0.8839	0.7861	1.2319	0.4829	0.2377	0.3506	0.9974	0.6383	0.96		
		1.0096	1.8246	0.4757	0.9098	0.3606	1.1052	1.3858	1.3641	0.5476	1.6307	0.9608	1.8187		0.4634	1.2804	0.3716	0.6637	0.2193	0.8053	0.8681	0.9198	0.3266	1.0544	0.6626	0.9551		
		0.2986	1.0746	1.5325	1.3287	1.5012	1.9441	0.6556	0.3434	1.4507	0.3375	0.2895	0.5685		0.2011	0.683	1.154	0.98	1.1143	1.1164	0.3098	0.1851	0.9604	0.2364	0.1715	0.3076		
		
~End
Copyright © 2003 Molecular Devices. All rights reserved.
