##BLOCKS= 1          
Plate:	Plate#1	1.3	PlateFormat	Endpoint	Absorbance	Raw	FALSE	1						2	490 750	1	12	96	1	8	None	
	Temperature(¡C)	1	2	3	4	5	6	7	8	9	10	11	12		1	2	3	4	5	6	7	8	9	10	11	12		
	23.10	0.4598	1.8798	0.3501	2.7414	0.3327	1.1669	0.8847	0.8582	0.8147	2.7575	0.8947	2.3958		0.2875	1.0024	0.2122	1.7619	0.2119	0.9112	0.5857	0.6652	0.4283	2.2079	0.6311	1.2918		
		0.5005	1.7539	1.4765	1.4285	2.0101	1.781	1.3972	0.4203	1.941	0.4633	1.6445	1.8329		0.3972	1.3927	0.8072	0.9958	1.1713	1.3108	0.8992	0.2822	1.1194	0.2798	1.1295	1.1215		
		1.2316	0.23	1.1239	2.2436	1.39	1.214	2.4221	1.881	1.5792	1.947	1.7107	1.5573		0.8179	0.1451	0.7135	1.6573	0.6774	0.8282	0.9641	1.4649	1.1926	1.3704	1.1632	0.7687		
		1.8674	2.4002	1.7875	1.6171	0.8565	1.7106	0.4173	1.6914	2.0904	0.8062	1.65	1.4149		1.3115	1.3704	1.215	1.0029	0.5646	1.3036	0.2731	0.9534	1.4699	0.3798	1.0989	0.8502		
		0.6762	1.0457	0.2727	1.8299	1.444	1.235	2.6647	0.7339	2.4653	1.8398	0.4935	1.9441		0.4156	0.3808	0.1807	1.1221	0.9282	0.8486	1.5398	0.4666	1.5506	1.2326	0.2813	1.3142		
		1.6308	1.037	1.0924	1.8328	1.1779	2.1316	0.8121	0.3401	0.4949	1.7139	1.0533	2.4794		1.242	0.7619	0.7719	1.0958	0.8471	1.2378	0.4326	0.2525	0.3732	0.9548	0.7194	1.17		
		1.0061	1.7158	0.5485	1.2087	0.3278	1.9938	0.8916	1.4708	0.9632	0.9064	0.8275	1.7486		0.5098	1.1597	0.4303	0.861	0.2028	0.9774	0.5732	1.0207	0.4994	0.5589	0.5532	0.8951		
		0.3373	1.3007	1.8884	1.7334	1.5404	1.7347	0.37	0.2921	1.3163	0.3193	0.3196	0.4157		0.2366	0.8397	1.3011	1.322	1.0906	0.9623	0.2008	0.1783	0.857	0.1972	0.1741	0.2279		
		
~End
Copyright © 2003 Molecular Devices. All rights reserved.
