##BLOCKS= 1          
Plate:	Plate#1	1.3	PlateFormat	Endpoint	Absorbance	Raw	FALSE	1						2	490 750	1	12	96	1	8	None	
	Temperature(¡C)	1	2	3	4	5	6	7	8	9	10	11	12		1	2	3	4	5	6	7	8	9	10	11	12		
	23.10	0.3511	2.0268	0.3817	3.0751	0.3311	1.3352	1.2511	0.7321	0.9436	2.0254	1.242	2.508		0.2051	1.0138	0.2064	2.1346	0.2071	1.0084	0.6507	0.5693	0.5237	1.6121	0.9865	1.3197		
		0.352	1.7533	2.1883	2.0821	2.4317	1.8479	1.6713	0.527	1.8804	0.4067	1.9311	2.4925		0.282	1.3746	1.0733	1.4666	1.2656	1.3094	1.1427	0.3393	1.1411	0.2445	1.3669	1.4202		
		1.8721	0.3697	1.1856	1.9873	1.7034	1.6933	2.6884	1.6241	1.6716	1.9623	1.7405	2.1363		1.2394	0.2135	0.7347	1.4776	0.8028	1.0739	1.181	1.2102	1.2598	1.4609	1.1541	0.8877		
		1.8651	2.2955	2.2565	1.4658	0.7615	1.7102	0.5746	2.0498	2.2645	0.3916	1.5656	1.9327		1.2774	1.284	1.3174	0.9005	0.51	1.2862	0.3274	1.1438	1.5542	0.2349	1.0152	1.2778		
		0.9321	1.6946	0.2929	2.2134	1.6866	1.7221	2.4997	0.8963	2.2582	2.4218	0.3187	1.6773		0.5265	0.5931	0.1892	1.4485	1.0067	1.1895	1.5002	0.5636	1.3983	1.607	0.1963	1.0431		
		1.5862	1.0612	1.3335	2.2698	1.1683	2.3371	1.0758	0.3419	0.8431	1.6635	0.766	2.4843		1.1975	0.7737	0.9657	1.321	0.8517	1.3142	0.6045	0.2555	0.5062	0.9572	0.5152	1.1134		
		1.0327	2.2346	0.4991	1.2859	1.1877	0.9596	1.1414	1.4409	0.5993	1.4054	1.1436	2.3542		0.6472	1.5871	0.3915	0.8927	0.7882	0.698	0.7431	0.917	0.3335	0.9155	0.7026	1.0963		
		0.3639	1.6114	1.9572	1.662	1.6647	1.608	0.6712	0.2792	1.1558	0.4388	0.3414	0.3525		0.216	1.032	1.3601	1.2461	1.2115	0.9348	0.4294	0.2026	0.7592	0.2689	0.1843	0.2096		
		
~End
Copyright © 2003 Molecular Devices. All rights reserved.
