##BLOCKS= 1          
Plate:	Plate#1	1.3	PlateFormat	Endpoint	Absorbance	Raw	FALSE	1						2	490 750	1	12	96	1	8	None	
	Temperature(¡C)	1	2	3	4	5	6	7	8	9	10	11	12		1	2	3	4	5	6	7	8	9	10	11	12		
	22.40	0.2932	1.8024	0.7379	2.7897	0.4384	1.5017	0.2754	1.2983	1.6753	1.5	0.8607	2.0437		0.1594	1.0095	0.4234	1.6092	0.3036	1.1491	0.1913	0.7819	1.2106	1.1578	0.3169	1.3166		
		0.4741	2.0257	2.0837	1.3295	2.0478	0.2847	1.9593	1.4549	1.9868	0.8752	0.1765	2.2714		0.3661	1.5576	1.4058	0.7094	1.3835	0.214	1.3556	1.0026	1.2902	0.4463	0.117	1.4307		
		0.9082	0.2151	1.5485	2.1088	1.6904	0.8331	1.4428	2.1037	2.1051	1.5081	0.7783	2.012		0.5811	0.1678	0.9729	1.4682	1.0222	0.4972	1.0694	1.4196	1.4165	0.9635	0.4581	1.3104		
		1.8775	1.9145	2.1265	1.8319	2.2667	2.2029	0.7734	1.5556	1.6058	1.0702	1.6813	1.8406		1.3183	1.2848	1.4428	1.2085	1.4635	1.5058	0.4746	1.0068	1.0941	0.5696	1.0948	1.19		
		1.4567	0.52	0.3318	2.1974	1.6876	2.2196	1.5664	2.3883	1.9605	1.8594	2.245	2.1861		0.8195	0.27	0.2118	1.5097	1.1661	1.4493	1.0445	1.4773	1.2669	1.2168	1.4603	1.328		
		1.7462	1.2868	1.1299	1.6628	1.1897	1.1215	0.4737	0.6676	0.4832	0.7565	0.5996	1.4167		1.165	0.9017	0.7264	1.1415	0.8498	0.6203	0.284	0.4522	0.3093	0.5049	0.3915	0.7052		
		1.3858	0.1358	1.3043	0.9864	0.1316	0.4625	0.413	1.5591	0.8257	0.9534	0.6461	1.2007		0.7536	0.1115	0.9064	0.6461	0.1076	0.3138	0.2922	0.9219	0.5738	0.6617	0.4454	0.7844		
		0.6324	0.6224	0.9848	1.0375	0.7305	0.6481	0.3568	0.1327	0.3187	0.3771	0.3108	0.2877		0.3876	0.4305	0.6669	0.5949	0.4562	0.4467	0.2738	0.1074	0.212	0.2596	0.185	0.1899		
		
~End
Copyright © 2003 Molecular Devices. All rights reserved.
