##BLOCKS= 1          
Plate:	Plate#1	1.3	PlateFormat	Endpoint	Absorbance	Raw	FALSE	1						2	490 750	1	12	96	1	8	None	
	Temperature(¡C)	1	2	3	4	5	6	7	8	9	10	11	12		1	2	3	4	5	6	7	8	9	10	11	12		
	22.40	0.6389	1.7264	0.6567	2.8275	0.2941	2.0107	0.2922	1.2122	1.9541	0.7716	1.6753	2.0405		0.2592	0.9216	0.392	1.6146	0.1963	1.5017	0.194	0.7045	1.4142	0.5884	0.8751	1.3352		
		0.6409	1.9861	2.3298	0.7998	1.7667	0.2762	1.9654	1.2992	1.8786	1.6402	0.1902	2.0834		0.5072	1.5475	1.5555	0.4567	1.2023	0.2057	1.3219	0.8719	1.2546	0.8252	0.1246	1.3616		
		1.1786	0.2021	1.1632	2.2104	1.56	1.198	1.5755	1.9672	2.1011	0.6777	0.5636	1.9464		0.7678	0.1596	0.7541	1.5173	0.993	0.7322	1.0983	1.3299	1.4106	0.4268	0.3385	1.2828		
		1.9752	1.9374	2.0572	1.924	1.8798	1.9827	0.5677	1.4655	1.5633	0.917	2.0067	1.8113		1.4148	1.2776	1.3853	1.2902	1.283	1.3404	0.3241	0.9925	1.0732	0.501	1.3409	1.2122		
		1.4832	0.7591	0.3772	2.248	1.7595	1.8717	1.507	2.4898	2.0869	1.8076	2.4246	2.1573		0.8752	0.3872	0.2306	1.502	1.1991	1.2217	1.0022	1.5901	1.3573	1.2138	1.5506	1.2921		
		1.6265	0.6477	1.2912	1.4846	1.1306	1.1601	0.611	0.4348	0.4973	0.6808	0.8478	1.7863		1.0164	0.421	0.8733	0.9852	0.8137	0.6303	0.3674	0.268	0.3095	0.4534	0.5795	0.9268		
		1.8202	0.1296	1.0836	0.7876	0.1724	0.3202	0.3638	1.0489	0.5401	0.7626	0.8278	1.3468		1.0208	0.1055	0.7114	0.5238	0.1518	0.2143	0.2492	0.6758	0.3669	0.5524	0.5685	0.9409		
		0.3201	0.5893	1.486	0.8476	0.52	0.8058	0.2531	0.1447	0.3511	0.325	0.343	0.4757		0.1799	0.4004	1.0235	0.4929	0.3221	0.5497	0.199	0.1181	0.2254	0.231	0.1986	0.3363		
		
~End
Copyright © 2003 Molecular Devices. All rights reserved.
