##BLOCKS= 1          
Plate:	Plate#1	1.3	PlateFormat	Endpoint	Absorbance	Raw	FALSE	1						2	490 750	1	12	96	1	8	None	
	Temperature(¡C)	1	2	3	4	5	6	7	8	9	10	11	12		1	2	3	4	5	6	7	8	9	10	11	12		
	23.10	0.2716	1.1256	0.2766	2.4941	0.2654	1.9273	1.3887	0.3856	1.5043	2.0882	1.6617	2.2649		0.1791	0.6787	0.1878	1.3948	0.178	1.0873	0.9473	0.2498	0.9007	1.4956	0.7975	1.3206		
		0.6849	2.3937	2.0644	2.5042	1.9016	2.227	1.8377	1.202	2.3155	0.3028	1.3852	2.2628		0.5043	1.5403	1.2343	1.7156	1.1491	1.4431	1.1388	0.7361	1.4551	0.1916	0.8239	1.3974		
		0.7125	0.1714	0.8889	2.6927	1.2376	1.4627	1.6967	1.983	0.5352	2.1212	1.8648	2.0576		0.4005	0.1348	0.4532	1.8883	0.787	0.8998	0.661	1.2335	0.3454	1.3439	1.1642	1.2877		
		2.0468	2.2647	2.0693	2.3707	0.4303	1.8259	1.9706	2.0921	2.0378	0.5432	1.6692	1.5631		1.064	1.4692	1.2288	1.5171	0.2914	1.0937	1.3483	1.2892	1.2679	0.3683	0.9831	0.8673		
		2.1606	1.0329	0.223	2.0538	1.9258	1.6729	1.946	0.3789	2.1225	1.9026	0.3633	1.9988		1.3216	0.4585	0.1386	1.2284	1.267	1.0473	1.2283	0.2355	1.3734	1.2148	0.2381	1.3049		
		1.9767	0.8331	1.5612	1.6248	1.685	1.7718	2.3181	0.3688	0.4024	1.2606	1.4614	1.7614		1.2279	0.5232	0.8471	1.1606	1.1197	1.154	1.3083	0.2373	0.2725	0.6512	0.6871	0.9159		
		1.1971	2.0089	1.5084	1.2668	1.5835	0.6513	1.8366	1.566	1.0575	1.453	1.3092	1.3171		0.5036	1.4946	0.9802	0.5762	0.9462	0.4383	1.1307	0.8686	0.6703	0.7487	0.7828	0.6726		
		0.3908	1.2889	1.772	1.6373	0.9409	1.3221	0.5325	0.2646	1.4956	0.2826	0.2904	0.309		0.2312	0.8916	1.2	1.1834	0.6744	0.6435	0.2801	0.1408	0.7798	0.2045	0.1894	0.191		
		
~End
Copyright © 2003 Molecular Devices. All rights reserved.
