##BLOCKS= 1          
Plate:	Plate#1	1.3	PlateFormat	Endpoint	Absorbance	Raw	FALSE	1						2	490 750	1	12	96	1	8	None	
	Temperature(¡C)	1	2	3	4	5	6	7	8	9	10	11	12		1	2	3	4	5	6	7	8	9	10	11	12		
	23.20	0.3234	1.1164	0.2173	2.6196	0.288	1.4131	1.1707	0.4208	1.7443	2.3181	1.7562	2.2707		0.2107	0.6652	0.1467	1.4387	0.194	0.8297	0.8239	0.2673	1.0415	1.6623	0.9075	1.3338		
		0.4428	2.4711	2.0859	2.5258	2.1419	2.3341	1.8427	1.1455	2.3884	0.3132	1.4628	2.3145		0.3346	1.6255	1.2415	1.7729	1.3041	1.497	1.1449	0.7123	1.509	0.1995	0.7528	1.3968		
		0.775	0.1784	1.0383	2.7376	1.3185	1.3792	1.6296	2.0474	0.5311	2.0575	1.8495	2.0843		0.4506	0.1393	0.5297	1.8917	0.8104	0.8402	0.656	1.2999	0.3453	1.3312	1.1435	1.2626		
		1.888	1.972	2.1108	2.0502	0.37	1.9514	1.9603	2.0337	1.87	0.535	1.7539	1.7927		0.9875	1.2462	1.258	1.3247	0.2532	1.1379	1.3278	1.2236	1.1527	0.356	1.0434	1.0167		
		2.2906	1.0193	0.2274	2.1306	1.7735	1.8239	2.1133	0.3243	1.8548	1.8672	0.2973	2.1303		1.4291	0.455	0.1427	1.2836	1.1632	1.1439	1.3575	0.2006	1.1927	1.1823	0.1954	1.3394		
		1.9508	0.7502	1.7912	1.6634	1.549	1.7826	1.3921	0.3854	0.5382	1.4925	1.2075	1.8444		1.2004	0.462	0.9112	1.1711	1.0128	1.1687	0.7403	0.2488	0.3665	0.8137	0.567	0.9418		
		1.5945	1.7731	1.6784	1.3099	1.5073	0.9047	1.6391	1.6881	1.0244	1.4995	1.0244	1.3216		0.5716	1.3181	1.1201	0.5938	0.912	0.6298	1.032	0.8993	0.6359	0.7703	0.6044	0.6974		
		0.3891	1.2755	1.8195	1.8373	0.9689	1.7664	0.3548	0.2303	1.4723	0.4036	0.2916	0.2833		0.2509	0.8394	1.1185	1.3474	0.6932	0.8704	0.1997	0.1408	0.7743	0.2334	0.1929	0.1808		
		
~End
Copyright © 2003 Molecular Devices. All rights reserved.
