##BLOCKS= 1          
Plate:	Plate#1	1.3	PlateFormat	Endpoint	Absorbance	Raw	FALSE	1						2	490 750	1	12	96	1	8	None	
	Temperature(¡C)	1	2	3	4	5	6	7	8	9	10	11	12		1	2	3	4	5	6	7	8	9	10	11	12		
	23.20	0.2744	1.199	0.2332	2.57	0.2349	1.7997	1.2465	0.3944	1.9026	2.2052	1.7988	2.254		0.1858	0.7367	0.152	1.4587	0.1556	1.0617	0.7767	0.254	1.1171	1.5599	0.8754	1.3153		
		0.4033	2.1714	2.1628	2.625	1.9493	2.36	1.833	1.1694	2.13	0.3372	1.4737	2.226		0.3042	1.461	1.2607	1.8347	1.2121	1.5234	1.1254	0.7444	1.3051	0.2153	0.8174	1.3374		
		0.6756	0.166	0.6997	2.6467	1.2095	1.3844	1.5622	1.9111	0.5607	2.3576	1.9519	1.8992		0.4015	0.1319	0.3815	1.8415	0.764	0.859	0.6285	1.1892	0.3705	1.562	1.2189	1.1653		
		1.9574	2.5289	2.1267	2.2658	0.4587	1.8563	1.9206	2.2264	1.8607	0.491	1.6937	1.3422		1.1379	1.6339	1.2871	1.4334	0.3169	1.1142	1.2714	1.3337	1.1198	0.3241	0.9735	0.7472		
		2.6051	1.1095	0.2077	2.1034	1.7425	1.805	2.012	0.3518	2.2186	1.7447	0.3737	2.006		1.5542	0.4948	0.1309	1.2463	1.128	1.1003	1.2734	0.221	1.4402	1.0765	0.2514	1.3026		
		2.2278	0.771	1.4566	1.7618	1.5938	1.8234	1.4944	0.3536	0.436	1.3741	1.4956	1.9114		1.3646	0.4951	0.7833	1.258	1.0668	1.179	0.8056	0.2335	0.2988	0.7735	0.6509	0.9614		
		1.4361	2.0244	1.6738	1.3796	1.554	0.855	1.4838	1.4276	1.1078	1.3306	1.0353	1.345		0.5537	1.4536	1.0971	0.6604	0.968	0.5788	0.952	0.7964	0.6714	0.673	0.6144	0.7445		
		0.3516	1.5043	1.9965	2.0396	1.1281	1.2732	0.4166	0.2429	1.4793	0.2196	0.2386	0.2857		0.2312	1.0549	1.2185	1.4788	0.8282	0.6505	0.219	0.1349	0.7708	0.1548	0.1609	0.1866		
		
~End
Copyright © 2003 Molecular Devices. All rights reserved.
