##BLOCKS= 1          
Plate:	Plate#1	1.3	PlateFormat	Endpoint	Absorbance	Raw	FALSE	1						2	490 750	1	12	96	1	8	None	
	Temperature(¡C)	1	2	3	4	5	6	7	8	9	10	11	12		1	2	3	4	5	6	7	8	9	10	11	12		
	22.90	0.2618	0.8551	0.3071	2.1326	0.3533	1.0999	0.2543	0.6434	1.6577	1.0169	3.0082	1.4088		0.1806	0.6472	0.2292	1.5493	0.2612	0.8712	0.1757	0.4502	1.3295	0.8202	1.0283	0.9521		
		0.694	1.8855	1.5244	1.1495	0.8638	0.7248	0.9956	0.4809	1.2716	0.3891	1.1865	1.7658		0.5688	1.4721	1.077	0.8686	0.6194	0.5571	0.7485	0.3683	0.9059	0.2833	0.9279	1.2438		
		1.1037	0.1665	0.7661	1.7801	1.269	0.8262	1.056	0.7884	0.3562	1.2592	1.5576	1.07		0.757	0.1328	0.4812	1.3305	0.8844	0.5903	0.7079	0.57	0.2559	0.9702	1.1674	0.7173		
		1.2884	1.0959	1.4645	1.6025	0.4494	1.749	1.6777	1.0243	1.1008	0.387	1.5823	0.8485		1.0545	0.8121	1.1003	1.169	0.3188	1.4062	1.2955	0.727	0.8004	0.2777	1.1675	0.658		
		0.562	0.5129	0.3319	2.1067	1.1317	0.9599	1.9139	0.2174	1.6618	1.7481	0.2685	1.405		0.305	0.3578	0.2397	1.5744	0.7776	0.6785	1.389	0.1603	1.1994	1.1904	0.191	1.0305		
		0.8306	0.5766	0.4301	1.2863	0.7041	0.6342	0.5567	0.263	0.2316	0.553	0.5312	2.3815		0.6064	0.4038	0.2891	0.7016	0.4481	0.3403	0.3321	0.1987	0.1723	0.3439	0.386	1.0969		
		0.5098	0.8616	0.4426	0.4564	0.4309	0.5092	0.3404	1.2203	0.3344	0.5438	0.3929	0.8107		0.3331	0.5318	0.3494	0.3291	0.2491	0.3987	0.2437	0.8606	0.2235	0.378	0.2708	0.4552		
		0.3412	0.3728	0.4618	0.3191	0.3098	0.5354	0.277	0.3503	0.6381	0.2536	0.2266	0.3416		0.261	0.2583	0.3183	0.2292	0.2311	0.3513	0.1843	0.223	0.433	0.1886	0.1632	0.2467		
		
~End
Copyright © 2003 Molecular Devices. All rights reserved.
