##BLOCKS= 1          
Plate:	Plate#1	1.3	PlateFormat	Endpoint	Absorbance	Raw	FALSE	1						2	490 750	1	12	96	1	8	None	
	Temperature(¡C)	1	2	3	4	5	6	7	8	9	10	11	12		1	2	3	4	5	6	7	8	9	10	11	12		
	22.90	0.3773	0.9053	0.3093	2.0708	0.2973	1.0158	0.2427	0.386	1.1543	1.1973	2.9758	1.3758		0.268	0.6897	0.2264	1.4373	0.2194	0.7758	0.1736	0.2715	0.8737	0.9612	1.5759	0.9731		
		0.5345	1.8736	1.5072	1.3153	0.7655	0.9706	1.1568	0.782	1.3738	0.414	1.4081	1.4913		0.4267	1.4864	1.0959	0.9874	0.5538	0.7785	0.8567	0.6083	0.9635	0.3045	1.0809	1.0445		
		1.1822	0.1881	1.0969	2.304	1.3585	0.8686	0.7826	1.0029	0.3748	1.5629	1.1154	1.513		0.8206	0.1495	0.7053	1.7501	1.012	0.6396	0.4928	0.7316	0.2718	1.2014	0.8177	1.0811		
		1.0273	1.3501	1.7574	1.9577	0.5425	1.6057	1.8429	1.1254	1.7255	0.303	1.3428	1.1841		0.8533	1.0273	1.2833	1.4909	0.4112	1.2969	1.426	0.8066	1.3162	0.2184	0.9402	0.9417		
		0.4391	0.6839	0.2676	1.5579	0.9686	1.5804	1.5358	0.2138	1.3747	1.5148	0.2554	1.1501		0.3443	0.458	0.1916	1.1825	0.689	1.1744	1.0825	0.1557	1.0171	1.0173	0.1837	0.7779		
		0.8703	0.9618	0.597	0.8718	1.5732	0.7422	0.4302	0.4361	0.3182	0.4838	0.3823	1.8921		0.5939	0.6642	0.4056	0.4612	1.1088	0.3612	0.2372	0.3413	0.2411	0.3415	0.2625	0.85		
		0.3075	1.3756	0.4048	0.5408	1.6754	0.3953	0.3498	0.8413	0.3376	0.5672	0.384	0.5377		0.2308	0.9112	0.316	0.3908	1.1301	0.3067	0.2454	0.5755	0.2278	0.4099	0.2711	0.3547		
		0.4356	0.4844	0.4261	0.3465	0.3132	0.4436	0.3839	0.229	0.5964	0.2906	0.2098	0.3224		0.2602	0.3646	0.2782	0.2439	0.2366	0.2883	0.2722	0.1542	0.3946	0.2026	0.1514	0.2181		
		
~End
Copyright © 2003 Molecular Devices. All rights reserved.
