##BLOCKS= 1          
Plate:	Plate#1	1.3	PlateFormat	Endpoint	Absorbance	Raw	FALSE	1						2	490 750	1	12	96	1	8	None	
	Temperature(¡C)	1	2	3	4	5	6	7	8	9	10	11	12		1	2	3	4	5	6	7	8	9	10	11	12		
	22.00	0.4119	2.2091	0.3221	2.7821	0.546	3.1661	0.9721	2.3876	2.6179	3.1937	2.214	3.5357		0.2182	0.9693	0.17	1.7841	0.2648	2.4798	0.4307	1.6643	1.6529	2.3053	0.5908	2.2203		
		0.721	2.7155	2.2262	1.6822	2.8903	0.9375	3.0596	1.5615	2.4886	1.1614	2.8218	2.8564		0.5443	1.7445	1.3318	1.0193	1.8612	0.5855	1.8113	0.9341	1.387	0.6988	1.7514	1.5419		
		1.2605	0.147	1.4508	2.4667	1.3421	2.2431	1.7239	2.4192	2.651	2.184	2.5632	2.0799		0.654	0.1092	0.907	1.6289	0.8009	1.346	0.8228	1.5326	1.7469	1.3454	1.6041	1.1832		
		2.8171	2.4791	2.5738	2.7153	2.2121	2.3869	3.314	2.8192	2.3579	0.616	3.1312	2.6378		1.8515	1.4268	1.5064	1.5867	1.51	1.5002	2.2778	1.5724	1.3182	0.3703	1.7652	1.455		
		0.8166	1.9044	0.4896	3.2441	2.0555	2.6859	2.5921	1.0006	3.1153	2.0988	0.4019	2.1452		0.5032	0.4663	0.2264	2.0708	1.3732	1.5428	1.5332	0.543	1.7492	1.26	0.2257	1.2148		
		2.2715	0.8081	1.1019	2.3111	2.1032	2.1371	1.486	0.342	0.5493	1.4759	1.2287	1.8317		1.294	0.4589	0.5214	1.3149	1.1746	1.3155	0.7379	0.2301	0.3351	0.6412	0.5358	0.8564		
		1.1044	2.7962	1.9377	0.8616	2.0758	0.6593	2.1115	2.9638	0.5885	2.1141	1.6521	1.327		0.6908	1.6599	1.1735	0.421	1.0476	0.3899	1.2141	1.9161	0.3329	1.1723	0.638	0.6289		
		0.6823	3.0684	2.0596	0.8317	0.7878	0.5053	0.5177	0.2566	0.4608	0.4858	0.6776	0.3596		0.3606	1.8037	1.2319	0.4837	0.4784	0.303	0.2928	0.1547	0.2579	0.2317	0.3274	0.21		
		
~End
Copyright © 2003 Molecular Devices. All rights reserved.
