##BLOCKS= 1          
Plate:	Plate#1	1.3	PlateFormat	Endpoint	Absorbance	Raw	FALSE	1						2	490 750	1	12	96	1	8	None	
	Temperature(¡C)	1	2	3	4	5	6	7	8	9	10	11	12		1	2	3	4	5	6	7	8	9	10	11	12		
	22.10	0.4598	1.9416	0.7276	3.1235	0.4705	3.154	1.619	2.2772	2.3368	3.0821	2.4157	3.0928		0.3282	0.8639	0.3711	1.9933	0.2344	2.3598	0.8321	1.5809	1.3914	2.2005	0.5724	1.7075		
		0.7497	2.6809	2.1937	1.9665	2.8266	0.8928	2.9204	1.6973	2.4634	0.9805	1.8176	2.5513		0.5535	1.7387	1.3211	1.1614	1.76	0.5347	1.7675	0.9814	1.3455	0.593	1.1923	1.4316		
		1.3006	0.1699	1.3749	3.0251	1.1734	2.0577	1.5551	2.4788	2.5503	2.5382	2.2948	2.8198		0.6373	0.1315	0.8549	2.2417	0.7399	1.2334	0.729	1.5249	1.6859	1.6784	1.4517	1.698		
		2.8091	2.619	2.6311	3.1456	2.1382	2.4081	3.112	2.4082	3.1527	1.1428	3.061	2.6461		1.7589	1.563	1.5462	1.9946	1.3397	1.5611	1.8171	1.313	1.946	0.6412	1.8211	1.4809		
		0.8139	0.9922	0.3757	2.9682	2.3059	3.0116	2.2532	0.4938	3.0879	2.156	0.7202	2.0614		0.4543	0.2913	0.2029	1.8911	1.4667	1.818	1.2818	0.2554	1.7486	1.2626	0.3879	1.1161		
		2.4817	1.496	1.8582	1.8107	2.1153	2.1109	1.2718	0.4375	0.5924	1.7606	0.7687	1.9515		1.5845	0.6687	0.7628	1.0205	1.1981	1.3156	0.608	0.3003	0.3547	0.729	0.3607	0.848		
		1.4348	2.4717	1.4447	1.9525	1.719	1.1584	1.5586	2.8177	0.7968	1.8244	1.9714	1.8653		0.6717	1.3559	0.8655	0.8729	0.8357	0.7007	0.9061	1.7562	0.466	0.9581	0.8201	0.8674		
		0.4836	2.922	2.8215	0.9658	0.7674	0.7529	0.426	0.2172	0.3867	0.2168	0.4414	0.3958		0.2986	1.7196	1.5001	0.5607	0.4765	0.4308	0.2524	0.1378	0.1967	0.1373	0.2021	0.2008		
		
~End
Copyright © 2003 Molecular Devices. All rights reserved.
