##BLOCKS= 1          
Plate:	Plate#1	1.3	PlateFormat	Endpoint	Absorbance	Raw	FALSE	1						2	490 750	1	12	96	1	8	None	
	Temperature(¡C)	1	2	3	4	5	6	7	8	9	10	11	12		1	2	3	4	5	6	7	8	9	10	11	12		
	22.80	0.596	2.1225	0.4975	2.2357	0.3831	0.9953	2.6728	1.0714	2.8985	1.8478	3.0293	3.0377		0.2252	1.0931	0.2193	1.2397	0.1791	0.5223	1.2987	0.591	1.3652	0.9391	0.8509	1.4517		
		0.6838	0.449	2.9429	2.71	3.2759	1.9057	2.7996	1.9914	2.6066	2.2498	0.5913	2.8961		0.5753	0.2659	1.5762	1.1084	1.5679	0.8275	1.486	1.0394	1.1695	1.0536	0.3129	1.389		
		1.7992	0.1546	2.3715	2.0869	2.0477	2.7345	2.8231	3.1	2.0105	2.6525	2.9721	3.0742		0.9011	0.1252	0.9039	0.8789	0.9414	1.2805	1.0713	1.6172	0.721	1.1832	1.4873	1.4095		
		2.9116	2.6976	2.8621	2.9616	1.1249	3.0646	0.8526	2.9846	3.383	1.8847	3.0422	3.1867		1.4472	1.3937	1.4181	1.3726	0.521	1.5254	0.3736	1.257	1.5677	0.8759	1.3959	1.4591		
		1.4518	2.5982	0.4467	3.1439	2.0973	2.9621	2.8568	0.7987	3.2819	3.2237	0.6955	2.2536		0.5953	0.8761	0.2097	1.4375	0.9807	1.4274	1.3721	0.3964	1.6233	1.4891	0.3196	1.1697		
		2.364	1.5157	2.4056	2.0223	2.3497	2.274	1.7652	0.6079	1.091	2.6944	2.5528	2.7067		1.0961	0.5908	0.8279	0.8831	1.2608	1.1227	0.8355	0.2799	0.5068	1.0565	0.7576	1.1219		
		1.9902	1.8813	2.0261	2.501	0.7348	0.5904	0.832	2.6224	1.4176	1.9237	2.0972	2.356		0.7718	1.191	0.8856	0.7743	0.4125	0.3032	0.3771	1.3261	0.6838	0.8908	0.9202	1.1263		
		0.6957	1.6905	1.4987	1.7631	0.5364	1.462	0.4656	0.4539	2.4223	0.4562	0.5267	0.4874		0.3056	0.7268	0.7037	0.4901	0.272	0.6043	0.2757	0.2147	1.0911	0.2402	0.2365	0.2295		
		
~End
Copyright © 2003 Molecular Devices. All rights reserved.
