##BLOCKS= 1          
Plate:	Plate#1	1.3	PlateFormat	Endpoint	Absorbance	Raw	FALSE	1						2	490 750	1	12	96	1	8	None	
	Temperature(¡C)	1	2	3	4	5	6	7	8	9	10	11	12		1	2	3	4	5	6	7	8	9	10	11	12		
	23.10	0.4079	1.9608	0.6211	3.2769	0.3049	2.8248	2.2553	1.7603	2.1075	2.8705	2.3838	3.2908		0.1871	0.9562	0.3092	1.7355	0.1524	1.681	0.8471	0.8849	0.9955	1.7357	0.8189	1.6256		
		0.5234	0.3479	3.1402	2.802	3.474	2.4746	2.9372	1.7337	3.3679	2.4998	2.8874	3.0266		0.407	0.1893	1.284	1.1777	1.079	1.2914	1.2411	0.672	1.7963	1.0189	1.5768	1.2459		
		1.7801	0.1561	2.7435	3.0229	2.6712	2.5424	2.8089	3.1379	3.1656	2.7133	3.3596	3.3666		0.9273	0.122	0.7777	1.3352	0.6799	1.0102	0.9434	1.5995	1.6045	1.4317	1.6634	1.7853		
		3.2528	2.884	2.8654	2.9712	1.6428	2.9645	0.6416	3.4092	1.7446	1.5586	3.0835	2.9195		1.8196	1.0658	1.4935	1.4813	0.8145	1.3788	0.2715	1.5594	0.87	0.6988	1.4087	1.5974		
		1.5995	1.0315	0.5023	3.2248	3.1716	3.1049	2.9876	0.7176	3.0463	0.3799	2.849	2.9613		0.639	0.4377	0.2677	1.5808	1.4759	1.5586	1.6097	0.326	1.633	0.2031	1.2488	1.4208		
		2.5005	2.1403	2.2373	1.694	2.1503	2.6989	2.0926	0.649	1.32	2.779	2.334	2.4798		1.2272	0.6762	0.7738	0.9261	1.2647	1.0916	0.8101	0.2576	0.5488	0.8738	0.7272	0.9492		
		1.7654	2.277	1.9391	2.2852	0.1388	0.4601	0.9219	2.5878	2.0764	3.1218	2.405	2.6159		0.7276	1.2412	1.0519	0.6704	0.1115	0.2665	0.4419	1.1517	0.8649	1.5223	0.8423	1.0211		
		0.7303	2.7745	0.5833	1.6365	0.5528	2.5925	0.4391	0.4274	1.7773	0.333	0.3508	0.3425		0.3044	1.2679	0.2954	0.5593	0.332	0.9716	0.2391	0.1703	0.7975	0.2018	0.192	0.1917		
		
~End
Copyright © 2003 Molecular Devices. All rights reserved.
