##BLOCKS= 1          
Plate:	Plate#1	1.3	PlateFormat	Endpoint	Absorbance	Raw	FALSE	1						2	490 750	1	12	96	1	8	None	
	Temperature(¡C)	1	2	3	4	5	6	7	8	9	10	11	12		1	2	3	4	5	6	7	8	9	10	11	12		
	23.10	0.5825	1.9747	0.3667	2.9984	0.3541	1.8942	2.5038	1.2905	3.2376	2.6568	2.1188	2.9473		0.3055	0.9592	0.1768	1.612	0.1679	1.0914	0.9187	0.6311	1.3725	1.5874	0.7101	1.2653		
		0.6139	0.3954	3.2803	3.0991	3.3001	2.1736	3.1565	1.825	3.3031	2.2724	2.4723	2.5073		0.4498	0.2068	1.2104	1.3207	1.2243	1.1391	1.3861	0.7613	1.3571	0.8844	1.3618	0.8893		
		1.8105	0.1359	2.5296	3.3332	2.7749	2.5522	2.6495	3.1915	3.0279	2.483	3.2853	3.24		0.9539	0.1087	0.7862	1.4051	0.7818	1.0011	0.9704	1.6427	1.4701	1.3473	1.6667	1.5883		
		3.1149	2.715	3.15	3.0546	1.5032	2.9932	0.6481	3.4246	1.9422	1.5319	2.9974	2.3452		1.5084	1.0619	1.594	1.2394	0.6976	1.3955	0.3085	1.7189	0.9105	0.669	1.4026	1.1889		
		1.8095	1.2298	0.6787	2.4762	2.1618	3.1626	3.0993	0.6429	3.0791	0.4383	1.0724	2.9649		0.6945	0.5435	0.3675	1.239	0.9708	1.5235	1.6559	0.311	1.6743	0.2297	0.514	1.8019		
		2.4527	1.7362	2.253	1.6111	2.2082	2.4319	2.1797	0.7086	1.2417	2.7191	2.3076	2.4624		1.3137	0.5658	0.7109	0.8805	1.344	1.0002	0.8067	0.2861	0.5102	0.8166	0.6836	1.0168		
		1.9134	2.9625	1.8521	2.5712	0.1266	0.4257	0.8019	2.6493	2.1701	2.5047	2.1555	2.1091		0.7437	1.3579	0.9572	0.7753	0.1026	0.2725	0.3898	1.1403	0.8712	0.892	0.8199	0.8352		
		0.6298	1.16	0.6735	1.7138	0.3549	1.9519	0.4243	0.4085	1.7861	0.4756	0.3765	0.3467		0.2504	0.5601	0.3323	0.7106	0.2384	0.7003	0.2302	0.1833	0.7915	0.3325	0.2155	0.1974		
		
~End
Copyright © 2003 Molecular Devices. All rights reserved.
