##BLOCKS= 1          
Plate:	Plate#1	1.3	PlateFormat	Endpoint	Absorbance	Raw	FALSE	1						2	490 750	1	12	96	1	8	None	
	Temperature(¡C)	1	2	3	4	5	6	7	8	9	10	11	12		1	2	3	4	5	6	7	8	9	10	11	12		
	21.80	0.5684	0.2892	0.1787	1.2155	0.1606	0.1758	0.2839	0.1666	1.1039	0.1868	0.3412	1.4641		0.479	0.1999	0.148	0.884	0.1305	0.1413	0.2166	0.1262	0.8268	0.1524	0.2204	1.1287		
		0.5328	0.3061	2.5775	0.1562	0.7142	0.1593	1.5851	1.22	1.6107	0.2183	0.2242	1.0365		0.458	0.215	1.7009	0.1236	0.5447	0.1209	1.255	0.845	1.2905	0.1738	0.1569	0.804		
		0.4608	0.1366	0.2754	0.1613	1.5133	0.8317	1.8232	0.2275	0.2063	0.8823	1.83	2.1804		0.2586	0.1068	0.2149	0.1278	1.1252	0.6475	1.2342	0.1814	0.1642	0.66	1.3225	1.6347		
		0.2275	1.1651	1.0741	1.354	0.2057	0.2074	0.3185	1.1516	0.7764	0.1483	1.4969	1.2215		0.2147	0.9399	0.8575	1.0937	0.1683	0.1682	0.236	0.9228	0.5676	0.1188	1.1572	0.9869		
		0.3252	0.9581	0.2226	0.2328	0.7425	0.2079	1.5556	0.1339	1.7502	0.2279	0.2163	1.9067		0.1976	0.5828	0.1695	0.1733	0.593	0.1632	1.2026	0.1088	1.3846	0.1841	0.1688	1.3911		
		0.4376	0.1711	0.7716	1.6707	0.272	0.3419	0.2128	0.2942	0.1952	0.155	0.2071	1.2778		0.3457	0.1378	0.4987	1.0582	0.2202	0.2502	0.1488	0.2174	0.1577	0.1256	0.1666	0.9204		
		0.191	0.3462	0.6489	0.2682	0.1575	0.551	0.2378	0.2208	0.1522	0.1645	0.1649	0.4722		0.1582	0.2907	0.4417	0.1955	0.1308	0.4346	0.1978	0.177	0.12	0.1353	0.13	0.4018		
		0.1823	0.2247	0.212	0.2703	0.3916	0.1429	0.1685	0.1526	0.2175	0.1847	0.2652	0.16		0.1499	0.1741	0.1677	0.2128	0.3124	0.114	0.133	0.1196	0.1745	0.1529	0.2215	0.1273		
		
~End
Copyright © 2003 Molecular Devices. All rights reserved.
