##BLOCKS= 1          
Plate:	Plate#1	1.3	PlateFormat	Endpoint	Absorbance	Raw	FALSE	1						2	490 750	1	12	96	1	8	None	
	Temperature(¡C)	1	2	3	4	5	6	7	8	9	10	11	12		1	2	3	4	5	6	7	8	9	10	11	12		
	21.90	0.1456	0.2805	0.1553	0.7115	0.1615	0.1976	0.2785	0.1682	1.1766	0.158	0.2603	1.5164		0.1129	0.1881	0.1272	0.5433	0.1308	0.1596	0.2011	0.1291	0.8806	0.1275	0.1557	1.165		
		0.578	0.2655	2.8056	0.1527	0.4743	0.1495	0.8745	1.3283	1.0182	0.2695	0.1896	1.2129		0.4661	0.1777	1.8624	0.1212	0.3583	0.1147	0.6579	0.9296	0.7769	0.2228	0.1233	0.9743		
		0.4018	0.1498	0.1849	0.1424	1.5397	0.9589	1.6278	0.2487	0.2106	0.8791	1.4689	2.0283		0.256	0.1183	0.1435	0.1156	1.1453	0.7506	1.0567	0.2001	0.166	0.6582	1.057	1.5733		
		0.2157	1.4721	1.5036	1.581	0.1743	0.2037	0.3131	1.5196	0.8926	0.1538	1.4889	1.2031		0.1557	1.1609	1.2102	1.2767	0.1403	0.1683	0.2325	1.2342	0.6689	0.1248	1.1791	0.9828		
		0.3136	0.8768	0.2369	0.2088	0.6124	0.1999	1.7006	0.1469	1.846	0.2028	0.2097	1.6099		0.1946	0.5421	0.1807	0.154	0.4994	0.1585	1.3486	0.1193	1.4035	0.1613	0.1694	1.2887		
		0.388	0.1894	0.628	1.5219	0.288	0.305	0.2518	0.2898	0.1951	0.2137	0.1743	0.8499		0.3076	0.157	0.4114	0.983	0.2342	0.2277	0.1628	0.2142	0.1569	0.1751	0.1402	0.6465		
		0.177	0.3268	0.7308	0.3036	0.1372	0.5469	0.2061	0.1678	0.1693	0.1481	0.173	0.1602		0.1371	0.2751	0.496	0.2348	0.1132	0.4164	0.1636	0.1312	0.1344	0.1213	0.1336	0.1279		
		0.317	0.2073	0.2266	0.2284	0.3237	0.142	0.1604	0.1375	0.1839	0.1987	0.1451	0.1493		0.2263	0.1556	0.1787	0.1758	0.2593	0.1136	0.1269	0.1088	0.1447	0.1583	0.1177	0.1163		
		
~End
Copyright © 2003 Molecular Devices. All rights reserved.
