##BLOCKS= 1          
Plate:	Plate#1	1.3	PlateFormat	Endpoint	Absorbance	Raw	FALSE	1						2	490 750	1	12	96	1	8	None	
	Temperature(¡C)	1	2	3	4	5	6	7	8	9	10	11	12		1	2	3	4	5	6	7	8	9	10	11	12		
	22.20	0.3962	1.5324	0.5515	2.2759	0.3147	1.7177	1.3643	0.3171	1.6375	0.8934	2.849	2.4325		0.1906	0.7301	0.2817	1.4011	0.1757	1.2436	0.6347	0.2135	1.0911	0.6051	1.5681	1.385		
		0.5723	0.2809	1.3596	1.9444	1.5038	0.6688	1.4954	0.7196	2.0802	0.5251	1.3377	2.3702		0.4646	0.2064	0.9585	1.2257	0.8395	0.3887	0.9721	0.5431	1.2976	0.3226	0.9293	1.4265		
		0.6631	0.1802	1.4542	1.7685	1.2046	1.6708	1.2339	1.9963	0.4493	1.7069	1.7149	1.7535		0.4421	0.1451	0.8312	1.2202	0.6971	1.0412	0.6306	1.434	0.2544	1.2005	1.1318	1.0992		
		1.8063	2.1357	2.0536	1.8982	0.5808	2.2683	0.52	1.9099	1.5485	0.6583	1.718	1.738		1.3185	1.2221	1.1718	1.0938	0.3057	1.5343	0.2884	1.0566	0.9114	0.3207	1.0008	1.1251		
		0.5751	0.99	0.7543	1.9788	1.1641	1.4704	2.166	0.4243	1.8142	1.5087	1.0418	1.8019		0.345	0.3612	0.3737	1.2902	0.7923	0.9253	1.287	0.2349	1.0556	0.8784	0.5597	1.062		
		1.6711	0.7354	1.6519	1.2386	1.2034	0.7144	0.6243	0.4585	0.4468	1.6657	0.6999	1.3181		1.049	0.5451	0.8664	0.9024	0.8428	0.4581	0.2895	0.3549	0.2532	0.8229	0.3225	0.6234		
		0.5852	0.9903	0.3369	0.9267	0.7599	0.9008	1.6295	0.8459	0.4521	1.179	2.3119	1.6201		0.4256	0.7334	0.2581	0.5201	0.5262	0.6496	1.0657	0.4339	0.2216	0.5482	1.0542	0.8252		
		0.8496	1.3874	0.6269	0.8098	0.7202	0.3985	0.528	0.4826	0.8734	0.4108	0.9888	0.4592		0.4975	0.7456	0.3038	0.5318	0.507	0.1893	0.2177	0.2834	0.4942	0.2037	0.4538	0.2413		
		
~End
Copyright © 2003 Molecular Devices. All rights reserved.
