##BLOCKS= 1          
Plate:	Plate#1	1.3	PlateFormat	Endpoint	Absorbance	Raw	FALSE	1						2	490 750	1	12	96	1	8	None	
	Temperature(¡C)	1	2	3	4	5	6	7	8	9	10	11	12		1	2	3	4	5	6	7	8	9	10	11	12		
	22.30	1.1243	1.5232	0.4529	2.3709	0.3506	1.8478	1.1987	0.2781	1.5175	0.9407	2.581	1.9945		0.4145	0.8332	0.2315	1.4609	0.2125	1.3199	0.6231	0.1882	1.0522	0.6808	1.1561	1.1506		
		0.6261	0.4256	1.7426	1.4944	1.2302	0.7605	0.9241	0.9062	1.6309	0.5132	1.2294	1.81		0.5103	0.3392	1.1502	0.8719	0.7188	0.548	0.6053	0.6806	0.991	0.3265	0.8108	0.9536		
		0.9693	0.1676	1.0195	1.5743	1.5625	1.5456	1.1198	1.8279	0.4368	1.5997	1.7901	2.1488		0.5057	0.127	0.6184	1.1946	0.8871	0.9594	0.6314	1.2965	0.276	1.078	1.2172	1.4072		
		1.3211	1.2482	1.3242	1.9663	0.3964	2.0455	0.3366	1.5397	1.3249	0.5139	1.5104	1.0998		0.7259	0.642	0.8791	1.2484	0.2367	1.4336	0.2027	0.897	0.8511	0.2865	0.928	0.682		
		0.6294	0.6343	0.4214	1.5671	0.8456	1.2436	2.4696	0.5095	1.8655	2.0311	0.4348	1.4938		0.4132	0.2453	0.2378	1.0822	0.5373	0.8234	1.3719	0.266	1.0376	1.2908	0.224	0.9353		
		1.9214	0.5705	1.229	1.0484	1.038	0.8177	0.6612	0.368	0.4649	1.5428	0.7385	1.8595		1.0682	0.4433	0.667	0.7762	0.7547	0.5071	0.2918	0.2814	0.2747	0.7545	0.323	0.9599		
		0.2261	0.8894	0.2938	0.9026	0.4462	1.2011	0.7814	1.3778	1.8405	1.3368	1.4638	1.2929		0.1459	0.5654	0.2253	0.5411	0.3025	0.8598	0.444	0.7753	1.0232	0.6288	0.8219	0.5748		
		0.3986	1.5651	0.4674	0.5206	0.9371	0.3501	0.3544	0.3386	2.0521	0.3944	0.358	0.3621		0.2219	0.8152	0.2434	0.3395	0.6547	0.1839	0.1665	0.214	1.0331	0.2144	0.1681	0.1717		
		
~End
Copyright © 2003 Molecular Devices. All rights reserved.
