##BLOCKS= 1          
Plate:	Plate#1	1.3	PlateFormat	Endpoint	Absorbance	Raw	FALSE	1						2	490 750	1	12	96	1	8	None	
	Temperature(¡C)	1	2	3	4	5	6	7	8	9	10	11	12		1	2	3	4	5	6	7	8	9	10	11	12		
	22.30	0.7079	1.7859	0.43	2.1416	0.5843	1.7687	1.4711	0.3295	1.5158	1.3927	2.6465	1.7841		0.3639	0.8282	0.2289	1.3482	0.2762	1.2544	0.7079	0.2274	1.007	0.9332	1.2036	1.0668		
		0.5258	0.4372	1.4147	1.3398	1.4601	0.8588	1.438	0.7534	2.1098	0.4621	1.2326	1.7112		0.4322	0.3303	0.9322	0.8743	0.8643	0.5155	0.8834	0.5893	1.2671	0.2839	0.8084	0.9556		
		0.8083	0.1394	0.9202	1.1053	1.1313	1.8658	0.9747	2.085	0.7698	1.8909	1.7644	1.6914		0.4132	0.1114	0.563	0.7728	0.6665	1.1129	0.4795	1.4955	0.4018	1.2301	1.0048	1.1476		
		2.0671	1.8322	1.9828	2.1241	0.7396	1.8402	0.5234	1.6487	1.799	0.5799	2.1573	1.4818		1.4152	1.1281	1.2006	1.2923	0.347	1.1945	0.2839	1.0165	1.131	0.2738	1.1722	0.9127		
		0.6066	1.0452	0.5212	1.9639	1.3632	2.1783	1.9326	0.6072	1.7806	1.8061	0.6833	1.6786		0.3201	0.4218	0.2399	1.3162	0.8562	1.369	1.161	0.3183	1.1502	1.1345	0.3347	1.1144		
		2.4501	0.6235	1.5003	1.1089	0.754	0.8226	0.9926	0.235	0.7954	1.3301	0.7194	1.8311		1.461	0.4645	0.7651	0.8432	0.5495	0.513	0.4457	0.1791	0.4482	0.6198	0.3141	0.9477		
		0.4462	1.2855	0.5556	1.4095	0.541	1.1446	1.5012	1.8203	0.5148	1.6914	1.4672	1.7929		0.2201	0.8643	0.4343	0.8013	0.3391	0.8299	0.8505	0.9975	0.2186	0.9085	0.7035	0.9467		
		0.7563	1.8711	0.3894	0.7951	1.0856	0.3863	0.8014	0.5406	2.5172	0.5017	0.3473	0.3901		0.3153	1.1442	0.2045	0.4649	0.7786	0.1855	0.395	0.3048	1.3832	0.2417	0.1655	0.1948		
		
~End
Copyright © 2003 Molecular Devices. All rights reserved.
