##BLOCKS= 1          
Plate:	Plate#1	1.3	PlateFormat	Endpoint	Absorbance	Raw	FALSE	1						2	490 750	1	12	96	1	8	None	
	Temperature(¡C)	1	2	3	4	5	6	7	8	9	10	11	12		1	2	3	4	5	6	7	8	9	10	11	12		
	23.10	0.2066	1.3739	0.24	2.3158	0.2659	2.3381	0.6628	1.5302	2.1606	1.5899	1.5862	1.9117		0.1435	0.9362	0.1917	1.556	0.2102	1.8436	0.4759	1.176	1.6448	1.3215	1.1919	1.5267		
		0.5681	0.2397	1.9972	1.2307	1.8095	0.4964	1.9022	1.2995	1.7609	1.4614	0.5274	1.6522		0.4429	0.1816	1.4273	0.9858	1.4092	0.3318	1.5407	0.9375	1.3941	1.037	0.43	1.2655		
		0.3648	0.2203	1.6619	2.5134	0.5692	1.4996	1.5127	2.0857	2.3806	2.6325	2.583	2.4808		0.2434	0.17	1.1477	1.7918	0.4352	1.1343	0.9869	1.5689	1.8748	1.9394	1.8915	1.8396		
		2.8605	2.559	2.6056	2.7394	1.7166	2.0944	2.5544	1.9937	2.2323	0.4654	2.5909	2.9515		2.189	1.9627	1.928	2.0337	1.2706	1.6425	1.8397	1.486	1.6048	0.3367	1.8952	2.1171		
		2.5955	1.8666	0.3397	2.4935	1.248	1.9126	2.0715	0.2899	2.9594	2.2726	2.3128	2.2377		1.6051	1.3975	0.2452	1.8693	0.9949	1.412	1.4826	0.2034	2.155	1.6354	1.6735	1.5453		
		2.0256	1.4316	0.9864	2.4622	1.6968	1.7754	1.5313	0.551	1.0791	1.4621	0.9816	1.3746		1.4158	0.9051	0.7052	1.3785	1.0576	0.926	0.993	0.3623	0.659	1.0667	0.7266	0.8908		
		1.6627	1.7509	1.8858	1.4958	0.9294	0.412	0.5538	2.1783	0.3273	0.9822	1.0046	1.155		1.114	1.3596	1.3692	0.8965	0.7146	0.2636	0.3719	1.3256	0.2099	0.5742	0.6829	0.6546		
		0.3204	1.0752	0.6373	0.9904	0.4165	0.3979	0.2794	0.4319	0.3062	0.2727	0.3454	0.3329		0.1974	0.6626	0.3647	0.6655	0.3013	0.215	0.1578	0.229	0.1776	0.1586	0.2216	0.2059		
		
~End
Copyright © 2003 Molecular Devices. All rights reserved.
