##BLOCKS= 1          
Plate:	Plate#1	1.3	PlateFormat	Endpoint	Absorbance	Raw	FALSE	1						2	490 750	1	12	96	1	8	None	
	Temperature(¡C)	1	2	3	4	5	6	7	8	9	10	11	12		1	2	3	4	5	6	7	8	9	10	11	12		
	23.10	0.2863	1.6379	0.2235	2.115	0.2643	2.0909	0.8295	2.1844	1.9615	1.6855	2.2623	1.8988		0.2167	1.1271	0.1733	1.4407	0.2022	1.6736	0.5982	1.75	1.4823	1.3895	1.6941	1.5099		
		0.5195	0.3078	1.9075	1.7503	2.0236	0.8389	2.2686	1.8363	1.9332	1.2391	0.5551	2.5176		0.4271	0.2154	1.3317	1.3966	1.5689	0.5563	1.8102	1.3233	1.5014	0.9055	0.4651	1.9077		
		0.3061	0.1842	1.7751	2.7263	0.5964	1.2475	1.8341	2.1947	1.8265	2.7769	2.8488	2.4831		0.2021	0.135	1.2379	1.9771	0.4484	0.9514	1.189	1.6578	1.4287	2.0799	2.0925	1.8143		
		2.6528	2.1416	2.3334	2.4167	2.4166	1.815	2.5988	2.0314	2.4556	0.5958	2.0252	2.3884		1.9461	1.6173	1.7181	1.7762	1.826	1.4404	1.8839	1.512	1.7491	0.4366	1.4995	1.6849		
		2.6187	1.8276	0.2795	2.1279	1.3321	2.1384	2.6899	0.3179	2.3603	2.4833	2.7044	2.0522		1.6434	1.3736	0.1938	1.5922	1.0436	1.5712	1.9196	0.2121	1.6786	1.7856	1.9116	1.4193		
		1.7545	1.8405	1.247	2.6269	1.7165	2.5767	1.1323	0.4811	1.0419	1.6465	1.1251	1.5966		1.2002	1.1006	0.87	1.4914	1.0585	1.3319	0.7114	0.3212	0.6337	1.2076	0.8081	1.0445		
		1.2234	1.9069	1.9707	1.0144	0.9444	0.3748	0.576	2.1159	0.32	0.6839	1.2303	1.7944		0.8581	1.4903	1.4157	0.5742	0.7139	0.2385	0.394	1.3126	0.1907	0.3787	0.8095	1.0064		
		0.2365	1.1176	0.7584	1.0103	0.6685	0.3423	0.2921	0.4078	0.2891	0.3706	0.2786	0.2959		0.168	0.6686	0.4126	0.6645	0.4964	0.1806	0.1575	0.2169	0.1714	0.2034	0.1724	0.1856		
		
~End
Copyright © 2003 Molecular Devices. All rights reserved.
