##BLOCKS= 1          
Plate:	Plate#1	1.3	PlateFormat	Endpoint	Absorbance	Raw	FALSE	1						2	490 750	1	12	96	1	8	None	
	Temperature(¡C)	1	2	3	4	5	6	7	8	9	10	11	12		1	2	3	4	5	6	7	8	9	10	11	12		
	23.20	0.2833	1.5266	0.234	2.0113	0.2561	1.9987	0.8685	1.7548	2.2337	1.6661	1.8091	2.3528		0.2418	1.0409	0.1837	1.3419	0.2004	1.5995	0.6431	1.3727	1.712	1.3524	1.3819	1.8255		
		0.4254	0.2494	2.1445	1.5933	2.28	0.8578	1.8575	2.0797	1.8754	1.3812	0.4776	2.2832		0.3536	0.1911	1.5115	1.2768	1.7945	0.5772	1.4921	1.5172	1.4766	0.9974	0.4075	1.7475		
		0.4786	0.1944	1.6916	2.7272	0.5778	2.1898	1.726	2.2943	1.6774	2.9308	2.265	2.1549		0.3044	0.1488	1.1598	1.9659	0.4239	1.7185	1.107	1.734	1.2922	2.2643	1.6388	1.5763		
		2.4509	2.0578	2.7957	2.513	2.051	2.0647	2.7351	2.272	2.2499	0.4577	1.9905	2.5464		1.8454	1.5499	2.0262	1.8509	1.5089	1.6221	1.9854	1.6849	1.6247	0.3279	1.4469	1.8131		
		2.631	2.1929	0.3292	1.9858	1.2771	2.4681	2.6471	0.3893	2.4085	2.2043	2.2706	2.0482		1.6498	1.6617	0.2345	1.5109	1.0202	1.8373	1.8887	0.2665	1.6892	1.5995	1.5674	1.4068		
		1.3447	1.2954	1.1253	1.8028	1.3014	2.4616	1.6444	0.5049	1.0238	1.8262	0.9932	1.256		0.9615	0.8286	0.7955	1.0297	0.7946	1.3072	1.0851	0.323	0.6116	1.3491	0.6853	0.8179		
		1.0506	1.8249	1.8198	1.6893	0.6975	0.3025	0.4431	2.3342	0.3473	0.747	1.364	1.9468		0.7241	1.4289	1.3006	1.0229	0.5418	0.1935	0.3033	1.4658	0.2069	0.4258	0.9158	1.1173		
		0.2418	0.9871	0.6671	0.7357	0.6201	0.4053	0.4554	0.45	0.2759	0.3034	0.2285	0.2492		0.1736	0.6243	0.37	0.488	0.4548	0.2163	0.2484	0.2354	0.1688	0.1738	0.151	0.1515		
		
~End
Copyright © 2003 Molecular Devices. All rights reserved.
