##BLOCKS= 1          
Plate:	Plate#1	1.3	PlateFormat	Endpoint	Absorbance	Raw	FALSE	1						2	490 750	1	12	96	1	8	None	
	Temperature(¡C)	1	2	3	4	5	6	7	8	9	10	11	12		1	2	3	4	5	6	7	8	9	10	11	12		
	23.00	0.1918	1.2598	0.2393	1.8594	0.2178	0.3368	0.696	0.3349	2.7573	0.2497	0.2675	2.3739		0.1666	0.9159	0.1819	1.2637	0.1751	0.2819	0.5144	0.2555	2.1241	0.2047	0.1586	1.6967		
		0.4936	0.2694	2.8787	0.1702	0.7113	0.1906	1.6411	1.202	1.645	0.3598	0.2117	1.6788		0.4121	0.1836	1.8913	0.1333	0.5041	0.1351	1.2656	0.843	1.1542	0.2686	0.1347	1.2232		
		0.5071	0.1555	0.2867	0.1995	1.6082	0.6545	2.0887	0.4054	0.335	2.437	2.5695	2.1009		0.3129	0.1232	0.2086	0.1615	1.1702	0.4873	1.439	0.2899	0.2552	1.8691	1.9314	1.5882		
		0.3163	1.4072	2.601	0.495	0.3391	0.2541	0.4425	1.6954	2.8998	0.141	0.721	1.0819		0.2151	1.0468	1.8622	0.3471	0.2526	0.1945	0.3242	1.3079	2.2133	0.1121	0.5115	0.8125		
		0.3912	0.9664	0.2941	0.8166	1.0605	0.2458	2.2113	0.2171	2.2925	0.3417	0.3021	2.0648		0.2211	0.6235	0.2216	0.5151	0.7847	0.1783	1.5155	0.1705	1.6741	0.2642	0.2303	1.3821		
		0.6829	0.7372	1.9985	1.9051	0.3613	0.3968	0.4496	0.3345	0.2644	0.2028	1.2072	1.2571		0.4445	0.5444	1.2352	1.2231	0.2955	0.2965	0.2791	0.267	0.1955	0.1627	0.8762	0.8548		
		0.5433	0.2562	0.6761	0.8057	0.1301	0.482	0.204	0.2944	0.2173	0.1889	0.2699	0.4505		0.3794	0.2185	0.4543	0.485	0.1069	0.3646	0.1615	0.2238	0.1719	0.148	0.2013	0.3599		
		0.3126	0.3339	0.2588	0.23	0.7051	0.1568	0.2075	0.2436	0.2516	0.5991	0.3556	0.397		0.2353	0.2476	0.1978	0.1829	0.5428	0.1241	0.1577	0.1708	0.2047	0.5559	0.2699	0.3238		
		
~End
Copyright © 2003 Molecular Devices. All rights reserved.
