##BLOCKS= 1          
Plate:	Plate#1	1.3	PlateFormat	Endpoint	Absorbance	Raw	FALSE	1						2	490 750	1	12	96	1	8	None	
	Temperature(¡C)	1	2	3	4	5	6	7	8	9	10	11	12		1	2	3	4	5	6	7	8	9	10	11	12		
	23.00	0.1954	1.2953	0.262	2.1315	0.2231	0.3263	0.4708	0.2919	2.8432	0.268	0.2552	1.753		0.1462	0.9197	0.1977	1.415	0.1827	0.27	0.3352	0.2228	2.1418	0.2205	0.1511	1.2659		
		0.6826	0.2722	2.8229	0.1623	0.5253	0.1834	1.9783	1.3194	1.8817	0.3507	0.4163	2.2399		0.5557	0.1893	1.8624	0.1254	0.3663	0.1339	1.5234	0.9368	1.3634	0.2561	0.3059	1.5734		
		0.4268	0.1527	0.2604	0.1652	1.8192	0.8491	2.06	0.4492	0.3367	2.5407	2.8005	2.436		0.2782	0.1212	0.1893	0.1335	1.3158	0.6275	1.4073	0.3317	0.2495	1.9778	2.2266	1.8264		
		0.3452	2.0163	3.6766	0.397	0.361	0.2732	0.4599	1.5979	2.1261	0.134	0.6302	1.5322		0.203	1.5232	2.728	0.2771	0.2688	0.2081	0.3283	1.2155	1.5385	0.1044	0.4458	1.1812		
		0.5233	0.8768	0.2345	0.7512	0.6301	0.3553	2.4574	0.2199	1.8952	0.4054	0.2528	1.7815		0.3405	0.5548	0.1723	0.4512	0.4283	0.2486	1.6648	0.1711	1.4033	0.3148	0.1903	1.1855		
		0.6075	0.7593	1.4296	1.8327	0.3021	0.4389	0.4159	0.2791	0.2472	0.2343	1.0022	1.0692		0.4225	0.583	0.8747	1.1924	0.2431	0.3309	0.2515	0.2134	0.1821	0.1887	0.7086	0.6874		
		0.6011	0.4621	0.7027	1.5689	0.1337	0.594	0.282	0.3584	0.2166	0.1956	0.3121	0.2662		0.4046	0.3859	0.471	1.0025	0.1101	0.4518	0.2302	0.278	0.1718	0.1553	0.2312	0.1973		
		0.368	0.3466	0.3229	0.2492	0.8844	0.1775	0.3053	0.2151	0.1977	0.2425	0.2981	0.2473		0.2514	0.2682	0.2479	0.1948	0.6846	0.1416	0.23	0.1513	0.1553	0.1743	0.2222	0.1806		
		
~End
Copyright © 2003 Molecular Devices. All rights reserved.
