##BLOCKS= 1          
Plate:	Plate#1	1.3	PlateFormat	Endpoint	Absorbance	Raw	FALSE	1						2	490 750	1	12	96	1	8	None	
	Temperature(¡C)	1	2	3	4	5	6	7	8	9	10	11	12		1	2	3	4	5	6	7	8	9	10	11	12		
	22.60	0.1809	0.5179	0.1688	0.1733	0.222	0.2215	0.2122	0.171	0.216	0.1724	0.1919	0.1671		0.1327	0.3057	0.1369	0.1415	0.1834	0.1761	0.1432	0.1314	0.1658	0.1441	0.1268	0.1383		
		0.4963	0.1599	0.3497	0.1881	0.1699	0.1844	0.1855	0.1956	0.1464	0.162	0.2024	0.1476		0.4156	0.1198	0.2344	0.1288	0.14	0.1393	0.1474	0.1566	0.122	0.1322	0.143	0.1203		
		0.1598	0.1619	0.163	0.1838	0.2086	0.1919	0.1883	0.2001	0.1853	0.1922	0.1683	0.1722		0.1298	0.1352	0.135	0.1468	0.1521	0.1374	0.1549	0.1483	0.1408	0.1518	0.1372	0.1436		
		0.1827	0.1693	0.1715	0.1899	0.1839	0.1742	0.2217	0.1759	0.1716	0.1858	0.1853	0.2664		0.1333	0.1398	0.1437	0.1515	0.1345	0.1447	0.145	0.1363	0.1411	0.1516	0.1544	0.2104		
		0.2243	0.1573	0.2121	0.1863	0.1594	0.1628	0.1782	0.1705	0.1684	0.1665	0.2124	0.3892		0.1428	0.1319	0.1615	0.1512	0.1319	0.1298	0.1406	0.139	0.1362	0.1337	0.1424	0.3134		
		0.3429	0.5948	0.2237	0.3044	0.1831	0.1734	0.2273	0.2071	0.1567	0.2044	0.1591	0.1673		0.1905	0.4147	0.1606	0.2384	0.1548	0.1386	0.1556	0.1556	0.1243	0.1523	0.1283	0.1323		
		0.1752	0.3321	0.1664	0.1958	0.1546	0.1866	0.2817	0.3031	0.1752	0.2395	0.1996	0.216		0.1306	0.2974	0.1342	0.1549	0.1306	0.1367	0.1819	0.1905	0.1403	0.175	0.1342	0.1271		
		0.1969	0.2822	0.1642	0.2467	0.3974	0.2207	0.2068	0.1953	0.2211	0.1743	0.2156	0.1688		0.1497	0.1826	0.1352	0.1745	0.2241	0.1639	0.1358	0.1541	0.1552	0.138	0.1448	0.1275		
		
~End
Copyright © 2003 Molecular Devices. All rights reserved.
