##BLOCKS= 1          
Plate:	Plate#1	1.3	PlateFormat	Endpoint	Absorbance	Raw	FALSE	1						2	490 750	1	12	96	1	8	None	
	Temperature(¡C)	1	2	3	4	5	6	7	8	9	10	11	12		1	2	3	4	5	6	7	8	9	10	11	12		
	23.10	0.2023	0.2281	0.2077	1.3746	0.1852	1.1191	0.2463	0.5553	2.1624	1.1049	0.191	1.7558		0.1435	0.1347	0.1621	1.1027	0.1439	0.8559	0.1922	0.3955	1.4478	0.8864	0.1218	1.0717		
		0.5682	0.2	0.2531	0.2628	2.0321	0.3127	1.8649	1.3618	1.6558	0.8256	0.2037	2.034		0.4381	0.1516	0.1668	0.1952	1.4895	0.2366	1.3019	0.7401	1.0435	0.4702	0.1317	1.1895		
		0.1562	0.1528	2.007	0.1577	1.149	1.0759	0.6133	1.9418	1.7317	0.5087	0.2368	2.2502		0.1364	0.1214	1.1139	0.1259	0.8319	0.8618	0.5067	1.4214	1.1124	0.3439	0.1668	1.4881		
		1.1484	2.0649	0.3941	2.3132	0.7576	2.0654	0.3679	1.4846	1.1099	1.9526	2.1279	2.8725		0.9173	1.334	0.2971	1.4776	0.5779	1.5021	0.2736	0.9543	0.7226	1.142	1.2437	1.6128		
		0.4585	0.3529	0.1907	0.3698	1.3485	0.6049	0.4046	2.0386	2.455	1.2193	2.8868	2.358		0.2373	0.1833	0.148	0.2652	1.0292	0.4405	0.3139	1.421	1.6783	0.867	1.591	1.2642		
		2.3263	1.318	2.1134	2.1226	2.3748	0.9188	0.207	0.4495	0.6772	0.1639	0.1746	0.8726		1.1298	0.5796	0.7508	1.0841	1.0746	0.6031	0.139	0.3036	0.4678	0.1263	0.1302	0.4415		
		0.3406	0.2019	2.1215	2.1956	0.1547	0.2812	0.1555	0.1443	0.1493	0.1794	0.3096	0.2146		0.2967	0.1679	0.7791	0.7628	0.1243	0.2065	0.1197	0.1084	0.1151	0.1374	0.2126	0.158		
		0.4725	0.2883	0.5126	2.3811	0.7813	0.287	0.3646	0.1482	0.1811	0.4975	0.1888	0.3202		0.3444	0.2238	0.37	0.9948	0.4956	0.2212	0.2746	0.1142	0.1303	0.48	0.1449	0.2189		
		
~End
Copyright © 2003 Molecular Devices. All rights reserved.
