##BLOCKS= 1          
Plate:	Plate#1	1.3	PlateFormat	Endpoint	Absorbance	Raw	FALSE	1						2	490 750	1	12	96	1	8	None	
	Temperature(¡C)	1	2	3	4	5	6	7	8	9	10	11	12		1	2	3	4	5	6	7	8	9	10	11	12		
	23.10	0.2029	0.3047	0.1577	1.2578	0.2138	1.1711	0.2314	0.5289	1.8577	1.8446	2.8598	2.4258		0.1435	0.1848	0.123	0.7668	0.165	0.9171	0.1854	0.37	1.2316	1.5436	1.8254	1.4877		
		0.7085	0.2577	0.3007	0.4494	1.7143	0.3822	1.9193	1.4874	2.4168	0.9625	0.2338	1.5108		0.5636	0.1879	0.195	0.3311	1.2007	0.2868	1.282	0.8307	1.4579	0.5336	0.1475	0.9405		
		0.1641	0.1578	1.4696	0.15	1.0206	0.8881	1.1524	2.3439	2.2084	0.5658	0.5989	2.423		0.1327	0.1213	0.7027	0.1186	0.7431	0.6623	0.9825	1.6598	1.3904	0.383	0.3889	1.5741		
		0.2548	2.1517	0.1523	1.5676	1.8934	1.9867	0.1888	2.2831	2.1153	0.7622	1.6777	2.3913		0.1967	1.3887	0.1177	1.1445	1.3596	1.4608	0.1421	1.4231	1.3287	0.4979	1.1177	1.3237		
		0.5834	0.3557	0.2807	2.7576	0.7967	1.1146	2.4509	2.2381	2.269	1.445	2.5446	2.2833		0.3173	0.1772	0.1819	1.5771	0.5402	0.7717	1.7476	1.5011	1.6176	1.0696	1.5129	1.1932		
		2.6385	0.9257	2.2333	2.6839	2.7491	0.4958	0.2015	0.3555	0.4007	0.2027	0.7627	0.9518		1.2485	0.5752	0.8699	1.2603	1.1903	0.3123	0.133	0.2418	0.2913	0.1543	0.5097	0.3697		
		0.7284	0.1938	2.4735	2.3694	0.1708	0.4637	0.1725	0.1815	0.1775	0.2301	1.0184	1.3466		0.4248	0.1516	0.9383	0.7653	0.1359	0.3302	0.1331	0.133	0.1264	0.1717	0.6174	0.8359		
		0.5274	0.1802	0.1481	2.5815	1.0378	0.5066	0.264	0.2127	0.1652	0.2922	0.2636	0.677		0.2876	0.1306	0.1062	1.0589	0.6123	0.3943	0.1943	0.146	0.1187	0.2204	0.2099	0.4418		
		
~End
Copyright © 2003 Molecular Devices. All rights reserved.
