##BLOCKS= 1          
Plate:	Plate#1	1.3	PlateFormat	Endpoint	Absorbance	Raw	FALSE	1						2	490 750	1	12	96	1	8	None	
	Temperature(¡C)	1	2	3	4	5	6	7	8	9	10	11	12		1	2	3	4	5	6	7	8	9	10	11	12		
	23.30	0.1341	0.1468	0.1208	0.1272	0.1269	0.1224	0.1318	0.144	0.1433	0.1295	0.1292	0.125		0.1073	0.1002	0.0999	0.1033	0.1057	0.1018	0.1073	0.1017	0.1039	0.105	0.1049	0.1015		
		0.545	0.129	0.3741	0.1215	0.1276	0.1369	0.126	0.1378	0.1408	0.1313	0.134	0.1474		0.4307	0.1063	0.2394	0.1004	0.1043	0.1086	0.1046	0.113	0.1159	0.1077	0.108	0.1235		
		0.1275	0.1257	0.1373	0.1441	0.1357	0.1276	0.2026	0.1339	0.1303	0.1344	0.1312	0.1243		0.0987	0.1025	0.1088	0.1141	0.1056	0.1044	0.1689	0.11	0.1057	0.1101	0.1075	0.103		
		0.1305	0.1215	0.1253	0.1355	0.1338	0.1265	0.1281	0.1301	0.1345	0.126	0.1198	0.1235		0.1073	0.1035	0.1069	0.1125	0.1102	0.108	0.1048	0.1071	0.1077	0.0996	0.1029	0.1042		
		0.1801	0.1326	0.1241	0.1252	0.1257	0.1269	0.1304	0.1378	0.1256	0.1186	0.1226	0.1494		0.1031	0.1066	0.1016	0.1022	0.0991	0.1048	0.107	0.1099	0.1025	0.0987	0.1025	0.1047		
		0.1341	0.1385	0.1369	0.1356	0.1367	0.1278	0.1429	0.1366	0.1262	0.1192	0.1237	0.1328		0.1098	0.1145	0.1134	0.1109	0.1111	0.1045	0.1086	0.1101	0.104	0.0982	0.1017	0.1088		
		0.1187	0.425	0.13	0.1144	0.1219	0.1275	0.1391	0.1246	0.1295	0.123	0.1384	0.1182		0.0975	0.3939	0.1069	0.0962	0.1004	0.1034	0.1137	0.1006	0.1042	0.0997	0.1135	0.0998		
		0.1375	0.1205	0.1321	0.1255	0.1227	0.1275	0.124	0.2819	0.1271	0.1327	0.124	0.1302		0.1132	0.1003	0.1054	0.1022	0.1011	0.1024	0.1028	0.2139	0.1044	0.11	0.1038	0.106		
		
~End
Copyright © 2003 Molecular Devices. All rights reserved.
