##BLOCKS= 1          
Plate:	Plate#1	1.3	PlateFormat	Endpoint	Absorbance	Raw	FALSE	1						2	490 750	1	12	96	1	8	None	
	Temperature(¡C)	1	2	3	4	5	6	7	8	9	10	11	12		1	2	3	4	5	6	7	8	9	10	11	12		
	23.30	0.1228	0.1517	0.1665	0.1332	0.134	0.1238	0.1472	0.1683	0.1463	0.1228	0.1355	0.1306		0.1018	0.102	0.135	0.1081	0.1129	0.1035	0.1166	0.1217	0.1065	0.1007	0.1085	0.1059		
		0.4795	0.1296	0.2711	0.1273	0.1343	0.1243	0.1287	0.1293	0.1299	0.1228	0.1272	0.1266		0.3546	0.1086	0.1748	0.1052	0.1088	0.1009	0.106	0.1064	0.105	0.1024	0.1029	0.1031		
		0.1335	0.1266	0.1235	0.1378	0.1491	0.1299	0.1906	0.1226	0.1293	0.1372	0.1354	0.1393		0.1009	0.1032	0.0995	0.1076	0.1161	0.107	0.1605	0.1024	0.1064	0.1129	0.1118	0.1157		
		0.1246	0.1213	0.1282	0.1393	0.1283	0.1251	0.133	0.1285	0.1326	0.137	0.1246	0.1207		0.1065	0.1024	0.1067	0.1181	0.1098	0.1052	0.1103	0.1045	0.1087	0.1096	0.1029	0.1012		
		0.1843	0.1305	0.1259	0.1277	0.1323	0.1321	0.1271	0.1401	0.1335	0.1426	0.1279	0.1465		0.1052	0.1054	0.1046	0.1042	0.1034	0.1082	0.105	0.1125	0.1087	0.1174	0.1056	0.1012		
		0.1441	0.1429	0.1314	0.1418	0.1482	0.136	0.1455	0.1417	0.1328	0.1322	0.1369	0.1207		0.1122	0.1178	0.1112	0.1148	0.1212	0.1088	0.1094	0.1151	0.1089	0.1068	0.1125	0.0995		
		0.1378	0.3964	0.1287	0.126	0.1226	0.1198	0.1276	0.1354	0.1315	0.1282	0.122	0.1177		0.1224	0.3337	0.1055	0.1042	0.0994	0.0984	0.1047	0.1085	0.1054	0.1046	0.1005	0.0993		
		0.1261	0.1253	0.1412	0.1717	0.1266	0.1225	0.1302	0.1782	0.1403	0.4825	0.1221	0.1287		0.1063	0.1037	0.1109	0.1401	0.1034	0.1006	0.106	0.1275	0.114	0.4817	0.1015	0.1045		
		
~End
Copyright © 2003 Molecular Devices. All rights reserved.
