##BLOCKS= 1          
Plate:	Plate#1	1.3	PlateFormat	Endpoint	Absorbance	Raw	FALSE	1						2	490 750	1	12	96	1	8	None	
	Temperature(¡C)	1	2	3	4	5	6	7	8	9	10	11	12		1	2	3	4	5	6	7	8	9	10	11	12		
	23.20	0.1219	0.1682	0.1212	0.1357	0.1364	0.2118	0.1296	0.145	0.1468	0.138	0.1266	0.1339		0.0974	0.1156	0.1006	0.1116	0.1129	0.1908	0.1055	0.1024	0.1035	0.112	0.1031	0.1088		
		0.4564	0.1331	0.2397	0.1257	0.1279	0.1248	0.1288	0.1407	0.1283	0.1249	0.1473	0.1523		0.3509	0.1096	0.1592	0.1027	0.1039	0.1002	0.1058	0.1142	0.1038	0.1033	0.1183	0.1238		
		0.1315	0.1275	0.1308	0.1325	0.1476	0.1262	0.2158	0.1437	0.1363	0.1364	0.1377	0.155		0.1015	0.1053	0.1038	0.105	0.1153	0.1042	0.1835	0.1163	0.1096	0.1108	0.113	0.1254		
		0.1216	0.1296	0.1312	0.1299	0.1254	0.1266	0.1315	0.14	0.1359	0.132	0.1254	0.1401		0.0982	0.1047	0.1073	0.107	0.106	0.1103	0.1057	0.1129	0.1077	0.1083	0.1032	0.1137		
		0.1794	0.1338	0.1204	0.1313	0.1343	0.1263	0.1349	0.1293	0.1303	0.1239	0.1257	0.1583		0.101	0.1104	0.099	0.1062	0.1068	0.1037	0.1107	0.1042	0.1057	0.1025	0.1044	0.1087		
		0.1526	0.127	0.1321	0.1345	0.1447	0.1252	0.1489	0.1437	0.1348	0.1366	0.1317	0.1292		0.123	0.1049	0.1093	0.1095	0.1175	0.1024	0.1121	0.1172	0.1095	0.11	0.1078	0.1061		
		0.1285	0.5047	0.1383	0.1302	0.1506	0.1363	0.1328	0.1278	0.126	0.1423	0.1282	0.129		0.1051	0.4305	0.1133	0.1075	0.1207	0.1093	0.1075	0.1052	0.1012	0.1179	0.1068	0.1083		
		0.1349	0.1272	0.1427	0.1386	0.1386	0.1192	0.124	0.2966	0.1248	0.1212	0.1161	0.1383		0.1229	0.1062	0.1121	0.1124	0.1118	0.0985	0.1024	0.2205	0.101	0.1012	0.0976	0.1125		
		
~End
Copyright © 2003 Molecular Devices. All rights reserved.
