##BLOCKS= 1          
Plate:	Plate#1	1.3	PlateFormat	Endpoint	Absorbance	Raw	FALSE	1						2	490 750	1	12	96	1	8	None	
	Temperature(¡C)	1	2	3	4	5	6	7	8	9	10	11	12		1	2	3	4	5	6	7	8	9	10	11	12		
	22.70	0.1383	0.1566	0.1423	0.1418	0.1467	0.1387	0.1414	0.1659	0.1498	0.1287	0.1306	0.133		0.1139	0.1069	0.1178	0.1178	0.1224	0.1154	0.1163	0.1232	0.1095	0.106	0.108	0.1108		
		0.5233	0.1403	0.2402	0.1398	0.15	0.1502	0.1333	0.1366	0.1342	0.1295	0.1411	0.1226		0.4237	0.1184	0.1638	0.1161	0.1242	0.1237	0.1105	0.1115	0.1087	0.1071	0.1159	0.103		
		0.1384	0.1363	0.1277	0.1348	0.1417	0.1368	0.135	0.1271	0.1259	0.1363	0.13	0.1389		0.1202	0.1117	0.102	0.11	0.1149	0.114	0.1052	0.1063	0.105	0.114	0.1088	0.1151		
		0.1277	0.1313	0.1373	0.1366	0.1263	0.139	0.1289	0.1258	0.125	0.1459	0.1311	0.1265		0.1062	0.1064	0.1145	0.118	0.1045	0.1159	0.1088	0.1031	0.1055	0.1176	0.1084	0.1073		
		0.1885	0.1259	0.1392	0.1861	0.1354	0.126	0.1409	0.1261	0.1338	0.1243	0.133	0.1652		0.1112	0.1044	0.1149	0.1568	0.1072	0.104	0.1199	0.1036	0.1107	0.1044	0.1115	0.1189		
		0.138	0.1489	0.1293	0.141	0.1465	0.1347	0.1511	0.1312	0.1323	0.1341	0.1345	0.1334		0.1117	0.1222	0.1084	0.1137	0.1195	0.109	0.115	0.1068	0.1073	0.1079	0.1093	0.1105		
		0.1199	0.3112	0.1339	0.1546	0.1482	0.1355	0.1393	0.1384	0.134	0.1285	0.1469	0.1241		0.1001	0.2693	0.109	0.13	0.1222	0.1094	0.1153	0.1143	0.1092	0.107	0.1213	0.1049		
		0.1265	0.1333	0.1356	0.1346	0.136	0.1229	0.1261	0.1516	0.1278	1.0925	0.1211	0.1252		0.1092	0.1134	0.1083	0.1087	0.1107	0.1023	0.1049	0.1117	0.1046	0.8829	0.1014	0.1037		
		
~End
Copyright © 2003 Molecular Devices. All rights reserved.
