##BLOCKS= 1          
Plate:	Plate#1	1.3	PlateFormat	Endpoint	Absorbance	Raw	FALSE	1						2	490 750	1	12	96	1	8	None	
	Temperature(¡C)	1	2	3	4	5	6	7	8	9	10	11	12		1	2	3	4	5	6	7	8	9	10	11	12		
	22.70	0.1192	0.1509	0.1252	0.128	0.1199	0.1333	0.1269	0.1506	0.1605	0.13	0.1371	0.1324		0.0979	0.1109	0.1043	0.1058	0.1017	0.1107	0.104	0.1066	0.1159	0.106	0.113	0.1102		
		0.4657	0.1343	0.2406	0.1328	0.1316	0.1337	0.122	0.133	0.133	0.1302	0.1367	0.1239		0.3775	0.1127	0.1609	0.1089	0.1084	0.1089	0.1031	0.1088	0.1085	0.1079	0.1095	0.1033		
		0.1243	0.1298	0.1312	0.1353	0.1346	0.1235	0.1403	0.1202	0.1329	0.1235	0.1235	0.1228		0.1009	0.1055	0.1047	0.1123	0.1092	0.1033	0.1086	0.1008	0.1097	0.1036	0.1038	0.1035		
		0.1254	0.1329	0.1244	0.1253	0.1225	0.1336	0.1458	0.1273	0.1258	0.1339	0.118	0.1272		0.1056	0.1151	0.1059	0.1067	0.1091	0.1098	0.1225	0.1081	0.1017	0.1108	0.102	0.1063		
		0.1846	0.13	0.1217	0.1275	0.1395	0.1276	0.1257	0.1236	0.1207	0.1295	0.1279	0.1633		0.1058	0.1061	0.1016	0.1063	0.1113	0.1057	0.1064	0.1013	0.1017	0.1071	0.1065	0.1111		
		0.1254	0.1323	0.1318	0.1378	0.1311	0.1506	0.1513	0.1259	0.1272	0.1258	0.13	0.1292		0.1065	0.1102	0.1093	0.1076	0.1051	0.1233	0.1165	0.1027	0.1048	0.103	0.1053	0.1078		
		0.1294	0.2667	0.1277	0.1246	0.1347	0.1389	0.1347	0.1291	0.2212	0.1279	0.1323	0.1278		0.1053	0.1898	0.1041	0.1039	0.1075	0.1114	0.1118	0.1065	0.1988	0.104	0.1096	0.1065		
		0.1247	0.1259	0.1441	0.1269	0.1288	0.127	0.1391	0.1388	0.1281	1.4266	0.1292	0.1204		0.1055	0.1066	0.1173	0.1025	0.104	0.1051	0.1138	0.1046	0.1056	1.1977	0.1088	0.1008		
		
~End
Copyright © 2003 Molecular Devices. All rights reserved.
