##BLOCKS= 1          
Plate:	Plate#1	1.3	PlateFormat	Endpoint	Absorbance	Raw	FALSE	1						2	490 750	1	12	96	1	8	None	
	Temperature(¡C)	1	2	3	4	5	6	7	8	9	10	11	12		1	2	3	4	5	6	7	8	9	10	11	12		
	22.20	0.1318	0.1551	0.127	0.1616	0.1331	0.1309	0.1296	0.1774	0.1482	0.1355	0.1308	0.1161		0.1064	0.1128	0.1066	0.1395	0.114	0.1102	0.1098	0.1352	0.1088	0.1124	0.1097	0.0979		
		0.4902	0.1343	0.2674	0.1302	0.1333	0.124	0.1269	0.138	0.1251	0.1283	0.1349	0.1285		0.3924	0.1111	0.181	0.11	0.1119	0.1026	0.1071	0.1127	0.1035	0.1084	0.1056	0.1075		
		0.1175	0.1347	0.1279	0.1634	0.1396	0.1296	0.1433	0.1275	0.1298	0.129	0.1261	0.1214		0.0988	0.1122	0.1031	0.1391	0.1114	0.1103	0.1135	0.1084	0.1096	0.1102	0.1074	0.1031		
		0.1241	0.1268	0.1307	0.127	0.1269	0.1338	0.1293	0.1274	0.1367	0.1331	0.1245	0.1328		0.1054	0.105	0.111	0.1092	0.1079	0.1144	0.1074	0.1099	0.1151	0.1087	0.1082	0.1145		
		0.1909	0.1264	0.1307	0.1367	0.1435	0.1282	0.1278	0.1295	0.1227	0.1271	0.1241	0.1559		0.1104	0.1066	0.1093	0.1145	0.1157	0.1076	0.1079	0.1074	0.1042	0.1076	0.1058	0.1076		
		0.1384	0.1362	0.1332	0.1365	0.1496	0.1362	0.142	0.1325	0.1645	0.1341	0.1254	0.1301		0.1139	0.1168	0.1125	0.1109	0.1228	0.1127	0.109	0.109	0.1378	0.1129	0.1064	0.1092		
		0.121	0.2563	0.1313	0.1302	0.1371	0.1369	0.1321	0.1323	0.1264	0.1238	0.1232	0.1211		0.1017	0.2321	0.1081	0.1102	0.113	0.1127	0.1117	0.1095	0.1038	0.1034	0.1041	0.103		
		0.1273	0.1312	0.1362	0.1379	0.1371	0.1215	0.1399	0.1377	0.124	1.033	0.1247	0.1258		0.1072	0.1091	0.1108	0.1149	0.1119	0.1028	0.1179	0.11	0.1035	0.9403	0.1065	0.1068		
		
~End
Copyright © 2003 Molecular Devices. All rights reserved.
