##BLOCKS= 1          
Plate:	Plate#1	1.3	PlateFormat	Endpoint	Absorbance	Raw	FALSE	1						2	490 750	1	12	96	1	8	None	
	Temperature(¡C)	1	2	3	4	5	6	7	8	9	10	11	12		1	2	3	4	5	6	7	8	9	10	11	12		
	22.20	0.1276	0.1579	0.1248	0.1264	0.1229	0.1353	0.1328	0.1598	0.145	0.1268	0.131	0.1218		0.1056	0.1133	0.1059	0.1063	0.1052	0.1136	0.1117	0.1162	0.1045	0.1065	0.1102	0.1026		
		0.4627	0.1426	0.2651	0.1285	0.1306	0.1339	0.1304	0.1416	0.1383	0.1253	0.1377	0.1339		0.3802	0.1149	0.1806	0.1085	0.1109	0.1098	0.111	0.1184	0.1148	0.1066	0.1092	0.1123		
		0.1265	0.1365	0.1371	0.1314	0.1465	0.1327	0.142	0.1287	0.1384	0.1318	0.128	0.123		0.1065	0.1114	0.1117	0.11	0.1177	0.1109	0.1098	0.1095	0.1179	0.1126	0.1087	0.1042		
		0.1224	0.1271	0.1228	0.1255	0.1307	0.128	0.1391	0.1333	0.1285	0.1289	0.1242	0.1264		0.101	0.1082	0.1065	0.1079	0.1093	0.1084	0.1173	0.114	0.106	0.1054	0.1113	0.1087		
		0.2093	0.1301	0.1289	0.1317	0.1341	0.1333	0.1309	0.1369	0.1322	0.1337	0.1354	0.1656		0.1224	0.1077	0.1052	0.1119	0.1088	0.1125	0.1103	0.1118	0.1109	0.1114	0.114	0.1133		
		0.1382	0.134	0.1492	0.1605	0.1532	0.129	0.1517	0.1347	0.1359	0.1249	0.1405	0.1311		0.1173	0.1126	0.125	0.1302	0.1277	0.1069	0.1162	0.1114	0.1129	0.1049	0.1176	0.1112		
		0.1266	0.5024	0.1397	0.1342	0.1407	0.1522	0.1382	0.1328	0.1496	0.122	0.1237	0.1248		0.1147	0.4922	0.1144	0.1136	0.1153	0.1252	0.1164	0.1118	0.1263	0.1028	0.1045	0.1054		
		0.1255	0.1251	0.1416	0.1245	0.1337	0.1248	0.127	0.1563	0.1285	0.1392	0.122	0.1246		0.1073	0.1066	0.116	0.1027	0.1103	0.105	0.1074	0.119	0.108	0.1177	0.1048	0.1054		
		
~End
Copyright © 2003 Molecular Devices. All rights reserved.
