##BLOCKS= 1          
Plate:	Plate#1	1.3	PlateFormat	Endpoint	Absorbance	Raw	FALSE	1						2	490 750	1	12	96	1	8	None	
	Temperature(¡C)	1	2	3	4	5	6	7	8	9	10	11	12		1	2	3	4	5	6	7	8	9	10	11	12		
	22.20	0.1257	0.1572	0.1246	0.1277	0.1374	0.1253	0.1347	0.1529	0.1539	0.1328	0.1296	0.124		0.1045	0.1096	0.1062	0.1077	0.1183	0.106	0.1139	0.1145	0.1164	0.1116	0.1096	0.1047		
		0.6124	0.1335	0.2378	0.1414	0.1314	0.1352	0.1291	0.1439	0.1338	0.1579	0.1336	0.1388		0.4795	0.1141	0.1632	0.12	0.1096	0.1114	0.1091	0.1178	0.1096	0.1374	0.1104	0.1167		
		0.1262	0.1319	0.131	0.1368	0.1368	0.128	0.1354	0.1434	0.1303	0.1303	0.1308	0.128		0.1107	0.1095	0.1072	0.1123	0.1101	0.1087	0.1069	0.1224	0.1093	0.1115	0.1117	0.1089		
		0.1269	0.1371	0.1274	0.1222	0.1256	0.1327	0.1246	0.1251	0.131	0.1329	0.1359	0.1218		0.1053	0.1191	0.1056	0.1053	0.1082	0.1134	0.1052	0.1069	0.1098	0.1077	0.1153	0.1001		
		0.1792	0.1397	0.1256	0.1297	0.139	0.1327	0.1257	0.1303	0.126	0.1264	0.13	0.1464		0.1268	0.1183	0.105	0.1073	0.1125	0.1121	0.1075	0.1081	0.1063	0.1067	0.1108	0.107		
		0.1337	0.1276	0.1334	0.1463	0.138	0.1323	0.1425	0.1433	0.1296	0.1278	0.1261	0.1285		0.1142	0.1101	0.1128	0.1208	0.1134	0.1099	0.1089	0.119	0.1077	0.1063	0.1065	0.108		
		0.1147	0.2619	0.1459	0.1561	0.1544	0.1322	0.1296	0.1254	0.124	0.1313	0.1303	0.1274		0.0993	0.2349	0.1208	0.1357	0.1283	0.1076	0.1095	0.1048	0.1032	0.1097	0.1107	0.1078		
		0.133	0.3577	0.1318	0.1319	0.131	0.1213	0.1304	0.1533	0.1337	0.1497	0.142	0.132		0.1141	0.2812	0.107	0.108	0.1075	0.1027	0.1089	0.1124	0.1129	0.1292	0.1207	0.1111		
		
~End
Copyright © 2003 Molecular Devices. All rights reserved.
