##BLOCKS= 1          
Plate:	Plate#1	1.3	PlateFormat	Endpoint	Absorbance	Raw	FALSE	1						2	490 750	1	12	96	1	8	None	
	Temperature(¡C)	1	2	3	4	5	6	7	8	9	10	11	12		1	2	3	4	5	6	7	8	9	10	11	12		
	22.30	0.1158	0.1428	0.1209	0.1257	0.1197	0.125	0.1246	0.1423	0.1528	0.1247	0.1303	0.1203		0.095	0.102	0.1003	0.1027	0.1012	0.1033	0.1027	0.1035	0.112	0.1032	0.1059	0.1005		
		0.5476	0.1901	0.2986	0.1276	0.1247	0.124	0.1234	0.1312	0.132	0.1254	0.1387	0.126		0.4255	0.1404	0.1939	0.1047	0.1028	0.101	0.1026	0.1078	0.1066	0.1047	0.1085	0.1045		
		0.1272	0.1248	0.1271	0.1299	0.1349	0.1227	0.1381	0.131	0.1217	0.1226	0.1245	0.1256		0.1025	0.1025	0.101	0.1046	0.1072	0.1029	0.1056	0.109	0.1016	0.1027	0.103	0.1042		
		0.1244	0.1227	0.1296	0.1275	0.1267	0.1277	0.1339	0.1267	0.127	0.1321	0.1253	0.1233		0.1011	0.0993	0.1082	0.1074	0.1069	0.109	0.1127	0.1065	0.1063	0.1065	0.1079	0.1014		
		0.1765	0.1258	0.1252	0.1245	0.1285	0.1263	0.1245	0.1245	0.141	0.1293	0.1274	0.1452		0.102	0.1057	0.1035	0.1023	0.102	0.1047	0.1043	0.1017	0.1169	0.1066	0.1062	0.1041		
		0.1303	0.129	0.1254	0.1323	0.1362	0.1312	0.1407	0.1312	0.1338	0.1276	0.1242	0.1278		0.1061	0.1062	0.1041	0.106	0.1087	0.1061	0.1058	0.1049	0.1092	0.105	0.1025	0.1052		
		0.1154	0.1966	0.1303	0.1262	0.1281	0.1266	0.1297	0.1271	0.1267	0.1305	0.1174	0.1186		0.0957	0.161	0.1054	0.1048	0.1028	0.1026	0.1075	0.104	0.1034	0.1061	0.0984	0.1006		
		0.1219	0.1286	0.1306	0.1353	0.1312	0.1262	0.12	0.1634	0.1249	0.2881	0.1246	0.1237		0.1024	0.1058	0.1054	0.1076	0.1052	0.1027	0.0997	0.1184	0.1037	0.259	0.1043	0.103		
		
~End
Copyright © 2003 Molecular Devices. All rights reserved.
