##BLOCKS= 1          
Plate:	Plate#1	1.3	PlateFormat	Endpoint	Absorbance	Raw	FALSE	1						2	490 750	1	12	96	1	8	None	
	Temperature(¡C)	1	2	3	4	5	6	7	8	9	10	11	12		1	2	3	4	5	6	7	8	9	10	11	12		
	22.30	0.1194	0.1416	0.1239	0.119	0.1175	0.1242	0.1228	0.1391	0.144	0.1263	0.1261	0.1257		0.0979	0.1016	0.1038	0.0994	0.0991	0.1034	0.1022	0.1013	0.1061	0.103	0.1033	0.1027		
		0.4356	0.1327	0.2274	0.1253	0.1228	0.1275	0.1228	0.1357	0.1249	0.1176	0.1275	0.1249		0.3755	0.1078	0.1526	0.1033	0.1012	0.1036	0.1024	0.1089	0.1016	0.0994	0.102	0.1028		
		0.1167	0.1347	0.1291	0.1257	0.1376	0.1244	0.1434	0.1267	0.1212	0.125	0.1237	0.1197		0.0993	0.1064	0.1018	0.1033	0.1089	0.1034	0.1098	0.1041	0.1008	0.1041	0.1029	0.1006		
		0.1247	0.1266	0.1278	0.129	0.1399	0.1301	0.1256	0.1242	0.1295	0.1292	0.1234	0.1219		0.1014	0.106	0.1074	0.1068	0.1171	0.1072	0.1004	0.1022	0.1089	0.1042	0.0997	0.1037		
		0.1693	0.1223	0.1248	0.1207	0.1323	0.1258	0.1292	0.1305	0.1199	0.1264	0.1259	0.1426		0.0979	0.1014	0.1038	0.1001	0.1036	0.1047	0.1078	0.1052	0.1004	0.1042	0.1059	0.1021		
		0.1266	0.13	0.1277	0.1309	0.1368	0.1306	0.138	0.1348	0.1245	0.1284	0.121	0.1371		0.1043	0.1067	0.1061	0.1056	0.1098	0.1061	0.1052	0.1065	0.1029	0.1053	0.1019	0.1128		
		0.1161	0.4351	0.121	0.1214	0.1242	0.1297	0.1234	0.1245	0.1238	0.1215	0.1231	0.1164		0.1039	0.3631	0.0992	0.1005	0.1012	0.1059	0.1028	0.1022	0.1019	0.1002	0.1012	0.0987		
		0.1262	0.1307	0.1711	0.1252	0.1289	0.1153	0.1169	0.1574	0.127	0.1235	0.1189	0.1214		0.1043	0.107	0.1422	0.102	0.1065	0.0968	0.0984	0.1136	0.1051	0.1027	0.0998	0.1005		
		
~End
Copyright © 2003 Molecular Devices. All rights reserved.
