##BLOCKS= 1          
Plate:	Plate#1	1.3	PlateFormat	Endpoint	Absorbance	Raw	FALSE	1						2	490 750	1	12	96	1	8	None	
	Temperature(¡C)	1	2	3	4	5	6	7	8	9	10	11	12		1	2	3	4	5	6	7	8	9	10	11	12		
	22.30	0.1153	0.1454	0.1231	0.128	0.1222	0.1193	0.1231	0.1392	0.1352	0.127	0.1237	0.1202		0.097	0.1037	0.103	0.1053	0.1025	0.1	0.1025	0.1014	0.1	0.1036	0.1019	0.1005		
		0.4103	0.1262	0.2426	0.1224	0.1285	0.1252	0.1237	0.1309	0.121	0.1218	0.1301	0.1287		0.3025	0.1047	0.1604	0.1018	0.1052	0.1022	0.1035	0.1065	0.0998	0.1019	0.1037	0.1064		
		0.122	0.1256	0.1263	0.1316	0.1464	0.1251	0.1401	0.1258	0.1241	0.123	0.1268	0.1234		0.0997	0.1017	0.0994	0.1065	0.1149	0.1037	0.1105	0.1038	0.1027	0.1032	0.1048	0.1031		
		0.1224	0.1208	0.1224	0.1302	0.1233	0.1295	0.1248	0.1256	0.1299	0.1268	0.1221	0.1199		0.1023	0.0966	0.1054	0.1099	0.1045	0.1095	0.1058	0.1049	0.105	0.1042	0.102	0.1013		
		0.1681	0.1212	0.1251	0.1354	0.1327	0.1452	0.122	0.1228	0.1226	0.13	0.1213	0.1436		0.1002	0.1013	0.1028	0.1097	0.1035	0.1177	0.1029	0.1003	0.1022	0.1085	0.1018	0.1023		
		0.1288	0.1268	0.123	0.1368	0.1312	0.1301	0.1382	0.1332	0.1269	0.1274	0.1223	0.1298		0.1075	0.1063	0.1034	0.11	0.1075	0.1059	0.106	0.1065	0.1037	0.1036	0.1018	0.107		
		0.1184	0.3265	0.1227	0.1226	0.1305	0.1284	0.1247	0.1278	0.1237	0.1291	0.1277	0.1286		0.0962	0.2536	0.1009	0.102	0.1043	0.1037	0.1035	0.1043	0.1018	0.1049	0.1046	0.1092		
		0.122	0.1214	0.1379	0.1327	0.1268	0.1211	0.1281	0.1593	0.1258	0.1292	0.1216	0.122		0.1002	0.1024	0.1109	0.1075	0.1029	0.1004	0.1055	0.1107	0.1033	0.1069	0.1026	0.1014		
		
~End
Copyright © 2003 Molecular Devices. All rights reserved.
