##BLOCKS= 1          
Plate:	Plate#1	1.3	PlateFormat	Endpoint	Absorbance	Raw	FALSE	1						2	490 750	1	12	96	1	8	None	
	Temperature(¡C)	1	2	3	4	5	6	7	8	9	10	11	12		1	2	3	4	5	6	7	8	9	10	11	12		
	21.80	0.1229	0.1481	0.1255	0.1314	0.126	0.1306	0.1292	0.1627	0.1479	0.1348	0.1293	0.1338		0.0993	0.1044	0.1036	0.1066	0.1048	0.107	0.1054	0.1112	0.1028	0.1081	0.1059	0.1108		
		0.5991	0.1281	0.278	0.1327	0.1378	0.1351	0.1331	0.1463	0.1295	0.1237	0.1339	0.1278		0.4661	0.1068	0.1821	0.1074	0.1113	0.1086	0.1107	0.1155	0.1045	0.1037	0.1067	0.1052		
		0.1321	0.1327	0.1335	0.1407	0.1352	0.1337	0.1861	0.1303	0.1375	0.1269	0.1281	0.1237		0.1034	0.1062	0.1053	0.1134	0.1075	0.1096	0.153	0.1079	0.1124	0.105	0.1067	0.1036		
		0.128	0.1355	0.1499	0.1313	0.1333	0.128	0.1493	0.1285	0.1328	0.1329	0.1297	0.1408		0.1035	0.1132	0.1303	0.1067	0.1126	0.109	0.1205	0.1079	0.1088	0.1088	0.1079	0.1162		
		0.1841	0.1279	0.1302	0.1262	0.1336	0.1337	0.1481	0.1359	0.1313	0.136	0.134	0.1553		0.1034	0.1039	0.1062	0.104	0.1042	0.11	0.1246	0.1083	0.109	0.1109	0.1117	0.1056		
		0.1306	0.1342	0.1341	0.1404	0.1326	0.1315	0.1449	0.1429	0.1361	0.1317	0.1333	0.1364		0.1064	0.1104	0.1095	0.1114	0.1074	0.1069	0.1085	0.1122	0.1106	0.1074	0.1095	0.1118		
		0.1253	0.3765	0.1255	0.1283	0.1361	0.1292	0.1267	0.129	0.1273	0.1281	0.1268	0.126		0.1015	0.328	0.1039	0.106	0.1075	0.1038	0.1061	0.1058	0.1039	0.1038	0.104	0.1048		
		0.1233	0.1302	0.5777	0.1356	0.1357	0.1255	0.1278	0.1699	0.1291	0.8657	0.1227	0.1273		0.1032	0.1086	0.5537	0.1091	0.1121	0.1028	0.1047	0.118	0.1068	0.7065	0.1029	0.1047		
		
~End
Copyright © 2003 Molecular Devices. All rights reserved.
