##BLOCKS= 1          
Plate:	Plate#1	1.3	PlateFormat	Endpoint	Absorbance	Raw	FALSE	1						2	490 750	1	12	96	1	8	None	
	Temperature(¡C)	1	2	3	4	5	6	7	8	9	10	11	12		1	2	3	4	5	6	7	8	9	10	11	12		
	21.60	0.1243	0.1538	0.1326	0.1263	0.1281	0.134	0.1315	0.1536	0.1509	0.1296	0.1292	0.132		0.1003	0.1109	0.1098	0.104	0.1064	0.1085	0.1073	0.1118	0.1105	0.106	0.1058	0.1066		
		0.5356	0.1364	0.2552	0.1289	0.1312	0.1361	0.1271	0.1392	0.1346	0.1387	0.1334	0.131		0.4343	0.1107	0.1674	0.1059	0.1073	0.108	0.1049	0.1124	0.108	0.1129	0.1072	0.1068		
		0.1321	0.1281	0.1425	0.1428	0.137	0.1298	0.139	0.1293	0.1299	0.1401	0.1279	0.1282		0.1029	0.1042	0.1104	0.1142	0.109	0.1067	0.1065	0.1061	0.1063	0.1155	0.1057	0.1065		
		0.1256	0.1273	0.1246	0.133	0.1353	0.1372	0.1344	0.1342	0.1338	0.1316	0.1312	0.1314		0.1089	0.1103	0.1065	0.1115	0.1142	0.118	0.1124	0.1093	0.1136	0.1082	0.1139	0.1113		
		0.1751	0.1308	0.1276	0.1292	0.135	0.1266	0.1383	0.1354	0.1335	0.1311	0.1343	0.1565		0.1039	0.107	0.1042	0.1063	0.1065	0.1057	0.1141	0.1093	0.1097	0.1086	0.1111	0.1109		
		0.1343	0.1398	0.1312	0.1451	0.1493	0.1342	0.1444	0.1466	0.1304	0.1387	0.1374	0.1252		0.1112	0.114	0.1079	0.1161	0.1172	0.1088	0.1073	0.1164	0.1066	0.1137	0.1129	0.1046		
		0.1247	0.3848	0.1285	0.1327	0.1312	0.1333	0.1289	0.1324	0.1336	0.1287	0.1256	0.1307		0.1012	0.3545	0.1057	0.11	0.1056	0.1082	0.1076	0.1082	0.1089	0.1045	0.1034	0.1076		
		0.1244	0.1313	0.4145	0.1367	0.1336	0.1299	0.1273	0.1423	0.1308	0.4213	0.1253	0.1294		0.1062	0.1076	0.3858	0.1099	0.1079	0.1058	0.1045	0.1071	0.1078	0.328	0.1042	0.1054		
		
~End
Copyright © 2003 Molecular Devices. All rights reserved.
