##BLOCKS= 1          
Plate:	Plate#1	1.3	PlateFormat	Endpoint	Absorbance	Raw	FALSE	1						2	490 750	1	12	96	1	8	None	
	Temperature(¡C)	1	2	3	4	5	6	7	8	9	10	11	12		1	2	3	4	5	6	7	8	9	10	11	12		
	21.60	0.1363	0.1548	0.1287	0.1492	0.1252	0.1321	0.1468	0.1608	0.1656	0.1402	0.1251	0.1671		0.1121	0.1107	0.1075	0.122	0.1062	0.1103	0.1216	0.1159	0.1218	0.1154	0.1032	0.1416		
		0.3536	0.1665	0.2275	0.1234	0.1341	0.1395	0.1333	0.1409	0.1327	0.136	0.1312	0.1328		0.2975	0.1532	0.1587	0.1028	0.1107	0.1139	0.1112	0.1144	0.1074	0.1131	0.1049	0.1106		
		0.1262	0.1452	0.1355	0.1404	0.1462	0.1332	0.1495	0.1357	0.1247	0.1368	0.1291	0.135		0.1047	0.1158	0.1097	0.1151	0.1157	0.1108	0.118	0.113	0.1036	0.115	0.1082	0.1135		
		0.126	0.1375	0.1319	0.1284	0.1308	0.1305	0.132	0.1279	0.1294	0.129	0.1214	0.1242		0.1058	0.1112	0.11	0.1082	0.1102	0.1156	0.1091	0.1067	0.1048	0.1052	0.1031	0.1055		
		0.1859	0.1311	0.1287	0.1281	0.1317	0.1308	0.135	0.1315	0.1337	0.1303	0.1338	0.1522		0.1091	0.1085	0.1076	0.1064	0.1053	0.1089	0.1122	0.1076	0.1099	0.1087	0.1116	0.1077		
		0.1428	0.1393	0.1279	0.1401	0.1579	0.155	0.1528	0.1349	0.1262	0.1398	0.1328	0.1357		0.1157	0.1156	0.1075	0.1128	0.1292	0.1235	0.1162	0.1105	0.1044	0.1148	0.1118	0.1128		
		0.1224	0.4276	0.1296	0.139	0.1345	0.1435	0.1487	0.1285	0.1324	0.1279	0.1415	0.1268		0.1033	0.3795	0.1064	0.1147	0.1089	0.1144	0.1227	0.1065	0.1103	0.1067	0.1166	0.1058		
		0.1406	0.1401	0.1349	0.1374	0.141	0.166	0.1281	0.135	0.1273	0.5746	0.1292	0.123		0.1207	0.1177	0.1105	0.1105	0.1128	0.138	0.1061	0.1055	0.1062	0.4498	0.108	0.103		
		
~End
Copyright © 2003 Molecular Devices. All rights reserved.
