##BLOCKS= 1          
Plate:	Plate#1	1.3	PlateFormat	Endpoint	Absorbance	Raw	FALSE	1						2	490 750	1	12	96	1	8	None	
	Temperature(¡C)	1	2	3	4	5	6	7	8	9	10	11	12		1	2	3	4	5	6	7	8	9	10	11	12		
	21.60	0.122	0.1675	0.1388	0.1406	0.1419	0.1344	0.1356	0.1628	0.151	0.1429	0.16	0.1408		0.1025	0.1166	0.1141	0.1153	0.1189	0.1124	0.1119	0.1172	0.1107	0.1162	0.1318	0.1167		
		0.4795	0.1348	0.2573	0.1486	0.139	0.1353	0.1491	0.1392	0.1291	0.1328	0.1454	0.1397		0.3905	0.1108	0.1745	0.1234	0.1147	0.1102	0.1251	0.1144	0.1057	0.1122	0.1176	0.1169		
		0.1387	0.1493	0.1364	0.136	0.1477	0.1432	0.1519	0.1287	0.1238	0.1318	0.1268	0.1392		0.1086	0.1196	0.1093	0.1118	0.1183	0.1196	0.1171	0.1068	0.1041	0.11	0.1064	0.1155		
		0.1382	0.1323	0.1382	0.1425	0.1407	0.1437	0.1529	0.1361	0.1456	0.1401	0.1369	0.1285		0.1208	0.1117	0.1221	0.1239	0.1234	0.1254	0.1263	0.1182	0.1208	0.1217	0.1151	0.1108		
		0.1919	0.1361	0.1412	0.1438	0.1497	0.1486	0.134	0.1369	0.1295	0.1322	0.1341	0.156		0.1168	0.1124	0.1183	0.1195	0.1198	0.1226	0.1116	0.112	0.1089	0.11	0.1112	0.11		
		0.1462	0.1457	0.1461	0.1501	0.1418	0.1449	0.1467	0.1359	0.1521	0.1443	0.1324	0.129		0.1143	0.1195	0.1199	0.1207	0.1149	0.1182	0.1114	0.1105	0.124	0.1174	0.1099	0.1075		
		0.1303	0.2916	0.1468	0.1503	0.1498	0.1333	0.1418	0.1432	0.1363	0.1316	0.1287	0.1262		0.1137	0.2445	0.1183	0.1275	0.1257	0.1081	0.1185	0.1177	0.1117	0.1093	0.1071	0.105		
		0.1389	0.1415	0.1378	0.1471	0.1338	0.1239	0.1508	0.1623	0.1487	1.0854	0.1354	0.1349		0.1147	0.1178	0.1113	0.1189	0.1077	0.103	0.1245	0.1196	0.1213	0.8887	0.1124	0.112		
		
~End
Copyright © 2003 Molecular Devices. All rights reserved.
