##BLOCKS= 1          
Plate:	Plate#1	1.3	PlateFormat	Endpoint	Absorbance	Raw	FALSE	1						2	490 750	1	12	96	1	8	None	
	Temperature(¡C)	1	2	3	4	5	6	7	8	9	10	11	12		1	2	3	4	5	6	7	8	9	10	11	12		
	22.10	0.1249	0.155	0.1253	0.1305	0.1249	0.1402	0.1359	0.1544	0.1571	0.1244	0.1414	0.1268		0.105	0.1072	0.1036	0.106	0.1034	0.1153	0.1103	0.1049	0.1071	0.1025	0.1163	0.1036		
		0.3745	0.1316	0.2626	0.1322	0.1304	0.1447	0.1474	0.1512	0.1316	0.1336	0.1336	0.1241		0.2929	0.1066	0.1715	0.1066	0.1065	0.1127	0.1181	0.1191	0.1059	0.1119	0.1055	0.1026		
		0.1372	0.1293	0.135	0.1327	0.1443	0.1589	0.146	0.1326	0.1302	0.126	0.124	0.1256		0.1021	0.1035	0.1054	0.1067	0.1109	0.1228	0.1112	0.109	0.1065	0.1049	0.1029	0.1045		
		0.1257	0.1287	0.127	0.1293	0.126	0.1565	0.1314	0.1285	0.132	0.1293	0.1219	0.1317		0.1028	0.1054	0.1082	0.1069	0.1064	0.1225	0.1091	0.1043	0.1032	0.1022	0.1036	0.1147		
		0.19	0.1271	0.1268	0.1291	0.1414	0.1584	0.1365	0.1534	0.1297	0.1301	0.1291	0.1534		0.1071	0.1048	0.1044	0.1064	0.1088	0.1212	0.1109	0.1201	0.1083	0.1066	0.1067	0.1024		
		0.1329	0.1326	0.1358	0.1339	0.1386	0.1397	0.1622	0.1353	0.1446	0.1295	0.1257	0.1252		0.1072	0.1093	0.1113	0.1076	0.1112	0.1131	0.1234	0.1074	0.1138	0.1059	0.104	0.1046		
		0.1185	0.2263	0.1268	0.136	0.1342	0.127	0.1315	0.1276	0.1259	0.1442	0.1268	0.1263		0.0972	0.203	0.1033	0.1097	0.1055	0.1029	0.1091	0.1035	0.1036	0.1152	0.1041	0.1036		
		0.125	0.1255	0.1347	0.1336	0.1382	0.1222	0.1253	0.3156	0.1325	0.79	0.1274	0.1288		0.1035	0.1043	0.1076	0.1079	0.1102	0.1004	0.103	0.242	0.1069	0.7914	0.1046	0.1055		
		
~End
Copyright © 2003 Molecular Devices. All rights reserved.
