##BLOCKS= 1          
Plate:	Plate#1	1.3	PlateFormat	Endpoint	Absorbance	Raw	FALSE	1						2	490 750	1	12	96	1	8	None	
	Temperature(¡C)	1	2	3	4	5	6	7	8	9	10	11	12		1	2	3	4	5	6	7	8	9	10	11	12		
	22.00	0.1266	0.1518	0.1278	0.1268	0.122	0.1281	0.1301	0.1608	0.1528	0.1271	0.13	0.1261		0.1014	0.1065	0.1056	0.1042	0.1019	0.1056	0.107	0.1107	0.1046	0.1041	0.106	0.1039		
		0.5847	0.129	0.2591	0.1315	0.1282	0.1319	0.1269	0.1412	0.135	0.1348	0.135	0.127		0.4663	0.1059	0.1714	0.1062	0.105	0.1052	0.1047	0.1127	0.1078	0.1114	0.1076	0.1041		
		0.1291	0.1288	0.1384	0.1363	0.1421	0.137	0.1418	0.1264	0.1307	0.1274	0.1267	0.1314		0.0997	0.1032	0.1067	0.1095	0.1121	0.1121	0.1073	0.105	0.1066	0.1042	0.1048	0.1075		
		0.1271	0.1286	0.1303	0.1282	0.1242	0.1284	0.1294	0.1294	0.1331	0.1521	0.1319	0.1374		0.1031	0.1073	0.11	0.106	0.1073	0.1101	0.1043	0.1084	0.1086	0.1204	0.1085	0.1122		
		0.1834	0.1308	0.1276	0.1322	0.1334	0.1248	0.1328	0.1321	0.1286	0.1301	0.1343	0.1569		0.1001	0.1064	0.1048	0.1088	0.1043	0.1039	0.1115	0.1056	0.1065	0.1069	0.1092	0.1037		
		0.1365	0.1361	0.1369	0.1425	0.1347	0.1341	0.1472	0.1453	0.1306	0.1621	0.127	0.1372		0.1105	0.1108	0.112	0.1137	0.1083	0.1092	0.1109	0.1134	0.1071	0.1317	0.1053	0.1122		
		0.1265	0.3306	0.1319	0.1366	0.1404	0.1495	0.1304	0.1293	0.1287	0.1251	0.1269	0.1264		0.1023	0.2794	0.106	0.1119	0.1107	0.1237	0.1067	0.1055	0.1051	0.102	0.1052	0.1046		
		0.1265	0.1289	0.1299	0.1356	0.135	0.1319	0.1338	0.2957	0.1293	0.4294	0.132	0.132		0.1063	0.1062	0.1042	0.1087	0.1082	0.1068	0.1084	0.218	0.1049	0.3614	0.1082	0.1078		
		
~End
Copyright © 2003 Molecular Devices. All rights reserved.
