##BLOCKS= 1          
Plate:	Plate#1	1.3	PlateFormat	Endpoint	Absorbance	Raw	FALSE	1						2	490 750	1	12	96	1	8	None	
	Temperature(¡C)	1	2	3	4	5	6	7	8	9	10	11	12		1	2	3	4	5	6	7	8	9	10	11	12		
	22.00	0.128	0.1576	0.1371	0.1296	0.134	0.1353	0.1288	0.1611	0.15	0.1287	0.1221	0.1426		0.102	0.1082	0.111	0.1055	0.1112	0.1096	0.1049	0.1098	0.1032	0.1045	0.1011	0.1192		
		0.5207	0.1482	0.2385	0.1321	0.1293	0.1376	0.1421	0.1498	0.1318	0.1324	0.1303	0.1282		0.4228	0.1183	0.1594	0.1064	0.1056	0.11	0.1159	0.1177	0.1067	0.1097	0.1041	0.1053		
		0.1274	0.1476	0.1396	0.1373	0.1413	0.1304	0.1364	0.1314	0.1257	0.1357	0.1236	0.167		0.1055	0.1138	0.1082	0.1095	0.1112	0.1075	0.1039	0.1075	0.1028	0.1135	0.1037	0.1396		
		0.1261	0.1286	0.1325	0.132	0.1296	0.1313	0.1325	0.1292	0.1297	0.1275	0.1291	0.1265		0.1056	0.1051	0.1127	0.1107	0.1035	0.1062	0.1117	0.106	0.1077	0.0992	0.1087	0.1027		
		0.1985	0.1223	0.1243	0.1361	0.1353	0.1299	0.129	0.1297	0.1248	0.1332	0.1265	0.1562		0.1077	0.1012	0.1027	0.1098	0.106	0.1076	0.1075	0.1044	0.1036	0.1101	0.1054	0.1056		
		0.1567	0.1302	0.1344	0.134	0.1328	0.1355	0.143	0.1545	0.1326	0.1299	0.1359	0.1352		0.1093	0.1083	0.1105	0.1085	0.1082	0.1097	0.1078	0.123	0.1082	0.1061	0.1113	0.1111		
		0.1228	0.544	0.135	0.1255	0.149	0.1338	0.1269	0.1294	0.1272	0.1281	0.1247	0.1236		0.1004	0.4655	0.1101	0.1037	0.121	0.107	0.1045	0.1059	0.103	0.1042	0.1026	0.102		
		0.1416	0.13	0.1284	0.1352	0.1237	0.1287	0.1301	0.1724	0.1295	0.1727	0.1328	0.1259		0.1147	0.1077	0.1039	0.1073	0.1016	0.1048	0.1073	0.1222	0.1062	0.1503	0.1099	0.1036		
		
~End
Copyright © 2003 Molecular Devices. All rights reserved.
