##BLOCKS= 1          
Plate:	Plate#1	1.3	PlateFormat	Endpoint	Absorbance	Raw	FALSE	1						2	490 750	1	12	96	1	8	None	
	Temperature(¡C)	1	2	3	4	5	6	7	8	9	10	11	12		1	2	3	4	5	6	7	8	9	10	11	12		
	22.50	0.1211	0.1393	0.1271	0.118	0.1148	0.1252	0.116	0.1355	0.1313	0.1263	0.116	0.1209		0.1002	0.1004	0.1096	0.1007	0.0998	0.1062	0.0992	0.1014	0.099	0.1055	0.098	0.1027		
		0.4914	0.1243	0.2387	0.1284	0.1166	0.1268	0.1218	0.1314	0.1212	0.1193	0.1184	0.1174		0.4128	0.105	0.158	0.1086	0.0988	0.1061	0.1037	0.1086	0.1021	0.1019	0.098	0.1003		
		0.1132	0.1276	0.1223	0.12	0.1456	0.1175	0.133	0.1155	0.1316	0.1321	0.1179	0.1259		0.0974	0.1083	0.1006	0.1015	0.1203	0.1007	0.1036	0.0991	0.1093	0.1073	0.1011	0.1077		
		0.1181	0.1238	0.1206	0.13	0.1269	0.1273	0.1262	0.1278	0.1375	0.1364	0.1193	0.1249		0.0963	0.1001	0.1027	0.1093	0.107	0.1068	0.1046	0.1071	0.1153	0.1065	0.1018	0.1039		
		0.1615	0.1242	0.1309	0.1217	0.1354	0.1279	0.1198	0.1318	0.1206	0.1273	0.1217	0.1451		0.0998	0.1029	0.111	0.1036	0.1109	0.1084	0.1025	0.1107	0.1019	0.1084	0.1043	0.106		
		0.1483	0.1234	0.1282	0.1262	0.1587	0.1324	0.1382	0.1252	0.1298	0.1223	0.122	0.1209		0.1187	0.1047	0.1081	0.1038	0.1354	0.112	0.1089	0.1049	0.1091	0.1031	0.1049	0.1035		
		0.1087	0.2593	0.1292	0.126	0.1284	0.1251	0.1197	0.1215	0.1158	0.1288	0.1212	0.1314		0.0921	0.239	0.107	0.107	0.1057	0.1044	0.1021	0.1029	0.0977	0.108	0.1032	0.1124		
		0.1122	0.1184	0.279	0.1202	0.1312	0.123	0.117	0.1477	0.1295	0.1236	0.1268	0.1171		0.0979	0.102	0.2562	0.1004	0.1094	0.1039	0.1005	0.1078	0.1096	0.1052	0.1081	0.0993		
		
~End
Copyright © 2003 Molecular Devices. All rights reserved.
