##BLOCKS= 1          
Plate:	Plate#1	1.3	PlateFormat	Endpoint	Absorbance	Raw	FALSE	1						2	490 750	1	12	96	1	8	None	
	Temperature(¡C)	1	2	3	4	5	6	7	8	9	10	11	12		1	2	3	4	5	6	7	8	9	10	11	12		
	22.50	0.119	0.1515	0.1227	0.1331	0.1208	0.1337	0.1418	0.1768	0.1357	0.1172	0.1198	0.1142		0.0999	0.1145	0.106	0.1126	0.104	0.1134	0.1185	0.1383	0.1033	0.0995	0.1015	0.0983		
		0.5056	0.1252	0.358	0.1281	0.1226	0.1246	0.1229	0.1269	0.1275	0.1253	0.1207	0.1148		0.3993	0.1069	0.2214	0.1082	0.1041	0.1046	0.1045	0.1064	0.1066	0.1073	0.0995	0.098		
		0.1273	0.1356	0.1296	0.1216	0.1418	0.1299	0.1528	0.1297	0.1177	0.1167	0.1238	0.1208		0.1048	0.1125	0.1065	0.1022	0.1175	0.1104	0.1203	0.1092	0.1001	0.1009	0.1062	0.1039		
		0.1224	0.1281	0.1197	0.1195	0.1273	0.1348	0.1229	0.1284	0.1278	0.1336	0.1238	0.127		0.105	0.1065	0.1029	0.1005	0.11	0.116	0.1013	0.1057	0.1066	0.1079	0.1074	0.1069		
		0.1686	0.118	0.1242	0.1308	0.1428	0.1246	0.1207	0.1241	0.1265	0.1237	0.1218	0.1523		0.1045	0.0999	0.1037	0.1113	0.1166	0.1063	0.1039	0.1039	0.1084	0.1066	0.1046	0.1112		
		0.1276	0.1282	0.1253	0.1337	0.1512	0.1323	0.1354	0.1582	0.1248	0.1256	0.1269	0.1204		0.1087	0.1085	0.1069	0.1088	0.1261	0.1094	0.1043	0.1313	0.1038	0.1042	0.1067	0.1022		
		0.1194	0.3709	0.1219	0.1213	0.1303	0.1246	0.1254	0.1204	0.1211	0.1319	0.1209	0.1118		0.104	0.329	0.102	0.1026	0.1082	0.1031	0.1079	0.1023	0.1023	0.1133	0.1033	0.0959		
		0.1207	0.121	0.1231	0.1271	0.1358	0.1174	0.1207	0.1326	0.13	1.4346	0.1244	0.1216		0.1001	0.1026	0.1016	0.1059	0.1118	0.0995	0.1033	0.1052	0.1103	1.355	0.1071	0.1023		
		
~End
Copyright © 2003 Molecular Devices. All rights reserved.
