##BLOCKS= 1          
Plate:	Plate#1	1.3	PlateFormat	Endpoint	Absorbance	Raw	FALSE	1						2	490 750	1	12	96	1	8	None	
	Temperature(¡C)	1	2	3	4	5	6	7	8	9	10	11	12		1	2	3	4	5	6	7	8	9	10	11	12		
	22.50	0.1193	0.1565	0.1314	0.1238	0.1332	0.1194	0.1206	0.1539	0.1574	0.1194	0.1264	0.1207		0.0989	0.1159	0.1118	0.1046	0.1151	0.1016	0.1018	0.116	0.1202	0.101	0.107	0.1027		
		0.4491	0.1227	0.217	0.1394	0.1323	0.132	0.1221	0.1297	0.1257	0.1312	0.1336	0.1306		0.3415	0.1034	0.1485	0.1182	0.1105	0.1088	0.1045	0.1073	0.106	0.1121	0.1081	0.1113		
		0.1145	0.1245	0.1274	0.1277	0.1356	0.1287	0.135	0.1233	0.129	0.1386	0.1269	0.1215		0.0937	0.1018	0.104	0.1069	0.1099	0.1098	0.1073	0.1052	0.1086	0.1186	0.1083	0.1039		
		0.1236	0.122	0.1341	0.1309	0.1378	0.1239	0.1289	0.1241	0.1253	0.1205	0.1338	0.121		0.107	0.1015	0.1157	0.1167	0.1165	0.1056	0.1113	0.1061	0.1057	0.0979	0.1199	0.1022		
		0.1721	0.1214	0.1181	0.1164	0.1298	0.1261	0.1273	0.1278	0.127	0.1226	0.1221	0.153		0.1034	0.1047	0.1008	0.0985	0.1048	0.1069	0.1094	0.1065	0.1088	0.1047	0.1051	0.1097		
		0.1377	0.1513	0.1526	0.1489	0.1278	0.1296	0.1324	0.1377	0.121	0.1298	0.1349	0.1278		0.1119	0.1281	0.1299	0.1219	0.1036	0.1087	0.1028	0.1133	0.101	0.1095	0.1123	0.108		
		0.1127	0.4269	0.1312	0.1304	0.1242	0.1268	0.1226	0.1326	0.1154	0.125	0.1225	0.1242		0.1012	0.3702	0.1084	0.1103	0.1027	0.1046	0.1047	0.1124	0.0975	0.1051	0.1034	0.1067		
		0.1289	0.1266	1.3034	0.1259	0.1331	0.1211	0.1212	0.1422	0.1186	1.0896	0.1176	0.1258		0.1112	0.1105	1.2456	0.1048	0.1105	0.1018	0.1029	0.1059	0.1005	1.0008	0.101	0.1068		
		
~End
Copyright © 2003 Molecular Devices. All rights reserved.
