##BLOCKS= 1          
Plate:	Plate#1	1.3	PlateFormat	Endpoint	Absorbance	Raw	FALSE	1						2	490 750	1	12	96	1	8	None	
	Temperature(¡C)	1	2	3	4	5	6	7	8	9	10	11	12		1	2	3	4	5	6	7	8	9	10	11	12		
	22.90	0.1337	0.1406	0.1286	0.117	0.1219	0.1228	0.1176	0.1322	0.1342	0.1175	0.1151	0.1208		0.1032	0.1035	0.1097	0.0997	0.105	0.1041	0.1002	0.0989	0.1016	0.0995	0.0971	0.1032		
		0.4161	0.1152	0.3242	0.1224	0.1207	0.1225	0.1146	0.1266	0.1165	0.1203	0.1233	0.1162		0.3515	0.0991	0.205	0.1034	0.1034	0.1021	0.0987	0.1042	0.0981	0.1019	0.1025	0.1		
		0.1175	0.1206	0.1217	0.1292	0.1303	0.1191	0.1248	0.1215	0.1155	0.1189	0.1118	0.117		0.1028	0.1011	0.0996	0.1103	0.1037	0.1019	0.0993	0.1039	0.099	0.1022	0.0965	0.1004		
		0.1158	0.1175	0.1238	0.1182	0.1221	0.1199	0.1155	0.1172	0.1168	0.1224	0.1251	0.1244		0.1028	0.097	0.1059	0.1059	0.1088	0.1022	0.0987	0.0969	0.1028	0.1011	0.1071	0.1052		
		0.1686	0.1324	0.1186	0.1205	0.131	0.1187	0.1323	0.1213	0.123	0.1186	0.1204	0.1365		0.0975	0.1106	0.1002	0.1011	0.1069	0.1015	0.1135	0.1024	0.1044	0.1007	0.1021	0.0982		
		0.1233	0.1233	0.1208	0.1328	0.1293	0.1294	0.1373	0.1225	0.1258	0.1199	0.1203	0.1232		0.1037	0.1043	0.1024	0.11	0.1065	0.1077	0.1054	0.102	0.1053	0.1007	0.1015	0.1034		
		0.1083	0.4801	0.1321	0.1216	0.1232	0.1174	0.1176	0.1254	0.1151	0.1154	0.1166	0.1235		0.0931	0.4096	0.1101	0.1042	0.1019	0.0978	0.1002	0.1056	0.0967	0.0981	0.0988	0.1056		
		0.1163	0.1193	0.1244	0.1312	0.1247	0.1231	0.1129	0.1344	0.1252	0.1247	0.1227	0.1129		0.1015	0.1026	0.1037	0.1088	0.1036	0.1055	0.0972	0.1046	0.1054	0.1078	0.1054	0.0971		
		
~End
Copyright © 2003 Molecular Devices. All rights reserved.
