##BLOCKS= 1          
Plate:	Plate#1	1.3	PlateFormat	Endpoint	Absorbance	Raw	FALSE	1						2	490 750	1	12	96	1	8	None	
	Temperature(¡C)	1	2	3	4	5	6	7	8	9	10	11	12		1	2	3	4	5	6	7	8	9	10	11	12		
	22.90	0.1177	0.1352	0.121	0.1185	0.1212	0.1277	0.1194	0.1351	0.1334	0.12	0.1279	0.1224		0.0976	0.1013	0.1026	0.0999	0.1042	0.1078	0.1007	0.1004	0.1003	0.1004	0.107	0.1029		
		0.5106	0.1823	0.3393	0.1174	0.1199	0.1263	0.1263	0.1275	0.1246	0.1199	0.1235	0.1192		0.3995	0.1403	0.2433	0.1004	0.1008	0.1048	0.1075	0.1037	0.1037	0.1011	0.1018	0.1007		
		0.1275	0.1296	0.1277	0.1235	0.1387	0.1189	0.1274	0.1317	0.1207	0.1275	0.1252	0.1216		0.1105	0.1063	0.1036	0.102	0.1105	0.1011	0.101	0.1129	0.104	0.1092	0.1072	0.1037		
		0.12	0.1227	0.123	0.1164	0.1253	0.1266	0.1208	0.1173	0.1355	0.1159	0.1353	0.1232		0.0991	0.1039	0.1081	0.1018	0.1117	0.11	0.1054	0.1015	0.1141	0.0968	0.1174	0.1084		
		0.1772	0.1203	0.1188	0.1233	0.1304	0.1242	0.1322	0.1211	0.1369	0.1203	0.1212	0.1439		0.1104	0.1009	0.1002	0.1036	0.1068	0.1052	0.1114	0.1004	0.1161	0.1005	0.103	0.1019		
		0.1255	0.1226	0.1302	0.1238	0.1349	0.1357	0.1373	0.1272	0.12	0.1299	0.1354	0.1297		0.1052	0.103	0.11	0.1025	0.11	0.1122	0.1077	0.1055	0.1001	0.1094	0.114	0.1098		
		0.115	0.3858	0.123	0.126	0.1295	0.1256	0.131	0.1213	0.1176	0.1138	0.1268	0.1184		0.0954	0.3436	0.1036	0.1074	0.1048	0.1046	0.1117	0.1018	0.0991	0.0968	0.1064	0.1008		
		0.1282	0.1192	0.1876	0.1261	0.1354	0.1258	0.1163	0.1274	0.1229	0.1301	0.1149	0.1312		0.1059	0.1042	0.1631	0.1053	0.1087	0.1065	0.0995	0.0996	0.104	0.1114	0.0983	0.1127		
		
~End
Copyright © 2003 Molecular Devices. All rights reserved.
