##BLOCKS= 1          
Plate:	Plate#1	1.3	PlateFormat	Endpoint	Absorbance	Raw	FALSE	1						2	490 750	1	12	96	1	8	None	
	Temperature(¡C)	1	2	3	4	5	6	7	8	9	10	11	12		1	2	3	4	5	6	7	8	9	10	11	12		
	23.30	0.1391	0.1687	0.1341	0.1267	0.1414	0.1244	0.1465	0.1488	0.1486	0.1377	0.1391	0.1877		0.1114	0.118	0.1117	0.1048	0.1192	0.104	0.1222	0.1093	0.1086	0.1137	0.1149	0.1642		
		0.5289	0.1784	0.2685	0.1346	0.1372	0.1419	0.1304	0.1417	0.1457	0.1262	0.1301	0.1279		0.4061	0.1707	0.1798	0.1114	0.1135	0.1157	0.1078	0.1171	0.1207	0.1044	0.1046	0.1058		
		0.1351	0.1426	0.1601	0.1363	0.1525	0.1451	0.1616	0.1297	0.1326	0.1425	0.1391	0.1255		0.1048	0.1185	0.1311	0.1125	0.1218	0.122	0.1295	0.1081	0.1108	0.1176	0.1181	0.1055		
		0.133	0.1305	0.1312	0.1361	0.1365	0.122	0.1448	0.1417	0.1343	0.1361	0.1384	0.1411		0.1102	0.1048	0.1144	0.1166	0.1199	0.104	0.1215	0.1177	0.1132	0.1135	0.1194	0.1187		
		0.2028	0.137	0.1458	0.1428	0.1312	0.1406	0.1363	0.1679	0.141	0.1378	0.1342	0.1686		0.1129	0.1126	0.121	0.1164	0.1046	0.117	0.114	0.1389	0.1165	0.1124	0.1112	0.1206		
		0.1663	0.1554	0.1541	0.1733	0.1438	0.1421	0.1499	0.1629	0.1343	0.145	0.1316	0.1513		0.1224	0.1263	0.1288	0.1444	0.1191	0.1175	0.1129	0.1348	0.1125	0.1186	0.1079	0.1256		
		0.1352	0.3457	0.1396	0.155	0.1917	0.1672	0.1441	0.1778	0.1268	0.1404	0.1374	0.2065		0.1715	0.331	0.1154	0.1303	0.1605	0.1381	0.1212	0.1499	0.1041	0.1137	0.1154	0.1847		
		0.1393	0.1363	0.1275	0.1427	0.1481	0.13	0.1314	0.1659	0.1419	0.1372	0.1281	0.127		0.111	0.1066	0.1035	0.1165	0.1188	0.1074	0.1087	0.1201	0.1161	0.1133	0.1065	0.1059		
		
~End
Copyright © 2003 Molecular Devices. All rights reserved.
