##BLOCKS= 1          
Plate:	Plate#1	1.3	PlateFormat	Endpoint	Absorbance	Raw	FALSE	1						2	490 750	1	12	96	1	8	None	
	Temperature(¡C)	1	2	3	4	5	6	7	8	9	10	11	12		1	2	3	4	5	6	7	8	9	10	11	12		
	23.10	0.1151	0.1394	0.1162	0.1189	0.1146	0.1145	0.1218	0.136	0.1295	0.1147	0.1221	0.1204		0.0957	0.0984	0.0963	0.099	0.097	0.0959	0.1012	0.0986	0.0948	0.0951	0.102	0.1		
		0.4889	0.4157	0.3153	0.1149	0.1155	0.12	0.1144	0.1284	0.1168	0.1255	0.1222	0.1153		0.4045	0.3382	0.2005	0.0965	0.0974	0.098	0.0967	0.1046	0.0956	0.1069	0.1007	0.0971		
		0.1137	0.1205	0.1205	0.1264	0.1264	0.1181	0.1286	0.1147	0.1142	0.1138	0.1139	0.1131		0.0945	0.0979	0.0976	0.1035	0.1008	0.0998	0.0984	0.0961	0.0958	0.0963	0.0966	0.0954		
		0.1143	0.1162	0.113	0.1136	0.1179	0.1164	0.1179	0.1155	0.117	0.1227	0.1106	0.1178		0.0961	0.0954	0.0949	0.0992	0.1019	0.0989	0.101	0.0997	0.0946	0.099	0.095	0.1016		
		0.1605	0.1176	0.1186	0.1304	0.1208	0.1229	0.1417	0.1225	0.1173	0.1312	0.1479	0.1339		0.0928	0.0972	0.0988	0.1074	0.0965	0.1018	0.1124	0.1005	0.0984	0.1077	0.1193	0.0954		
		0.124	0.1228	0.1194	0.12	0.1191	0.1209	0.1311	0.1272	0.1299	0.1188	0.1186	0.1195		0.101	0.1027	0.0997	0.0974	0.0975	0.1	0.0981	0.1037	0.1066	0.0981	0.0986	0.0988		
		0.1148	0.2638	0.1185	0.1162	0.1218	0.1244	0.1167	0.1144	0.1146	0.1146	0.1153	0.1146		0.0943	0.2405	0.097	0.0974	0.0982	0.1009	0.0982	0.0958	0.0947	0.0956	0.0971	0.0965		
		0.1206	0.115	0.1218	0.1204	0.1217	0.1125	0.1108	0.1291	0.1174	0.4841	0.1153	0.1157		0.1008	0.0969	0.0988	0.0968	0.0985	0.0941	0.0939	0.0986	0.0984	0.3837	0.0971	0.0979		
		
~End
Copyright © 2003 Molecular Devices. All rights reserved.
