##BLOCKS= 1          
Plate:	Plate#1	1.3	PlateFormat	Endpoint	Absorbance	Raw	FALSE	1						2	490 750	1	12	96	1	8	None	
	Temperature(¡C)	1	2	3	4	5	6	7	8	9	10	11	12		1	2	3	4	5	6	7	8	9	10	11	12		
	23.00	0.1123	0.1382	0.1128	0.1169	0.1161	0.121	0.1225	0.137	0.1457	0.114	0.1196	0.1145		0.0926	0.0997	0.0947	0.0974	0.0981	0.1018	0.1017	0.0975	0.105	0.096	0.0991	0.0962		
		0.5641	0.1205	0.2429	0.1199	0.1163	0.1164	0.1162	0.1627	0.1306	0.1144	0.1217	0.1116		0.4632	0.1004	0.1615	0.0999	0.0974	0.0961	0.0979	0.1412	0.1054	0.0967	0.0994	0.0943		
		0.1125	0.1191	0.1332	0.1252	0.1355	0.1187	0.1316	0.1135	0.1248	0.1197	0.1132	0.1148		0.0921	0.097	0.1053	0.1023	0.1067	0.0998	0.1017	0.0956	0.1002	0.1005	0.0962	0.097		
		0.1146	0.1184	0.121	0.119	0.1266	0.1228	0.1208	0.1156	0.1195	0.1245	0.1128	0.115		0.0956	0.0947	0.1021	0.098	0.1045	0.1016	0.101	0.0956	0.0992	0.0965	0.0985	0.0968		
		0.1675	0.1214	0.1191	0.1261	0.1266	0.1205	0.1183	0.1179	0.1166	0.1122	0.1175	0.1378		0.0951	0.1006	0.0995	0.1026	0.1002	0.1011	0.1	0.0964	0.0981	0.0948	0.0991	0.0975		
		0.1233	0.1216	0.1182	0.1262	0.1237	0.1213	0.1292	0.1255	0.1226	0.1177	0.1156	0.1158		0.1019	0.1009	0.0995	0.1016	0.1007	0.1004	0.0983	0.1008	0.1001	0.0981	0.0972	0.0972		
		0.1125	0.3597	0.1193	0.1146	0.1208	0.1209	0.1183	0.116	0.1189	0.1177	0.1109	0.1246		0.0941	0.3128	0.0987	0.0968	0.0978	0.0973	0.0994	0.0969	0.0977	0.0978	0.0935	0.1055		
		0.1201	0.1193	0.1198	0.1293	0.1207	0.1195	0.1135	0.1479	0.116	0.3053	0.1174	0.1172		0.1019	0.0992	0.0976	0.1053	0.0986	0.0996	0.0957	0.1059	0.0975	0.2374	0.0985	0.0976		
		
~End
Copyright © 2003 Molecular Devices. All rights reserved.
