##BLOCKS= 1          
Plate:	Plate#1	1.3	PlateFormat	Endpoint	Absorbance	Raw	FALSE	1						2	490 750	1	12	96	1	8	None	
	Temperature(¡C)	1	2	3	4	5	6	7	8	9	10	11	12		1	2	3	4	5	6	7	8	9	10	11	12		
	23.00	0.1138	0.1266	0.1146	0.1166	0.1132	0.1201	0.1125	0.1361	0.1301	0.1183	0.1182	0.1185		0.0943	0.0875	0.0963	0.0969	0.0968	0.099	0.0949	0.0978	0.0943	0.098	0.0985	0.0985		
		0.4611	0.1216	0.2614	0.12	0.1183	0.1194	0.1141	0.1224	0.1205	0.121	0.1234	0.1184		0.3865	0.1012	0.1694	0.0994	0.099	0.0979	0.0961	0.1011	0.0986	0.1007	0.1009	0.0983		
		0.1145	0.1219	0.1204	0.1236	0.1271	0.1169	0.1326	0.1148	0.1149	0.1144	0.1154	0.115		0.092	0.0995	0.0966	0.1014	0.1008	0.0993	0.1018	0.0963	0.0955	0.097	0.0975	0.0968		
		0.1139	0.1144	0.1151	0.1151	0.1169	0.119	0.1163	0.1133	0.1186	0.1188	0.1165	0.1154		0.0942	0.0967	0.0993	0.0955	0.0981	0.099	0.1006	0.0974	0.0956	0.1004	0.1007	0.0981		
		0.1641	0.1195	0.1239	0.1186	0.1252	0.1185	0.119	0.1177	0.1156	0.1239	0.1134	0.1363		0.0946	0.0989	0.1061	0.0988	0.0995	0.0986	0.1	0.0963	0.0971	0.1058	0.096	0.0965		
		0.1182	0.1199	0.1214	0.121	0.1239	0.1219	0.1349	0.121	0.1199	0.1182	0.1149	0.1214		0.0968	0.1002	0.101	0.0981	0.1009	0.1	0.1021	0.0977	0.0984	0.0986	0.0968	0.1001		
		0.1152	0.1824	0.1201	0.1231	0.1337	0.1242	0.1179	0.1197	0.118	0.1163	0.1196	0.1141		0.094	0.1483	0.0986	0.1028	0.1098	0.1005	0.0989	0.0994	0.0973	0.096	0.0993	0.0957		
		0.1165	0.1158	0.1216	0.1256	0.1216	0.1176	0.1157	0.1384	0.1172	0.4092	0.1162	0.1193		0.0973	0.0971	0.0989	0.1018	0.0988	0.0965	0.0971	0.1027	0.0981	0.3127	0.0977	0.0987		
		
~End
Copyright © 2003 Molecular Devices. All rights reserved.
