##BLOCKS= 1          
Plate:	Plate#1	1.3	PlateFormat	Endpoint	Absorbance	Raw	FALSE	1						2	490 750	1	12	96	1	8	None	
	Temperature(¡C)	1	2	3	4	5	6	7	8	9	10	11	12		1	2	3	4	5	6	7	8	9	10	11	12		
	23.20	0.1163	0.1686	0.1268	0.1258	0.1237	0.1312	0.1246	0.1383	0.1377	0.1277	0.1246	0.1376		0.094	0.1121	0.1062	0.1041	0.1048	0.1095	0.1036	0.0992	0.1005	0.1064	0.1022	0.1133		
		0.4247	0.2583	0.325	0.1258	0.1232	0.1253	0.1209	0.1409	0.1209	0.1238	0.1215	0.1313		0.3286	0.2577	0.2041	0.1033	0.1022	0.102	0.1013	0.1167	0.0993	0.1038	0.0996	0.1092		
		0.1307	0.1259	0.1283	0.1425	0.1317	0.1262	0.1437	0.1257	0.122	0.1285	0.1358	0.1367		0.0995	0.1024	0.1029	0.1047	0.1026	0.1058	0.1128	0.1046	0.1016	0.1091	0.1133	0.115		
		0.1282	0.1206	0.127	0.1206	0.1307	0.1267	0.1226	0.1253	0.1296	0.1288	0.1297	0.1243		0.1131	0.1013	0.109	0.1024	0.113	0.106	0.1016	0.1042	0.1087	0.1027	0.1116	0.1067		
		0.1711	0.1267	0.1372	0.1296	0.129	0.134	0.1248	0.1243	0.1184	0.1301	0.124	0.1517		0.1001	0.1045	0.1133	0.1071	0.1024	0.1109	0.1041	0.1024	0.0994	0.108	0.1047	0.1051		
		0.1277	0.1283	0.1417	0.1336	0.1285	0.1326	0.1443	0.1352	0.1204	0.1408	0.1402	0.1216		0.1083	0.1078	0.1179	0.1092	0.1058	0.1094	0.1112	0.112	0.0994	0.1159	0.1176	0.1034		
		0.1221	0.431	0.1275	0.136	0.1252	0.1208	0.1289	0.1276	0.1209	0.1219	0.1242	0.1328		0.1076	0.3917	0.1052	0.1147	0.1039	0.0993	0.1081	0.1055	0.0998	0.0995	0.1036	0.1123		
		0.1249	0.1256	0.1662	0.1232	0.1213	0.122	0.1213	0.1611	0.1212	0.2338	0.1262	0.1186		0.1071	0.1055	0.1305	0.1012	0.0994	0.1015	0.1	0.117	0.1015	0.2121	0.1077	0.0994		
		
~End
Copyright © 2003 Molecular Devices. All rights reserved.
