##BLOCKS= 1          
Plate:	Plate#1	1.3	PlateFormat	Endpoint	Absorbance	Raw	FALSE	1						2	490 750	1	12	96	1	8	None	
	Temperature(¡C)	1	2	3	4	5	6	7	8	9	10	11	12		1	2	3	4	5	6	7	8	9	10	11	12		
	23.10	0.1167	0.1651	0.1333	0.1283	0.1294	0.1449	0.1271	0.1426	0.1531	0.1215	0.1197	0.1254		0.0967	0.112	0.112	0.1067	0.1088	0.1205	0.1052	0.1037	0.1138	0.1019	0.0985	0.1041		
		0.4012	0.1479	0.3434	0.1197	0.1361	0.1241	0.125	0.1251	0.1383	0.124	0.1178	0.1292		0.3462	0.1234	0.2378	0.0994	0.1137	0.1017	0.1047	0.1052	0.1139	0.1048	0.0976	0.1087		
		0.1341	0.1271	0.1298	0.1431	0.1394	0.1244	0.1318	0.1396	0.1311	0.1281	0.1345	0.135		0.1101	0.104	0.1047	0.1062	0.1086	0.104	0.1023	0.1178	0.1086	0.1075	0.1136	0.1128		
		0.1205	0.132	0.1275	0.1253	0.1249	0.1473	0.1305	0.1247	0.1251	0.129	0.1214	0.1211		0.1014	0.1131	0.1074	0.1061	0.104	0.1225	0.109	0.1023	0.1003	0.1023	0.1018	0.097		
		0.1873	0.1336	0.1389	0.1193	0.1416	0.1284	0.1517	0.132	0.1215	0.1429	0.1336	0.151		0.1015	0.1097	0.1146	0.0988	0.113	0.1064	0.1293	0.1088	0.1008	0.1204	0.1126	0.1051		
		0.1241	0.1396	0.1556	0.1804	0.1287	0.1289	0.1373	0.1374	0.1282	0.14	0.1262	0.1273		0.1028	0.1164	0.1326	0.1564	0.1057	0.1053	0.1052	0.1139	0.1056	0.1147	0.1053	0.1067		
		0.1234	0.4323	0.1257	0.1381	0.1233	0.1273	0.1244	0.1297	0.1362	0.1482	0.1238	0.1269		0.1002	0.4034	0.1043	0.1162	0.1019	0.1046	0.102	0.1073	0.1127	0.1215	0.1036	0.1074		
		0.1479	0.1262	0.13	0.1399	0.1266	0.1258	0.1212	0.2822	0.125	0.1324	0.1193	0.1232		0.1149	0.1042	0.1019	0.1163	0.1037	0.1038	0.1026	0.2109	0.1034	0.1104	0.1011	0.1027		
		
~End
Copyright © 2003 Molecular Devices. All rights reserved.
