##BLOCKS= 1          
Plate:	Plate#1	1.3	PlateFormat	Endpoint	Absorbance	Raw	FALSE	1						2	490 750	1	12	96	1	8	None	
	Temperature(¡C)	1	2	3	4	5	6	7	8	9	10	11	12		1	2	3	4	5	6	7	8	9	10	11	12		
	23.10	0.1317	0.1613	0.1311	0.1371	0.1221	0.1286	0.1323	0.1546	0.1725	0.1346	0.1326	0.1288		0.1113	0.1051	0.1105	0.1141	0.1032	0.1067	0.1096	0.1085	0.1245	0.1126	0.1081	0.107		
		0.4709	0.1497	0.3075	0.1258	0.1196	0.1297	0.14	0.1425	0.1259	0.1206	0.1352	0.1251		0.3395	0.1283	0.2172	0.1045	0.0996	0.1053	0.1164	0.1185	0.1022	0.1007	0.1121	0.1034		
		0.1324	0.1322	0.1249	0.1526	0.1463	0.1332	0.1465	0.1323	0.1248	0.1188	0.1311	0.1243		0.103	0.1119	0.1005	0.1101	0.1133	0.1122	0.1125	0.1101	0.1041	0.1006	0.1095	0.1039		
		0.1251	0.125	0.126	0.1269	0.1322	0.1392	0.1405	0.1289	0.1434	0.1359	0.1271	0.1279		0.1068	0.106	0.1101	0.1077	0.1115	0.1199	0.1133	0.1141	0.1221	0.1163	0.1092	0.1109		
		0.1881	0.1358	0.1192	0.1312	0.1299	0.1253	0.1405	0.1243	0.1277	0.1263	0.1421	0.1526		0.1104	0.111	0.0986	0.1085	0.1041	0.1041	0.1185	0.1029	0.1067	0.1061	0.1193	0.1031		
		0.1417	0.1304	0.1231	0.14	0.1418	0.1367	0.138	0.1383	0.1305	0.1296	0.1237	0.1251		0.1155	0.1094	0.1035	0.1165	0.1175	0.1111	0.104	0.1149	0.1076	0.1052	0.103	0.1045		
		0.1339	0.4254	0.1229	0.1261	0.1163	0.1305	0.1265	0.1365	0.1225	0.1229	0.131	0.1302		0.1203	0.3778	0.1012	0.1058	0.0968	0.1062	0.1034	0.1134	0.1002	0.1003	0.1089	0.109		
		0.1268	0.1194	0.1273	0.1464	0.1402	0.1305	0.1266	0.2952	0.1316	0.1517	0.1233	0.134		0.1056	0.1013	0.1024	0.1194	0.1159	0.1077	0.1063	0.2325	0.1089	0.1273	0.103	0.1115		
		
~End
Copyright © 2003 Molecular Devices. All rights reserved.
