##BLOCKS= 1          
Plate:	Plate#1	1.3	PlateFormat	Endpoint	Absorbance	Raw	FALSE	1						2	490 750	1	12	96	1	8	None	
	Temperature(¡C)	1	2	3	4	5	6	7	8	9	10	11	12		1	2	3	4	5	6	7	8	9	10	11	12		
	22.80	0.1288	0.1627	0.1451	0.1404	0.123	0.1336	0.1418	0.162	0.1595	0.1358	0.128	0.1429		0.1044	0.1157	0.1207	0.1159	0.1038	0.1105	0.1173	0.1231	0.1183	0.1108	0.1057	0.1172		
		0.5901	0.1794	0.3648	0.1272	0.1299	0.1415	0.1273	0.1414	0.145	0.1448	0.1339	0.1271		0.4687	0.1501	0.2671	0.1029	0.1075	0.115	0.105	0.1155	0.1183	0.12	0.1075	0.106		
		0.1343	0.1478	0.1382	0.27	0.1531	0.1406	0.1398	0.1333	0.1425	0.1525	0.1308	0.1306		0.1047	0.1214	0.1093	0.2502	0.1206	0.1169	0.1106	0.1118	0.119	0.1271	0.1095	0.1093		
		0.148	0.1287	0.1219	0.1343	0.1458	0.1377	0.1356	0.1374	0.1297	0.1395	0.1356	0.1483		0.1237	0.1094	0.1035	0.1126	0.1235	0.1142	0.1127	0.1114	0.1039	0.115	0.1139	0.1248		
		0.1902	0.1611	0.1393	0.1317	0.1412	0.1378	0.1409	0.1376	0.1453	0.1686	0.1289	0.1655		0.1199	0.1403	0.1144	0.1085	0.1129	0.1144	0.1188	0.1124	0.1204	0.137	0.1073	0.12		
		0.1656	0.1664	0.1667	0.1401	0.1498	0.1433	0.1792	0.1638	0.1342	0.1539	0.1297	0.1235		0.1393	0.1311	0.1374	0.1135	0.1228	0.1181	0.1377	0.1309	0.1097	0.1277	0.1079	0.1029		
		0.1381	0.3123	0.1844	0.1689	0.1379	0.1442	0.1482	0.1333	0.1616	0.1527	0.1543	0.1377		0.1183	0.2904	0.1521	0.1414	0.1125	0.1159	0.125	0.109	0.135	0.1265	0.1284	0.1136		
		0.1273	0.1666	0.2047	0.1474	0.144	0.1559	0.1405	0.1417	0.1408	0.1802	0.144	0.141		0.1111	0.1355	0.1674	0.1201	0.1176	0.1284	0.118	0.1078	0.116	0.1576	0.1203	0.1176		
		
~End
Copyright © 2003 Molecular Devices. All rights reserved.
