##BLOCKS= 1          
Plate:	Plate#1	1.3	PlateFormat	Endpoint	Absorbance	Raw	FALSE	1						2	490 750	1	12	96	1	8	None	
	Temperature(¡C)	1	2	3	4	5	6	7	8	9	10	11	12		1	2	3	4	5	6	7	8	9	10	11	12		
	22.40	0.1259	0.1426	0.136	0.1271	0.1321	0.1172	0.1222	0.1447	0.1326	0.1229	0.1187	0.1149		0.1054	0.1033	0.1146	0.1054	0.1125	0.099	0.1023	0.1053	0.0985	0.1016	0.0991	0.0967		
		0.4953	0.1485	0.2456	0.1343	0.1239	0.1284	0.1236	0.1265	0.1503	0.134	0.1333	0.1166		0.4328	0.1277	0.1645	0.112	0.104	0.1063	0.1043	0.1047	0.1206	0.1111	0.1092	0.0987		
		0.1202	0.1234	0.133	0.1329	0.1395	0.1309	0.1366	0.1366	0.1267	0.1416	0.131	0.1283		0.1024	0.1013	0.1073	0.1063	0.1134	0.1088	0.1071	0.1165	0.1064	0.1219	0.1094	0.1077		
		0.1307	0.1488	0.1375	0.1309	0.1439	0.1236	0.1304	0.1198	0.1243	0.1387	0.1479	0.1274		0.1006	0.1235	0.1185	0.1124	0.127	0.1038	0.1082	0.104	0.1006	0.1146	0.1209	0.1072		
		0.1879	0.1476	0.1307	0.1213	0.1409	0.1261	0.129	0.1238	0.1265	0.1243	0.1503	0.1536		0.1162	0.1173	0.1103	0.1013	0.1124	0.1058	0.1103	0.1031	0.1071	0.1043	0.1294	0.11		
		0.1356	0.1365	0.1532	0.1339	0.1408	0.1433	0.1465	0.1377	0.1262	0.1412	0.1239	0.122		0.115	0.1141	0.1284	0.1084	0.1161	0.1239	0.1127	0.1117	0.1044	0.1151	0.1045	0.1022		
		0.1182	0.3329	0.1378	0.1214	0.1275	0.138	0.1209	0.1236	0.1215	0.1196	0.133	0.1212		0.0998	0.3151	0.1158	0.1023	0.1039	0.1132	0.101	0.1027	0.1006	0.0983	0.1123	0.1028		
		0.13	0.1216	0.1284	0.1427	0.1452	0.1361	0.1238	0.1258	0.1216	0.317	0.134	0.1492		0.107	0.1026	0.1029	0.1171	0.1198	0.1134	0.1023	0.0995	0.1017	0.2626	0.115	0.1258		
		
~End
Copyright © 2003 Molecular Devices. All rights reserved.
