##BLOCKS= 1          
Plate:	Plate#1	1.3	PlateFormat	Endpoint	Absorbance	Raw	FALSE	1						2	490 750	1	12	96	1	8	None	
	Temperature(¡C)	1	2	3	4	5	6	7	8	9	10	11	12		1	2	3	4	5	6	7	8	9	10	11	12		
	22.40	0.1354	0.1681	0.126	0.1314	0.1264	0.1341	0.1286	0.1416	0.1386	0.1256	0.1579	0.1249		0.1143	0.1179	0.1064	0.1095	0.1069	0.1126	0.1062	0.1047	0.104	0.1037	0.1342	0.105		
		0.507	0.1277	0.369	0.1192	0.1213	0.1411	0.1219	0.1357	0.1357	0.1295	0.1266	0.1423		0.4038	0.1117	0.2338	0.0994	0.1014	0.1147	0.1034	0.1112	0.1125	0.1102	0.1032	0.1197		
		0.1246	0.1298	0.1354	0.1368	0.1338	0.1299	0.1454	0.1238	0.1371	0.1698	0.1341	0.1284		0.1029	0.108	0.1101	0.1083	0.1071	0.1083	0.1132	0.1043	0.1128	0.1451	0.114	0.1084		
		0.1219	0.1226	0.1277	0.1308	0.1299	0.1406	0.1359	0.1353	0.1301	0.137	0.1291	0.1318		0.1041	0.0983	0.1076	0.1081	0.1095	0.1147	0.1116	0.1129	0.1013	0.1108	0.1105	0.1096		
		0.1715	0.125	0.1328	0.1267	0.1363	0.1324	0.151	0.1453	0.1367	0.1381	0.1379	0.1689		0.1081	0.1068	0.1098	0.1053	0.1075	0.1092	0.1263	0.1184	0.1129	0.1142	0.1151	0.1247		
		0.126	0.1435	0.1344	0.1362	0.1305	0.1374	0.1398	0.1606	0.1277	0.13	0.1243	0.1352		0.1055	0.1204	0.1116	0.1111	0.1066	0.1122	0.1058	0.1307	0.1063	0.1069	0.1038	0.1132		
		0.1526	0.3857	0.1238	0.1496	0.1309	0.1498	0.1312	0.1413	0.15	0.1316	0.1289	0.1221		0.1329	0.3372	0.101	0.1222	0.105	0.1221	0.1081	0.117	0.1219	0.1062	0.1073	0.1034		
		0.1256	0.1291	0.1257	0.1387	0.125	0.138	0.1281	0.1642	0.1264	0.3553	0.1256	0.135		0.106	0.1085	0.0995	0.1142	0.1014	0.1124	0.1062	0.1196	0.1067	0.3312	0.1055	0.1117		
		
~End
Copyright © 2003 Molecular Devices. All rights reserved.
