##BLOCKS= 1          
Plate:	Plate#1	1.3	PlateFormat	Endpoint	Absorbance	Raw	FALSE	1						2	490 750	1	12	96	1	8	None	
	Temperature(¡C)	1	2	3	4	5	6	7	8	9	10	11	12		1	2	3	4	5	6	7	8	9	10	11	12		
	22.40	0.1495	0.1718	0.1231	0.1242	0.1349	0.1204	0.1257	0.1437	0.1435	0.1505	0.1352	0.1281		0.1242	0.1218	0.1039	0.1041	0.1129	0.0995	0.1051	0.1065	0.1066	0.126	0.1128	0.1062		
		0.4683	0.1235	0.1991	0.1303	0.1379	0.1405	0.1272	0.1365	0.1225	0.1219	0.1262	0.1212		0.383	0.1047	0.1415	0.1084	0.1172	0.1159	0.1074	0.1127	0.1013	0.1028	0.102	0.1016		
		0.1278	0.1257	0.1521	0.1486	0.138	0.1379	0.1472	0.1268	0.1305	0.1443	0.1256	0.1312		0.1026	0.1039	0.1222	0.1182	0.1099	0.1144	0.1147	0.1067	0.1095	0.1236	0.1064	0.1107		
		0.1339	0.1216	0.1219	0.1295	0.1255	0.1357	0.131	0.1321	0.1328	0.1523	0.1541	0.1347		0.1031	0.1009	0.1045	0.1077	0.1064	0.1126	0.1082	0.1102	0.1098	0.1284	0.1322	0.1109		
		0.1729	0.1303	0.1225	0.1346	0.1346	0.1309	0.1416	0.1532	0.1291	0.1243	0.1289	0.1455		0.1081	0.1072	0.1014	0.1112	0.1081	0.1096	0.1189	0.1273	0.1096	0.1047	0.1075	0.1049		
		0.1358	0.1357	0.1575	0.1308	0.1432	0.1407	0.141	0.146	0.1262	0.1314	0.1367	0.1307		0.1111	0.1149	0.1346	0.1054	0.1166	0.1161	0.1062	0.1189	0.1037	0.1079	0.1135	0.1104		
		0.1167	0.1649	0.1296	0.1356	0.1376	0.132	0.1311	0.1159	0.1375	0.1319	0.1279	0.1204		0.1015	0.1481	0.1064	0.1148	0.1124	0.1073	0.1083	0.0965	0.1123	0.1076	0.1062	0.1024		
		0.1339	0.1417	0.1365	0.1311	0.1303	0.1293	0.1244	0.1548	0.1307	0.1226	0.1359	0.1386		0.1188	0.1182	0.1077	0.1077	0.1082	0.1071	0.1012	0.1122	0.1085	0.1033	0.1149	0.1157		
		
~End
Copyright © 2003 Molecular Devices. All rights reserved.
