##BLOCKS= 1          
Plate:	Plate#1	1.3	PlateFormat	Endpoint	Absorbance	Raw	FALSE	1						2	490 750	1	12	96	1	8	None	
	Temperature(¡C)	1	2	3	4	5	6	7	8	9	10	11	12		1	2	3	4	5	6	7	8	9	10	11	12		
	22.90	0.1162	0.1423	0.1227	0.1182	0.1149	0.1227	0.1251	0.1349	0.132	0.1173	0.1202	0.1221		0.0987	0.1029	0.106	0.1013	0.1009	0.1059	0.1089	0.1028	0.1012	0.101	0.1033	0.105		
		0.5847	0.1298	0.2867	0.1185	0.1213	0.1153	0.1206	0.1233	0.1252	0.1224	0.1256	0.124		0.4556	0.1057	0.2128	0.101	0.1029	0.0979	0.1042	0.1042	0.1055	0.1055	0.1044	0.1073		
		0.1189	0.1233	0.1186	0.1217	0.1294	0.1179	0.1324	0.1192	0.1147	0.1221	0.1173	0.1236		0.0981	0.1043	0.0982	0.1024	0.1053	0.1022	0.1059	0.1026	0.0987	0.1058	0.1015	0.107		
		0.1199	0.1217	0.1213	0.1164	0.1182	0.1217	0.1251	0.1195	0.1263	0.1246	0.1192	0.1193		0.1027	0.1017	0.1055	0.0974	0.1046	0.1035	0.1078	0.103	0.1072	0.1024	0.1003	0.102		
		0.1742	0.1252	0.1151	0.1186	0.1291	0.1194	0.1215	0.1219	0.1215	0.1225	0.1163	0.1431		0.1051	0.105	0.0983	0.1012	0.106	0.1031	0.106	0.1039	0.1052	0.1059	0.1018	0.106		
		0.1256	0.1341	0.1565	0.1242	0.1251	0.1286	0.1342	0.1253	0.124	0.1252	0.1249	0.1275		0.1064	0.1149	0.1356	0.1032	0.1048	0.1084	0.1063	0.1045	0.104	0.1068	0.1064	0.1098		
		0.1141	0.3394	0.126	0.1186	0.1242	0.1288	0.1154	0.1295	0.12	0.1203	0.116	0.1228		0.1017	0.3061	0.1067	0.1023	0.1041	0.1092	0.0989	0.1112	0.1025	0.1023	0.0993	0.1066		
		0.1226	0.1212	0.122	0.1237	0.1255	0.1206	0.1159	0.1295	0.1232	0.1451	0.116	0.119		0.1054	0.1049	0.1023	0.1049	0.1049	0.1037	0.0997	0.1035	0.105	0.1288	0.1012	0.1019		
		
~End
Copyright © 2003 Molecular Devices. All rights reserved.
