##BLOCKS= 1          
Plate:	Plate#1	1.3	PlateFormat	Endpoint	Absorbance	Raw	FALSE	1						2	490 750	1	12	96	1	8	None	
	Temperature(¡C)	1	2	3	4	5	6	7	8	9	10	11	12		1	2	3	4	5	6	7	8	9	10	11	12		
	22.80	0.1145	0.1418	0.1274	0.1217	0.1183	0.1201	0.1162	0.1375	0.1294	0.1183	0.1204	0.1185		0.097	0.1027	0.111	0.1036	0.1035	0.1029	0.1006	0.1054	0.0996	0.1017	0.1034	0.1025		
		0.4398	0.1245	0.3578	0.1272	0.1228	0.126	0.1165	0.1249	0.1229	0.1203	0.1254	0.1198		0.3942	0.1071	0.243	0.1078	0.1053	0.1058	0.1001	0.1066	0.1053	0.1044	0.1047	0.1036		
		0.114	0.1213	0.1251	0.1665	0.1323	0.1208	0.1315	0.119	0.1231	0.1178	0.1152	0.1335		0.0975	0.1029	0.1028	0.145	0.1076	0.1051	0.1061	0.1031	0.1066	0.1021	0.1011	0.1167		
		0.1199	0.237	0.1194	0.1239	0.1201	0.1193	0.1241	0.1225	0.1229	0.1234	0.1171	0.1167		0.1061	0.2091	0.1104	0.1111	0.1056	0.1061	0.1078	0.1102	0.1062	0.1032	0.1045	0.1045		
		0.1714	0.1231	0.1197	0.1205	0.1311	0.1232	0.121	0.1249	0.119	0.1197	0.1165	0.1416		0.1054	0.1054	0.1028	0.1035	0.1076	0.1062	0.1052	0.1063	0.1032	0.1036	0.1015	0.1044		
		0.1282	0.1213	0.1247	0.1249	0.1392	0.1285	0.1377	0.1325	0.1213	0.1223	0.1219	0.125		0.1091	0.1044	0.1073	0.1048	0.1181	0.1074	0.1078	0.1102	0.1033	0.1043	0.1052	0.107		
		0.1149	0.39	0.1227	0.1142	0.1245	0.1298	0.1218	0.1225	0.1247	0.1166	0.1157	0.1167		0.1005	0.3726	0.1034	0.0984	0.1032	0.1081	0.1039	0.1053	0.1052	0.0994	0.0995	0.1011		
		0.1189	0.1206	0.1232	0.124	0.1311	0.1231	0.1199	0.1331	0.1205	0.2232	0.1143	0.1197		0.1026	0.1055	0.1033	0.1047	0.1105	0.1052	0.1027	0.1045	0.1029	0.2078	0.0995	0.1028		
		
~End
Copyright © 2003 Molecular Devices. All rights reserved.
