##BLOCKS= 1          
Plate:	Plate#1	1.3	PlateFormat	Endpoint	Absorbance	Raw	FALSE	1						2	490 750	1	12	96	1	8	None	
	Temperature(¡C)	1	2	3	4	5	6	7	8	9	10	11	12		1	2	3	4	5	6	7	8	9	10	11	12		
	21.80	0.1381	0.15	0.1464	0.1487	0.1384	0.15	0.1445	0.1601	0.1755	0.1468	0.1514	0.1409		0.1142	0.1073	0.1219	0.1227	0.1163	0.1234	0.1204	0.1118	0.1254	0.1212	0.1242	0.1179		
		0.4893	0.1358	0.2683	0.1451	0.1444	0.1372	0.1395	0.1399	0.1484	0.1498	0.1507	0.1394		0.3636	0.1128	0.182	0.1205	0.1184	0.1128	0.1163	0.1125	0.1206	0.1224	0.1205	0.1154		
		0.1507	0.1503	0.1601	0.1719	0.1583	0.1553	0.17	0.1553	0.1362	0.1484	0.1507	0.1437		0.1277	0.1205	0.125	0.1437	0.1241	0.1276	0.1303	0.1289	0.1124	0.1237	0.1258	0.1197		
		0.1365	0.1491	0.1394	0.1512	0.1504	0.1545	0.1496	0.1741	0.1493	0.1614	0.1436	0.1366		0.1107	0.1225	0.1183	0.1267	0.1238	0.1221	0.1257	0.1396	0.1229	0.1288	0.1241	0.114		
		0.1977	0.143	0.1405	0.1463	0.1628	0.1497	0.154	0.1483	0.1539	0.1504	0.139	0.1741		0.1125	0.1193	0.1165	0.1209	0.1292	0.1233	0.1278	0.1197	0.1268	0.1239	0.1156	0.1186		
		0.1361	0.1415	0.157	0.1362	0.1474	0.1602	0.1658	0.1293	0.1498	0.1461	0.1398	0.1386		0.113	0.1172	0.1269	0.1105	0.1188	0.1277	0.1278	0.1043	0.1231	0.1192	0.1143	0.1153		
		0.1338	0.2463	0.1369	0.1504	0.1324	0.1416	0.1495	0.1408	0.164	0.157	0.1443	0.139		0.1113	0.2324	0.11	0.1235	0.1074	0.1134	0.127	0.1167	0.1369	0.1307	0.1175	0.1155		
		0.143	0.144	0.1615	0.146	0.1319	0.1384	0.1432	0.2572	0.1423	0.1507	0.1401	0.1432		0.1173	0.1203	0.1334	0.1172	0.1069	0.1145	0.1193	0.1966	0.1172	0.1263	0.1175	0.1182		
		
~End
Copyright © 2003 Molecular Devices. All rights reserved.
