##BLOCKS= 1          
Plate:	Plate#1	1.3	PlateFormat	Endpoint	Absorbance	Raw	FALSE	1						2	490 750	1	12	96	1	8	None	
	Temperature(¡C)	1	2	3	4	5	6	7	8	9	10	11	12		1	2	3	4	5	6	7	8	9	10	11	12		
	21.90	0.6535	1.0657	0.5177	0.3251	0.5205	1.9132	0.3629	0.4801	0.6641	0.2846	0.3329	1.3965		0.3153	0.4884	0.2063	0.1407	0.2448	1.338	0.1434	0.2424	0.4229	0.1456	0.12	1.0326		
		0.5205	0.4054	1.3189	0.2055	0.3027	0.2799	0.7957	0.6904	0.8288	0.2123	0.2111	0.8683		0.4323	0.2168	1.0039	0.1171	0.1475	0.1378	0.5875	0.5079	0.5618	0.1349	0.1172	0.5915		
		0.3197	0.1374	0.3106	0.3048	0.2728	0.3075	0.3659	0.636	0.4697	0.35	0.9131	0.8587		0.1715	0.106	0.1653	0.1465	0.1368	0.1871	0.2689	0.3509	0.2043	0.1835	0.5681	0.4979		
		0.3101	1.0798	0.3618	0.5765	0.2504	0.6319	0.3408	0.4474	0.8579	0.4123	0.4156	0.3778		0.1613	0.7741	0.1575	0.3485	0.1282	0.2711	0.1512	0.1942	0.6114	0.2194	0.1731	0.1461		
		0.3561	0.5858	0.3402	0.4128	0.7262	0.2758	0.5584	0.3163	0.9237	0.3659	0.4654	1.2809		0.1794	0.154	0.1826	0.1979	0.4924	0.1311	0.2663	0.167	0.6615	0.1748	0.1942	0.9238		
		0.735	0.9543	0.5058	1.4533	0.637	1.1007	0.2682	0.2875	0.533	0.2717	0.2157	0.7563		0.5649	0.6547	0.3188	1.0327	0.3331	0.4749	0.1395	0.2013	0.2758	0.1404	0.1211	0.3663		
		0.5058	1.0115	0.7142	0.749	0.1725	0.2543	0.2664	0.4076	0.5752	0.5592	0.5248	0.6062		0.3356	0.576	0.4669	0.4877	0.1233	0.1799	0.144	0.1823	0.3021	0.266	0.2735	0.3914		
		0.6053	0.4235	0.2651	1.0356	0.4307	0.3771	0.4263	0.2979	0.3108	0.4116	0.2092	0.3823		0.3797	0.2223	0.1363	0.5273	0.3325	0.184	0.2597	0.1579	0.1592	0.2198	0.1143	0.2055		
		
~End
Copyright © 2003 Molecular Devices. All rights reserved.
