##BLOCKS= 1          
Plate:	Plate#1	1.3	PlateFormat	Endpoint	Absorbance	Raw	FALSE	1						2	490 750	1	12	96	1	8	None	
	Temperature(¡C)	1	2	3	4	5	6	7	8	9	10	11	12		1	2	3	4	5	6	7	8	9	10	11	12		
	22.50	0.1911	0.4253	0.1957	0.1887	0.1875	0.183	0.1771	0.2523	1.1428	0.1637	0.2251	0.1642		0.1282	0.3302	0.1519	0.1498	0.1465	0.1456	0.1298	0.1913	0.8786	0.1363	0.1379	0.1324		
		0.619	0.2091	0.3447	0.2116	0.2621	0.1853	0.1903	0.4974	0.1715	0.1991	0.204	0.2996		0.4862	0.1507	0.2415	0.1534	0.2141	0.1379	0.1376	0.3906	0.1396	0.1521	0.1351	0.2434		
		0.2021	0.1472	0.2063	0.1614	0.3058	0.5276	0.2958	0.2454	0.2056	0.3538	0.22	0.2712		0.1434	0.1197	0.163	0.1344	0.1956	0.4171	0.2288	0.1664	0.15	0.2942	0.1734	0.2152		
		0.2605	0.1851	0.1773	0.2032	0.1993	0.1723	0.4952	0.2497	0.5696	0.2701	0.3845	0.2316		0.1955	0.1621	0.1458	0.1584	0.1487	0.1413	0.3463	0.1643	0.4523	0.2194	0.2944	0.1606		
		0.3402	0.1487	0.2041	0.2386	0.1821	0.2445	0.3164	0.2002	0.4643	0.2022	0.5638	0.4617		0.1847	0.1254	0.1562	0.1856	0.1509	0.1848	0.2568	0.1588	0.3791	0.1616	0.4197	0.3399		
		0.4672	1.2221	0.6302	0.7822	0.1598	0.1872	0.2577	0.4532	0.1861	0.2114	0.2015	0.5845		0.2454	0.5955	0.461	0.5102	0.1339	0.149	0.1493	0.304	0.1468	0.1572	0.156	0.4499		
		0.2524	0.1734	0.304	0.6605	0.1421	0.1915	0.3353	0.4931	0.2102	0.3992	0.2931	0.6446		0.232	0.1449	0.2293	0.3768	0.121	0.1452	0.2187	0.3051	0.1676	0.2883	0.1726	0.4006		
		0.2099	0.8889	0.2002	0.3794	0.4498	0.4362	0.2146	0.2256	0.2234	0.1726	0.1926	0.1995		0.199	0.5658	0.1611	0.2264	0.2785	0.3002	0.1615	0.1438	0.145	0.1377	0.1476	0.1436		
		
~End
Copyright © 2003 Molecular Devices. All rights reserved.
