##BLOCKS= 1          
Plate:	Plate#1	1.3	PlateFormat	Endpoint	Absorbance	Raw	FALSE	1						2	490 750	1	12	96	1	8	None	
	Temperature(¡C)	1	2	3	4	5	6	7	8	9	10	11	12		1	2	3	4	5	6	7	8	9	10	11	12		
	22.60	0.2105	0.8647	0.1999	0.211	0.2431	0.2487	0.233	0.2206	1.2749	0.1957	0.2181	0.1725		0.147	0.5983	0.1561	0.1659	0.2	0.1965	0.1539	0.1666	0.9766	0.1651	0.1304	0.1411		
		0.4854	0.1847	0.6282	0.3	0.343	0.2162	0.196	0.7835	0.1506	0.173	0.1935	0.2052		0.426	0.1347	0.4486	0.2083	0.287	0.1595	0.155	0.631	0.1244	0.139	0.1314	0.1634		
		0.18	0.1595	0.1998	0.2081	0.2678	0.4465	0.3714	0.2279	0.2125	0.4494	0.1776	0.3694		0.1457	0.1346	0.1575	0.1632	0.1936	0.3132	0.2867	0.1641	0.1541	0.3629	0.142	0.292		
		0.2253	0.2141	0.2705	0.359	0.2054	0.2089	0.7122	0.2187	0.7777	0.3038	0.8255	0.2609		0.1772	0.1731	0.2128	0.2777	0.1417	0.1637	0.5177	0.1661	0.6476	0.2441	0.6777	0.1902		
		0.374	0.1637	0.2674	0.4753	0.1673	0.1932	0.4682	0.207	0.4056	0.2203	0.8659	0.9643		0.1924	0.1395	0.1938	0.3821	0.138	0.1472	0.3758	0.1573	0.3307	0.1743	0.6373	0.7547		
		0.6318	0.8796	0.4208	1.1891	0.1709	0.1897	0.2956	0.299	0.1821	0.2407	0.1883	1.3893		0.3504	0.5109	0.3087	0.7472	0.1439	0.1488	0.174	0.227	0.1374	0.1776	0.1459	0.4432		
		0.4039	0.1905	0.2152	0.5702	0.1526	0.2044	0.3801	0.4833	0.2688	0.453	0.2733	0.2643		0.2446	0.1633	0.167	0.367	0.1292	0.1427	0.2461	0.3067	0.2036	0.3229	0.1831	0.1472		
		0.2562	0.4464	0.1913	0.3608	0.7312	0.4058	0.22	0.2152	0.2476	0.1824	0.2366	0.1929		0.1708	0.2795	0.1556	0.2493	0.4204	0.2769	0.1396	0.1727	0.1697	0.1434	0.1549	0.1382		
		
~End
Copyright © 2003 Molecular Devices. All rights reserved.
