##BLOCKS= 1          
Plate:	Plate#1	1.3	PlateFormat	Endpoint	Absorbance	Raw	FALSE	1						2	490 750	1	12	96	1	8	None	
	Temperature(¡C)	1	2	3	4	5	6	7	8	9	10	11	12		1	2	3	4	5	6	7	8	9	10	11	12		
	22.10	0.2204	0.2212	0.1836	0.1808	0.1812	1.0689	0.2604	0.1572	0.2201	0.2502	0.2647	0.1855		0.1401	0.1433	0.1401	0.1385	0.1383	0.9415	0.1909	0.1184	0.1714	0.2077	0.1418	0.1451		
		0.4087	0.1553	0.3832	0.2211	0.2694	0.2123	0.1867	0.5893	2.7705	0.2166	0.2237	0.2224		0.3732	0.1193	0.2823	0.1547	0.2049	0.1445	0.1324	0.4657	1.8292	0.158	0.1511	0.1688		
		0.207	0.1865	0.1579	0.2408	0.1922	0.2023	0.1597	0.1772	0.1782	0.1957	0.2025	0.1742		0.1439	0.1452	0.1248	0.1805	0.1348	0.1384	0.1301	0.1347	0.1342	0.1472	0.1509	0.1388		
		0.2832	0.1791	0.1831	0.2236	0.2193	0.2023	0.2076	0.2536	0.1987	0.1692	0.2158	0.1762		0.1711	0.1319	0.1309	0.1547	0.1479	0.1393	0.1473	0.1847	0.1489	0.1291	0.164	0.1345		
		0.2114	0.1823	0.1646	0.2081	0.1817	0.2121	0.5403	0.1786	0.2828	0.1873	0.2387	0.1659		0.1355	0.1344	0.1241	0.1534	0.1451	0.1474	0.4381	0.144	0.2205	0.1435	0.1725	0.1171		
		0.2715	1.0837	0.2719	0.4698	0.1746	0.1786	0.2734	0.3385	0.1712	0.2049	0.2197	0.1973		0.227	0.841	0.2237	0.383	0.1362	0.1351	0.164	0.2603	0.1311	0.1488	0.1654	0.1517		
		0.1779	0.3212	0.2238	0.1821	0.152	0.1731	0.2135	0.2183	0.2169	0.2095	0.3471	0.2377		0.1349	0.2988	0.1834	0.1429	0.1239	0.1398	0.1475	0.1447	0.1476	0.1474	0.2375	0.1596		
		0.1818	0.2063	0.1749	0.2366	0.8443	0.2684	0.2744	0.2067	0.2417	0.1849	0.2072	0.1813		0.1363	0.142	0.1308	0.1961	0.7093	0.1958	0.1858	0.1493	0.1558	0.1343	0.1402	0.1275		
		
~End
Copyright © 2003 Molecular Devices. All rights reserved.
