##BLOCKS= 1          
Plate:	Plate#1	1.3	PlateFormat	Endpoint	Absorbance	Raw	FALSE	1						2	490 750	1	12	96	1	8	None	
	Temperature(¡C)	1	2	3	4	5	6	7	8	9	10	11	12		1	2	3	4	5	6	7	8	9	10	11	12		
	22.20	0.2158	0.2229	0.1934	0.1744	0.1811	1.0351	0.3583	0.1577	0.1636	0.3015	0.3422	0.2801		0.1477	0.13	0.1457	0.1312	0.1392	0.9009	0.2907	0.1196	0.1226	0.2515	0.1997	0.2263		
		0.6394	0.1598	0.4067	0.2241	0.2743	0.1928	0.2188	0.6726	1.0064	0.1959	0.2234	0.2174		0.5259	0.1167	0.299	0.1526	0.2222	0.1395	0.1519	0.5208	0.8857	0.1433	0.1518	0.1704		
		0.3348	0.1664	0.1577	0.2213	0.1854	0.2052	0.1724	0.1964	0.1938	0.2067	0.1931	0.2804		0.2176	0.13	0.1246	0.1597	0.1306	0.1432	0.1398	0.143	0.1376	0.1506	0.1451	0.2345		
		0.2258	0.2208	0.2133	0.2002	0.2094	0.1826	0.2372	0.2781	0.2046	0.1939	0.2683	0.1687		0.1484	0.1613	0.1483	0.1393	0.1494	0.1409	0.1682	0.2191	0.1559	0.1504	0.2001	0.1329		
		0.218	0.338	0.1583	0.192	0.2086	0.2073	0.6472	0.1745	0.2633	0.1986	0.2008	0.1987		0.1278	0.2659	0.1223	0.1408	0.1673	0.1475	0.535	0.1366	0.201	0.1463	0.1484	0.1433		
		0.3002	0.9194	0.3808	0.3401	0.1709	0.1844	0.2678	0.3243	0.1868	0.1935	0.1854	0.1882		0.2166	0.7604	0.3122	0.2741	0.1381	0.1357	0.1615	0.2548	0.1405	0.1419	0.1395	0.1487		
		0.1878	0.3307	0.2502	0.2779	0.1508	0.235	0.1865	0.2394	0.2134	0.2083	0.2024	0.2611		0.1448	0.2892	0.2086	0.23	0.1229	0.1966	0.1365	0.1582	0.1503	0.1446	0.1375	0.1832		
		0.1856	0.2816	0.1837	0.2209	0.4364	0.2323	0.2939	0.2327	0.2346	0.1914	0.1911	0.1893		0.1413	0.1918	0.137	0.1821	0.3507	0.1696	0.204	0.1907	0.1536	0.1392	0.1382	0.1356		
		
~End
Copyright © 2003 Molecular Devices. All rights reserved.
