##BLOCKS= 1          
Plate:	Plate#1	1.3	PlateFormat	Endpoint	Absorbance	Raw	FALSE	1						2	490 750	1	12	96	1	8	None	
	Temperature(¡C)	1	2	3	4	5	6	7	8	9	10	11	12		1	2	3	4	5	6	7	8	9	10	11	12		
	22.30	0.2006	0.2218	0.2843	0.1763	0.1607	0.8213	0.2089	0.1656	0.165	0.219	0.2641	0.1793		0.1307	0.133	0.2215	0.1329	0.1278	0.7118	0.1549	0.126	0.1238	0.1775	0.1388	0.1415		
		0.4917	0.1535	0.4182	0.2736	0.2681	0.2361	0.1988	0.8434	1.0447	0.2052	0.2115	0.4095		0.4585	0.1178	0.3018	0.1754	0.2113	0.1598	0.1412	0.6587	0.9165	0.1497	0.1446	0.3442		
		0.3491	0.1644	0.1746	0.2311	0.1872	0.2135	0.1626	0.1907	0.2048	0.2033	0.2214	0.2897		0.2418	0.1286	0.1353	0.1677	0.1323	0.1445	0.1329	0.138	0.1483	0.1481	0.162	0.2458		
		0.249	0.2052	0.2062	0.2248	0.2316	0.1813	0.1971	0.7867	0.1894	0.2256	0.2064	0.1869		0.1844	0.1493	0.1525	0.1581	0.1609	0.1411	0.1537	0.6772	0.143	0.1653	0.1503	0.1445		
		0.2185	0.2008	0.1729	0.2313	0.2279	0.2168	0.6449	0.1922	0.2605	0.19	0.1913	0.1724		0.1329	0.1565	0.1338	0.1747	0.1846	0.1529	0.5331	0.1504	0.2041	0.1434	0.1399	0.1227		
		0.2214	0.7703	0.4467	0.5359	0.1806	0.1877	0.2707	0.3677	0.1904	0.1924	0.1747	0.1911		0.185	0.591	0.3608	0.4459	0.1444	0.1377	0.1636	0.28	0.1446	0.1401	0.1373	0.147		
		0.1662	0.3098	0.2307	0.1762	0.1605	0.2392	0.1949	0.2323	0.2575	0.2001	0.1995	0.265		0.1297	0.2909	0.1882	0.1385	0.1281	0.2	0.1405	0.1543	0.1667	0.1393	0.1369	0.1803		
		0.1784	0.2424	0.1907	0.1895	0.7276	0.2629	0.2325	0.2036	0.2151	0.1751	0.1707	0.1875		0.13	0.1691	0.1459	0.1571	0.6088	0.1892	0.1501	0.1474	0.1428	0.1279	0.1289	0.132		
		
~End
Copyright © 2003 Molecular Devices. All rights reserved.
