##BLOCKS= 1          
Plate:	Plate#1	1.3	PlateFormat	Endpoint	Absorbance	Raw	FALSE	1						2	490 750	1	12	96	1	8	None	
	Temperature(¡C)	1	2	3	4	5	6	7	8	9	10	11	12		1	2	3	4	5	6	7	8	9	10	11	12		
	21.40	0.2989	0.1583	0.1654	0.19	0.1949	0.168	0.159	0.182	0.2628	0.1621	0.2614	0.2269		0.2336	0.1084	0.1359	0.1558	0.1597	0.1349	0.1275	0.1352	0.1929	0.1328	0.1484	0.1752		
		0.6097	0.1668	0.2579	0.1709	0.1658	0.1688	0.1617	0.1462	0.1668	0.1804	0.2064	0.1652		0.4519	0.1333	0.1812	0.1391	0.1354	0.1368	0.1323	0.115	0.1332	0.1444	0.1449	0.1299		
		0.1774	0.1743	0.181	0.1988	0.1828	0.1788	0.1961	0.1787	0.1593	0.1912	0.1748	0.2153		0.1393	0.1391	0.1444	0.1537	0.1358	0.1453	0.1558	0.147	0.1307	0.1525	0.1409	0.1701		
		0.1721	0.1676	0.1798	0.178	0.17	0.1754	0.1741	0.1746	0.1694	0.1838	0.2268	0.1496		0.152	0.1402	0.1507	0.1512	0.1442	0.148	0.1493	0.144	0.1402	0.1492	0.1885	0.1248		
		0.253	0.1609	0.1621	0.1678	0.1761	0.1724	0.1796	0.1714	0.1757	0.1736	0.1735	0.2077		0.1449	0.1321	0.1319	0.1366	0.1403	0.1396	0.147	0.1389	0.1435	0.1395	0.1404	0.1403		
		0.1729	0.1788	0.1691	0.1753	0.1686	0.211	0.2691	0.1734	0.1822	0.1789	0.1656	0.3538		0.1718	0.1412	0.139	0.1405	0.139	0.1441	0.1624	0.1344	0.149	0.1464	0.1352	0.292		
		0.1673	1.0142	0.1607	0.1787	0.1697	0.1582	0.18	0.1616	0.1847	0.1755	0.1691	0.1634		0.1382	0.6342	0.1326	0.1457	0.1364	0.1306	0.141	0.1308	0.1451	0.136	0.138	0.1348		
		0.2156	0.1683	0.1641	0.1748	0.171	0.2013	0.301	0.1987	0.1955	0.1617	0.1921	0.1818		0.2037	0.1351	0.1287	0.1413	0.1347	0.1583	0.2406	0.1473	0.141	0.1269	0.152	0.1442		
		
~End
Copyright © 2003 Molecular Devices. All rights reserved.
