##BLOCKS= 1          
Plate:	Plate#1	1.3	PlateFormat	Endpoint	Absorbance	Raw	FALSE	1						2	490 750	1	12	96	1	8	None	
	Temperature(¡C)	1	2	3	4	5	6	7	8	9	10	11	12		1	2	3	4	5	6	7	8	9	10	11	12		
	22.80	0.2568	1.1836	0.2665	2.6736	0.2503	0.7962	1.2556	1.5678	1.4195	1.8533	3.0776	1.9938		0.1629	0.6379	0.1823	1.5286	0.1565	0.5109	0.6552	1.256	1.0217	1.2859	0.8941	1.4795		
		0.4187	2.061	2.0326	0.3538	2.2323	1.926	2.1255	1.2264	1.8706	0.9656	2.0611	2.1325		0.3231	1.3285	1.3192	0.2207	1.3592	1.3939	1.4931	0.8301	1.3687	0.5602	1.4163	1.567		
		1.4646	0.2548	1.6665	1.5745	1.3778	2.0879	0.3782	2.0202	2.8864	1.999	2.4033	2.1796		0.8164	0.1828	0.8178	1.0309	0.896	1.1444	0.2465	1.3477	1.9621	1.2161	1.6478	1.5759		
		1.7576	2.2442	0.2429	2.1197	0.365	2.268	0.3309	1.811	0.3378	0.514	2.2968	2.2259		1.2775	1.5854	0.1684	1.0127	0.2373	1.403	0.2179	1.1659	0.2131	0.3068	1.1681	1.3896		
		1.9468	1.4944	0.2617	1.2414	2.1249	2.8002	2.6085	0.4099	2.1651	0.3422	0.3491	1.9934		1.2377	0.6847	0.1747	0.8315	1.3871	1.5939	1.7892	0.2521	1.0865	0.2176	0.2205	1.0783		
		1.0581	0.9764	1.4662	1.7444	0.9169	2.1926	1.3422	0.3766	0.4191	1.1926	1.9362	2.4398		0.7964	0.605	0.655	1.1518	0.6711	1.1455	0.5986	0.2579	0.2728	0.6399	0.8104	0.9571		
		0.4224	1.5349	1.0158	0.8902	1.5841	0.3243	0.5329	1.5788	0.4965	1.3151	0.981	1.8376		0.2556	1.0495	0.7128	0.4784	0.8216	0.2227	0.3284	1.0776	0.3126	0.8252	0.5515	0.9252		
		0.4475	1.6736	2.0356	1.132	1.9791	1.2454	1.5085	0.2721	0.26	0.2507	0.2241	0.2806		0.2755	0.7597	1.1518	0.6761	0.9788	0.7684	0.9142	0.1487	0.1631	0.1643	0.1433	0.1729		
		
~End
Copyright © 2003 Molecular Devices. All rights reserved.
