##BLOCKS= 1          
Plate:	Plate#1	1.3	PlateFormat	Endpoint	Absorbance	Raw	FALSE	1						2	490 750	1	12	96	1	8	None	
	Temperature(¡C)	1	2	3	4	5	6	7	8	9	10	11	12		1	2	3	4	5	6	7	8	9	10	11	12		
	22.70	0.3496	1.1042	0.2589	2.5768	0.2501	0.6798	1.4369	1.474	1.5591	2.0059	3.0292	2.2048		0.2345	0.6323	0.1739	1.425	0.1558	0.4382	0.7196	1.1583	1.0962	1.4139	0.9014	1.6022		
		0.4111	1.6914	2.114	0.3399	1.9991	2.0133	2.4158	1.1564	1.9462	0.8616	2.0415	2.3705		0.3294	1.1149	1.3886	0.219	1.0933	1.4577	1.7993	0.7673	1.4229	0.4885	1.4366	1.7322		
		1.533	0.2666	1.9583	1.4408	1.434	1.9369	0.3645	2.292	2.7075	2.2177	2.2609	2.1262		0.8663	0.1895	0.9273	0.8911	0.9391	0.9895	0.2342	1.4827	1.6225	1.4472	1.5318	1.5325		
		1.9709	2.2547	0.2729	2.2869	0.3971	2.0722	0.3181	1.852	0.3357	0.544	2.0417	2.2463		1.4337	1.5908	0.1857	1.0996	0.2614	1.263	0.2111	1.1279	0.2086	0.3294	1.1007	1.3675		
		2.0805	1.4656	0.2511	1.4543	1.9388	2.6175	2.623	0.3983	2.2761	0.3309	0.3587	1.8841		1.3856	0.631	0.1716	0.9669	1.2356	1.4014	1.7396	0.2496	1.1008	0.2187	0.2313	0.8809		
		1.06	0.9412	1.6019	1.7015	0.9134	2.3264	1.5923	0.3579	0.4448	1.2075	1.8783	1.9479		0.7591	0.5887	0.7061	1.1312	0.6689	1.2132	0.7654	0.2465	0.2864	0.6536	0.7182	0.806		
		0.5088	1.7294	1.099	1.142	1.5062	0.3261	0.5362	1.5236	0.4705	1.1854	1.2201	1.6113		0.3142	1.1259	0.7792	0.6053	0.782	0.2244	0.3302	1.0137	0.3008	0.7279	0.6923	0.8371		
		0.4657	1.9571	2.2424	1.0422	1.9824	1.2725	1.4374	0.2257	0.2901	0.2747	0.2681	0.2906		0.2978	0.9632	1.2617	0.626	0.9798	0.8165	0.8443	0.146	0.1848	0.1774	0.1698	0.1883		
		
~End
Copyright © 2003 Molecular Devices. All rights reserved.
