##BLOCKS= 1          
Plate:	Plate#1	1.3	PlateFormat	Endpoint	Absorbance	Raw	FALSE	1						2	490 750	1	12	96	1	8	None	
	Temperature(¡C)	1	2	3	4	5	6	7	8	9	10	11	12		1	2	3	4	5	6	7	8	9	10	11	12		
	22.10	0.2665	1.498	0.4579	2.3781	0.1416	2.5977	3.3303	0.4482	2.5878	3.1206	2.3387	1.9354		0.2014	0.8747	0.3372	1.3923	0.1099	1.546	1.6471	0.336	1.4508	1.6928	1.135	1.1483		
		0.7058	2.6493	2.7447	2.0155	1.7188	0.4744	2.7916	1.3026	1.9972	1.6846	1.6297	2.3185		0.575	1.4831	1.5667	1.2963	0.9934	0.3571	1.0776	0.7313	1.1641	0.8286	0.5288	1.3643		
		1.3639	0.1958	1.0904	1.856	2.1382	1.9199	0.3997	2.7836	2.464	3.0402	2.3845	2.5268		0.848	0.1527	0.8441	1.0355	0.9129	0.8072	0.2897	1.2338	1.212	1.6369	1.4584	1.5318		
		3.1074	2.2147	2.1409	1.7649	0.5027	2.1551	0.6811	2.39	2.4179	0.495	2.2888	2.8527		1.7377	1.4539	1.3395	1.1023	0.3745	1.0559	0.5291	1.3809	1.1745	0.3399	1.4801	1.509		
		0.5683	1.3447	0.3507	2.8979	0.4462	2.2804	2.3383	0.4057	2.3364	3.046	0.6402	2.1085		0.3759	0.778	0.2685	1.449	0.3302	1.4673	1.4809	0.3022	1.3429	1.5008	0.4932	1.2736		
		0.4753	1.1491	1.0152	1.1311	0.6882	0.9238	0.8464	0.4901	0.4707	0.373	0.9037	1.3657		0.3697	0.7368	0.7535	0.7982	0.5105	0.6392	0.6163	0.3732	0.3512	0.269	0.6871	1		
		0.6416	2.1102	0.5941	1.086	1.6927	0.4114	0.463	0.4049	0.427	0.2729	0.3943	0.6507		0.5014	1.4116	0.4268	0.8298	1.2537	0.2981	0.3616	0.2666	0.328	0.211	0.2905	0.4232		
		0.5711	0.5242	0.3655	0.4608	0.3664	0.3592	0.2798	0.3319	0.3053	0.2695	0.2423	0.2156		0.4561	0.3516	0.2742	0.3302	0.2565	0.2687	0.2127	0.2542	0.2303	0.1989	0.1871	0.1629		
		
~End
Copyright © 2003 Molecular Devices. All rights reserved.
