##BLOCKS= 1          
Plate:	Plate#1	1.3	PlateFormat	Endpoint	Absorbance	Raw	FALSE	1						2	490 750	1	12	96	1	8	None	
	Temperature(¡C)	1	2	3	4	5	6	7	8	9	10	11	12		1	2	3	4	5	6	7	8	9	10	11	12		
	22.00	0.3524	1.8585	0.3745	2.7392	0.1551	2.6099	2.5004	0.6601	2.6703	2.7856	2.9573	2.2745		0.2578	0.8999	0.2807	1.6148	0.1216	1.599	1.2073	0.5046	1.4534	1.3922	1.4699	1.3612		
		0.6036	2.8906	2.5821	2.5093	2.4156	0.5859	3.0688	1.1643	2.3754	1.2476	1.6447	1.7465		0.4944	1.4495	1.5106	1.6106	1.4023	0.4405	1.5586	0.6313	1.4682	0.5856	0.5947	0.9994		
		1.2978	0.1716	1.2823	2.4773	2.4845	2.1081	0.4783	3.0117	2.7076	2.4942	2.0637	2.0779		0.8159	0.1374	1.0065	1.327	1.0435	0.8558	0.3482	1.4234	1.2941	1.3315	1.2777	1.2581		
		2.7557	2.0357	2.047	2.091	0.5332	2.6821	0.7369	2.8851	2.8455	0.5956	1.8856	2.7624		1.4089	1.3236	1.2959	1.2909	0.4029	1.4352	0.4902	1.6909	1.4598	0.44	1.1961	1.4323		
		0.6375	1.0981	0.3276	2.909	0.5514	2.4724	2.5477	0.5268	2.2771	2.4626	0.7021	1.9221		0.4137	0.5769	0.2499	1.5378	0.4317	1.5835	1.5878	0.3987	1.324	1.1352	0.5422	1.1364		
		0.7979	0.9942	1.1336	1.0053	0.5261	0.7691	0.7303	0.4142	0.4393	0.4514	1.1869	1.0662		0.5583	0.6518	0.8678	0.7017	0.3921	0.5494	0.5338	0.3085	0.3283	0.3416	0.9196	0.7148		
		0.7458	2.353	0.7547	0.9023	1.4216	0.4155	0.4161	0.4298	0.5049	0.2389	0.3714	0.6266		0.5683	1.6407	0.5475	0.6936	0.9659	0.3066	0.3289	0.2843	0.3901	0.188	0.2739	0.437		
		0.4087	0.739	0.4617	0.4798	0.4045	0.5501	0.2338	0.3671	0.2817	0.3109	0.3356	0.3221		0.2955	0.5043	0.3463	0.3467	0.2827	0.4089	0.1824	0.2748	0.2154	0.2335	0.2551	0.2411		
		
~End
Copyright © 2003 Molecular Devices. All rights reserved.
