##BLOCKS= 1          
Plate:	Plate#1	1.3	PlateFormat	Endpoint	Absorbance	Raw	FALSE	1						2	490 750	1	12	96	1	8	None	
	Temperature(¡C)	1	2	3	4	5	6	7	8	9	10	11	12		1	2	3	4	5	6	7	8	9	10	11	12		
	22.00	0.3842	1.9943	0.4076	2.8804	0.1893	2.7963	2.1688	0.6471	2.804	2.9535	2.3021	2.0465		0.2877	0.8603	0.3068	1.6302	0.1423	1.7346	1.0829	0.4889	1.5514	1.4675	1.1415	1.3214		
		0.7042	3.1105	2.487	2.6529	2.1785	0.5693	2.8555	1.4024	1.7505	1.2806	1.842	1.6777		0.5813	1.5802	1.4551	1.6677	1.2686	0.425	1.2149	0.7796	1.0431	0.55	0.6452	0.9717		
		1.4838	0.1887	1.0445	1.8873	2.2511	2.0708	0.4415	2.8679	2.9563	2.8901	2.0749	1.9807		0.9508	0.1461	0.8295	1.179	0.8962	0.9123	0.3172	1.4067	1.4704	1.6078	1.276	1.2196		
		2.3214	2.297	2.1528	2.6141	0.526	2.282	0.6802	2.7585	2.6604	0.6562	2.5177	2.7204		1.0825	1.4631	1.3723	1.5986	0.3884	1.1698	0.5366	1.604	1.3824	0.4711	1.5762	1.3932		
		0.6682	1.1856	0.2801	3.0366	0.4959	1.9887	2.6569	0.4177	2.4406	2.5602	0.4384	2.424		0.4117	0.6378	0.2131	1.6362	0.3477	1.2856	1.714	0.3119	1.413	1.235	0.3393	1.2958		
		0.6112	1.1829	1.0944	0.8755	0.5687	0.7344	0.8282	0.4541	0.4943	0.4128	1.0773	1.1359		0.4143	0.8	0.8307	0.6	0.43	0.5199	0.5939	0.3354	0.3736	0.3063	0.8396	0.7971		
		0.6593	2.1326	0.6853	0.9687	1.2913	0.4055	0.4109	0.4078	0.4481	0.2586	0.5244	0.7299		0.605	1.4646	0.498	0.7435	0.9034	0.2891	0.3163	0.2676	0.3448	0.2022	0.3909	0.4661		
		0.4239	0.636	0.3766	0.4694	0.3505	0.4257	0.3151	0.2927	0.3338	0.3308	0.398	0.4307		0.3251	0.4542	0.28	0.3391	0.2488	0.322	0.2434	0.2228	0.2531	0.2481	0.3023	0.3268		
		
~End
Copyright © 2003 Molecular Devices. All rights reserved.
