##BLOCKS= 1          
Plate:	Plate#1	1.3	PlateFormat	Endpoint	Absorbance	Raw	FALSE	1						2	490 750	1	12	96	1	8	None	
	Temperature(¡C)	1	2	3	4	5	6	7	8	9	10	11	12		1	2	3	4	5	6	7	8	9	10	11	12		
	21.80	0.7057	2.2768	0.9912	2.5137	0.9045	1.7213	0.8458	1.5567	2.2283	1.5445	1.7178	2.2154		0.2791	1.1284	0.3702	1.6706	0.4244	0.9447	0.34	1.0799	1.3626	1.0606	0.9173	1.2898		
		0.6439	2.0718	1.9478	0.8972	2.0784	0.6087	2.1914	1.1063	1.8101	1.6027	0.1761	2.101		0.4911	1.5394	1.3935	0.4138	1.3477	0.2963	1.4091	0.7557	1.1691	0.8596	0.1173	1.2431		
		0.9544	0.1311	1.3088	1.8456	1.8481	1.7585	1.6084	2.3844	2.1287	2.2881	2.0179	2.3273		0.4812	0.101	0.6708	1.1219	1.1024	1.1998	0.9493	1.7273	1.5022	1.554	1.4107	1.5552		
		2.2247	2.3514	2.1726	1.9701	1.528	1.921	2.0216	1.7701	2.4141	0.7277	2.1429	1.8247		1.5404	1.514	1.4683	1.3644	0.8593	1.3526	1.2501	1.0387	1.5514	0.3483	1.4548	1.3368		
		0.9809	1.1203	1.3681	2.17	1.0635	2.2501	2.3815	0.9409	1.9937	2.3626	1.2754	2.04		0.3537	0.4904	0.6218	1.5151	0.5679	1.6538	1.4979	0.4168	1.2059	1.5463	0.6677	1.2621		
		1.8205	0.9944	2.1802	2.4042	1.9318	1.6182	1.1005	1.5194	0.7909	1.0935	1.7472	1.8122		0.8709	0.6063	1.0254	1.0692	0.9882	0.8435	0.6171	0.4669	0.3803	0.6446	1.0055	0.9011		
		1.8931	2.0992	1.4819	1.5468	1.3268	2.4092	0.6383	1.3996	0.4782	0.8763	1.5782	1.731		1.0124	1.4068	0.8665	0.802	0.6747	0.9968	0.3275	0.8465	0.2344	0.4561	0.7123	0.9047		
		0.9529	0.9107	1.888	1.2896	0.896	0.7744	1.3679	0.9282	0.5486	0.8408	0.7583	0.5658		0.4147	0.4112	1.3027	0.4991	0.4856	0.3197	0.5341	0.4171	0.2404	0.3681	0.2726	0.2432		
		
~End
Copyright © 2003 Molecular Devices. All rights reserved.
