##BLOCKS= 1          
Plate:	Plate#1	1.3	PlateFormat	Endpoint	Absorbance	Raw	FALSE	1						2	490 750	1	12	96	1	8	None	
	Temperature(¡C)	1	2	3	4	5	6	7	8	9	10	11	12		1	2	3	4	5	6	7	8	9	10	11	12		
	21.10	0.4361	2.3481	0.7328	2.7744	1.218	1.1	1.0715	1.7111	2.2515	1.8032	1.6418	2.2212		0.1925	1.1475	0.3201	1.867	0.4241	0.6768	0.4392	0.9226	1.5178	1.2251	0.7514	1.2816		
		0.6799	2.1592	2.0398	0.6356	2.4159	0.6355	2.396	1.0952	1.9022	1.4748	0.1864	2.3532		0.5527	1.5643	1.3116	0.3108	1.6209	0.2954	1.4662	0.7657	1.2608	0.691	0.122	1.3466		
		1.0305	0.1597	1.1038	1.8888	1.9033	1.7661	1.5059	2.3361	2.0274	2.3368	2.0462	2.2552		0.5042	0.1224	0.5715	1.2003	1.1152	1.227	0.8883	1.6135	1.4543	1.5978	1.413	1.3914		
		2.3615	2.0607	2.1753	2.285	1.7351	2.1078	1.7205	2.3943	2.324	1.0846	1.9925	2.294		1.5935	1.3734	1.474	1.581	0.9649	1.4916	1.1367	1.5921	1.518	0.5029	1.3665	1.5027		
		1.0849	1.2599	0.7296	2.2672	0.8371	1.9602	2.2279	1.5333	2.4052	2.5277	1.5866	2.0421		0.4672	0.5775	0.2729	1.4995	0.4984	1.297	1.3836	0.7586	1.4241	1.6946	0.7488	1.3454		
		1.5599	1.1027	2.7167	2.5628	1.5488	1.8391	1.2041	1.1911	1.0023	1.0687	1.5517	1.5005		0.6353	0.659	1.2136	1.2269	0.8411	0.951	0.7041	0.3924	0.4757	0.6142	0.8145	0.8053		
		1.719	2.1291	1.9374	1.7202	1.7744	2.2913	0.7907	1.6662	0.7962	1.5445	0.7896	2.6959		0.9922	1.4141	1.1825	0.8592	1.091	1.0858	0.4135	1.0315	0.3394	0.8971	0.3485	1.3954		
		1.2899	0.9948	1.4037	1.5283	0.7913	0.6135	0.7179	0.6808	0.7533	1.0067	0.6019	0.6199		0.5178	0.462	0.8446	0.6019	0.4569	0.2746	0.2893	0.3187	0.3058	0.4344	0.2447	0.2656		
		
~End
Copyright © 2003 Molecular Devices. All rights reserved.
