##BLOCKS= 1          
Plate:	Plate#1	1.3	PlateFormat	Endpoint	Absorbance	Raw	FALSE	1						2	490 750	1	12	96	1	8	None	
	Temperature(¡C)	1	2	3	4	5	6	7	8	9	10	11	12		1	2	3	4	5	6	7	8	9	10	11	12		
	21.20	1.2001	2.0625	0.8352	2.6203	1.1672	1.7247	1.4501	1.5721	2.5332	0.742	1.48	2.2079		0.5615	1.0176	0.3588	1.7028	0.4373	1.1101	0.6648	0.8938	1.625	0.5097	0.6712	1.2123		
		0.5929	2.1527	2.0483	1.2378	2.4351	1.0713	2.4717	1.1158	2.282	1.1212	0.1764	2.3431		0.4983	1.569	1.3701	0.4919	1.4867	0.5223	1.4989	0.773	1.3192	0.605	0.1134	1.3475		
		0.864	0.1645	1.348	2.2608	1.7133	1.9451	1.4448	2.2494	1.9415	2.2805	2.0462	2.1044		0.434	0.1265	0.7817	1.4709	1.0113	1.3271	0.8296	1.639	1.4106	1.5586	1.4254	1.2763		
		1.9435	1.9168	2.0679	2.1357	1.673	2.1503	2.3597	2.3532	2.1043	1.5749	1.9647	2.0305		1.426	1.2649	1.4665	1.4895	1.0156	1.5449	1.5188	1.3546	1.3657	0.7732	1.4337	1.4144		
		0.9788	1.5497	0.5339	2.1898	1.0814	2.1692	2.0826	1.0907	2.2064	2.496	1.2214	2.4061		0.4096	0.6449	0.2008	1.4703	0.6367	1.4555	1.2936	0.4207	1.2509	1.709	0.5993	1.4858		
		1.5902	1.1472	2.3203	2.6643	1.8812	1.9761	1.2548	1.1799	1.3186	1.2872	1.5679	1.2384		0.8314	0.6897	1.1146	1.2053	0.9475	1.0769	0.6866	0.4314	0.5874	0.7058	0.922	0.5787		
		1.8061	2.1715	1.3361	1.3922	0.7897	1.7037	0.5904	2.5779	0.6727	0.9206	2.3719	1.3821		1.0539	1.4278	0.8008	0.7404	0.443	0.7939	0.2937	1.7334	0.304	0.4919	1.0877	0.7252		
		2.0654	1.0944	0.9321	1.1968	0.5642	1.1033	0.4998	0.7872	0.606	0.7643	0.8291	0.5838		1.0071	0.488	0.5292	0.4799	0.282	0.4508	0.2282	0.3412	0.2473	0.3148	0.2991	0.2546		
		
~End
Copyright © 2003 Molecular Devices. All rights reserved.
