##BLOCKS= 1          
Plate:	Plate#1	1.3	PlateFormat	Endpoint	Absorbance	Raw	FALSE	1						2	490 750	1	12	96	1	8	None	
	Temperature(¡C)	1	2	3	4	5	6	7	8	9	10	11	12		1	2	3	4	5	6	7	8	9	10	11	12		
	22.30	0.281	0.7604	0.2646	1.3458	0.2801	0.5344	1.467	0.5905	1.3986	0.3578	2.6425	2.1745		0.1583	0.4391	0.1603	0.813	0.1624	0.3229	0.9547	0.3481	0.7774	0.2281	0.9416	1.2527		
		0.4867	0.2508	1.7457	2.4483	2.217	0.7784	1.5699	1.1623	2.3458	0.4757	1.2924	2.3889		0.3848	0.1733	1.1571	1.4047	1.1047	0.4127	0.7821	0.7706	1.0718	0.2738	0.8284	1.0298		
		0.6417	0.1962	1.4049	0.8851	1.2266	1.8128	1.3044	2.3071	0.4366	0.7053	2.2496	1.5105		0.3415	0.1304	0.6783	0.5423	0.7842	0.882	0.5956	1.4331	0.2331	0.4457	1.2691	0.7984		
		2.3258	2.2993	2.6937	1.4937	0.369	2.4595	0.3885	1.8217	0.9174	0.4211	3.2119	2.0057		1.266	1.075	1.3117	0.7714	0.1901	1.3955	0.2019	0.953	0.5102	0.2275	1.3987	1.1106		
		0.9665	0.7403	0.3511	2.6688	1.2392	0.3375	2.359	0.3434	2.5822	0.8694	0.3649	1.7498		0.4645	0.384	0.1891	1.5003	0.7771	0.1683	1.1037	0.2079	1.2458	0.5235	0.1957	0.8247		
		1.1518	0.9886	1.7246	1.4029	0.7994	1.1855	1.058	0.2973	0.325	1.5066	0.8626	2.4995		0.7843	0.4372	0.8402	0.6654	0.3607	0.4321	0.4716	0.1596	0.1969	0.8774	0.3808	1.0332		
		0.4201	1.4308	0.357	1.2901	1.7366	1.3139	0.3901	1.2134	0.7707	0.7075	0.6729	0.9645		0.2885	0.9049	0.2367	0.5497	0.8127	0.6257	0.2026	0.6235	0.4044	0.3535	0.2956	0.4349		
		0.5769	0.3651	0.2995	0.8513	0.3854	1.7793	0.2913	0.2586	1.5231	0.4412	0.3084	0.3678		0.2732	0.1911	0.1574	0.4337	0.2753	0.7479	0.1411	0.1583	0.6522	0.2924	0.1768	0.1994		
		
~End
Copyright © 2003 Molecular Devices. All rights reserved.
