##BLOCKS= 1          
Plate:	Plate#1	1.3	PlateFormat	Endpoint	Absorbance	Raw	FALSE	1						2	490 750	1	12	96	1	8	None	
	Temperature(¡C)	1	2	3	4	5	6	7	8	9	10	11	12		1	2	3	4	5	6	7	8	9	10	11	12		
	22.20	0.2868	1.6028	0.2875	2.9553	0.348	0.6411	0.7688	0.4943	1.385	0.3911	2.4336	1.8369		0.174	0.7253	0.1779	1.6847	0.2196	0.3915	0.4401	0.3268	0.7335	0.252	0.8015	1.1277		
		0.305	0.2013	1.842	2.3062	2.1174	0.8883	2.539	1.0293	1.9502	0.4979	0.6025	1.9222		0.2297	0.1496	1.226	1.3798	1.047	0.5112	1.2523	0.7003	1.1472	0.3187	0.3384	0.9317		
		0.6501	0.1964	1.2285	0.9467	0.99	1.6851	1.5266	2.4965	0.5129	2.4676	2.3125	2.0333		0.351	0.1331	0.5645	0.4763	0.6252	0.776	0.6428	1.4669	0.3328	1.5452	1.2533	1.0257		
		1.6391	1.9135	2.2126	2.6195	0.3491	2.6076	0.3417	1.8292	1.0193	0.4895	3.0741	1.453		0.9453	1.0548	1.0198	1.2733	0.2026	1.4008	0.2015	0.9339	0.6005	0.2602	1.2025	0.8641		
		0.7139	0.8357	0.2996	2.102	1.2649	2.0499	2.5238	0.3321	2.5044	1.4575	0.3572	1.9671		0.3834	0.4093	0.1754	1.0399	0.8093	1.0504	1.0875	0.2111	1.2689	0.9214	0.2108	0.9721		
		1.9668	0.7853	1.1352	1.5351	1.852	1.7703	1.7693	0.3567	0.3418	0.8676	0.7573	1.211		1.3015	0.4146	0.4937	0.8354	0.8065	0.6951	0.8072	0.2483	0.2169	0.4356	0.3458	0.4892		
		0.2779	2.0847	0.3527	0.9053	1.5104	2.0423	0.4401	0.9981	1.5789	0.8335	0.5672	0.8772		0.1834	0.9756	0.2379	0.3599	0.758	0.9417	0.2317	0.5167	0.8438	0.4086	0.2775	0.4264		
		0.5539	0.5568	0.6762	0.7327	0.5857	1.7084	0.4711	0.2961	1.9115	0.3026	0.2364	0.3198		0.304	0.2947	0.3096	0.3814	0.3996	0.7061	0.1868	0.1573	0.8342	0.1892	0.1569	0.1883		
		
~End
Copyright © 2003 Molecular Devices. All rights reserved.
