##BLOCKS= 1          
Plate:	Plate#1	1.3	PlateFormat	Endpoint	Absorbance	Raw	FALSE	1						2	490 750	1	12	96	1	8	None	
	Temperature(¡C)	1	2	3	4	5	6	7	8	9	10	11	12		1	2	3	4	5	6	7	8	9	10	11	12		
	21.50	0.2455	1.1411	0.2003	3.1652	0.2597	3.1521	0.443	0.6526	1.8293	1.3838	2.7273	2.5147		0.1865	0.7728	0.1528	2.0113	0.1901	2.6345	0.3	0.4857	1.2717	1.0291	1.3199	1.6016		
		0.536	2.1762	2.5057	3.3272	2.3908	1.0038	2.2218	1.0498	2.114	0.4016	1.5691	2.3858		0.427	1.4384	1.5792	2.3899	1.4948	0.7205	1.4652	0.7189	1.2955	0.2692	1.0239	1.4387		
		0.5721	0.1379	0.7976	2.5074	1.5128	1.8377	1.968	2.6348	0.4161	2.3767	2.0103	2.0418		0.3821	0.1099	0.5251	1.5483	0.9812	1.1889	0.8571	1.7748	0.2929	1.5961	1.3486	1.3333		
		2.4946	2.3172	2.2437	2.1038	0.4499	3.1772	2.7671	2.1091	1.7188	0.4862	1.8923	2.0843		1.8026	1.5093	1.3953	1.4042	0.3134	2.4765	1.8065	1.4176	1.1481	0.3291	1.2124	1.5055		
		2.3327	1.3132	0.2669	3.2112	1.4799	1.9763	2.0139	0.3553	2.1965	2.1992	0.3121	2.6385		1.4766	0.7851	0.1876	2.4265	1.0519	1.3525	1.2568	0.2568	1.4638	1.4458	0.2295	1.6586		
		2.354	1.0405	1.4329	2.1224	1.9915	2.4238	1.1387	0.3407	0.3532	1.3178	1.5451	2.0212		1.628	0.6852	0.9158	1.382	1.2325	1.5738	0.686	0.2411	0.2592	0.8637	0.8411	0.9928		
		1.222	1.9581	1.4338	1.1671	0.9212	0.6911	0.6043	2.1165	1.2066	1.7334	1.2107	1.9736		0.6259	1.4634	0.9477	0.7811	0.5807	0.495	0.3823	1.2112	0.7588	0.9185	0.7511	1.123		
		0.4117	2.6004	0.6282	0.6997	2.584	1.6351	0.3161	0.2559	1.439	0.2057	0.2324	0.2738		0.2982	1.6192	0.3946	0.4789	1.6776	0.8524	0.2161	0.1638	0.9172	0.1562	0.1805	0.2096		
		
~End
Copyright © 2003 Molecular Devices. All rights reserved.
