##BLOCKS= 1          
Plate:	Plate#1	1.3	PlateFormat	Endpoint	Absorbance	Raw	FALSE	1						2	490 750	1	12	96	1	8	None	
	Temperature(¡C)	1	2	3	4	5	6	7	8	9	10	11	12		1	2	3	4	5	6	7	8	9	10	11	12		
	21.40	0.2666	1.0755	0.2493	2.8854	0.3125	3.0731	0.6441	0.5826	1.6546	0.789	2.6679	2.1734		0.2066	0.7624	0.2044	1.8983	0.2514	2.5208	0.4772	0.4282	1.126	0.5665	1.1889	1.4286		
		0.5342	2.7374	2.2788	2.6119	1.9763	0.9234	2.0969	1.1881	2.0274	0.4588	1.5623	1.8218		0.4266	1.9077	1.4381	1.9286	1.3116	0.6638	1.3579	0.8271	1.3151	0.3291	1.063	1.1663		
		0.6537	0.203	0.6972	1.7763	1.4762	1.5662	1.9645	2.9091	0.52	1.9552	1.8507	1.6896		0.4071	0.172	0.4806	1.1094	0.9632	1.0462	0.8557	1.9559	0.3917	1.3515	1.2356	1.122		
		2.7689	2.1218	2.1156	2.2711	0.5963	3.1679	2.6563	2.0152	2.0763	0.4411	2.0138	1.9081		2.1886	1.39	1.358	1.5227	0.4371	2.352	1.8776	1.3624	1.3537	0.3161	1.2974	1.3539		
		2.1218	1.3039	0.3333	3.1025	1.6023	1.9428	1.8282	0.3379	2.2458	1.7617	0.3285	2.1181		1.366	0.7702	0.2535	2.1995	1.1731	1.3045	1.148	0.2616	1.5304	1.1629	0.2614	1.3728		
		2.1445	1.0136	1.5001	2.0692	2.0451	2.2859	1.5725	0.4789	0.4683	1.2662	1.4754	2.6017		1.5202	0.6669	0.9632	1.3747	1.2493	1.4648	0.9703	0.3632	0.352	0.8385	0.855	1.3502		
		1.2767	2.6119	1.5499	1.1151	1.4875	0.7842	0.571	2.5845	1.297	1.877	1.2736	1.7412		0.6752	1.8848	1.0305	0.7515	1.0091	0.5677	0.3863	1.7646	0.8464	0.9623	0.8074	0.999		
		0.3468	2.2058	0.8526	0.6739	2.1919	1.5459	0.3203	0.2595	1.6391	0.2597	0.2491	0.2463		0.2466	1.3342	0.5537	0.4769	1.4295	0.8208	0.2281	0.1817	1.0599	0.2109	0.2016	0.1881		
		
~End
Copyright © 2003 Molecular Devices. All rights reserved.
