##BLOCKS= 1          
Plate:	Plate#1	1.3	PlateFormat	Endpoint	Absorbance	Raw	FALSE	1						2	490 750	1	12	96	1	8	None	
	Temperature(¡C)	1	2	3	4	5	6	7	8	9	10	11	12		1	2	3	4	5	6	7	8	9	10	11	12		
	21.10	0.9503	2.4296	1.5025	2.9318	0.9608	3.3127	2.6565	2.6946	3.361	3.5152	3.0163	3.6242		0.4146	1.0123	0.5197	1.6671	0.335	2.2916	1.3574	2.0125	2.029	2.7071	1.8355	1.8345		
		0.5988	3.1938	2.6093	3.356	3.5389	2.5163	3.2792	1.8556	3.549	2.2443	2.6108	3.4073		0.4929	2.2507	1.4406	2.2272	2.2297	1.7022	1.9701	1.274	1.9374	1.1771	1.5358	1.6745		
		1.1942	0.3604	1.9054	3.4826	2.455	2.8761	2.5518	3.2209	3.3941	3.2386	3.4469	3.4712		0.6903	0.2348	1.0819	2.6425	1.0574	1.4188	1.1325	2.0236	2.117	1.8411	1.8555	2.0244		
		3.2215	3.1918	3.4806	3.4511	1.7256	3.3605	2.9188	3.1654	3.4439	1.9174	3.2595	2.6535		2.0702	1.7347	2.2373	2.0486	0.9365	2.1043	1.8247	1.6484	2.0424	0.9078	1.448	1.3604		
		3.2457	1.8478	1.008	3.2619	2.2943	3.012	3.3711	1.7786	3.3201	2.7654	3.0538	3.0236		2.6093	0.4849	0.3296	2.0946	1.3861	1.709	2.0402	0.7748	1.7879	1.6729	2.1705	1.669		
		1.7126	1.78	1.7646	2.1731	1.991	3.0536	2.4132	0.7361	1.6934	2.5542	1.3272	2.558		1.1693	0.7739	0.9939	1.2964	1.268	1.2854	1.2856	0.506	0.7202	1.4258	0.7833	1.0712		
		2.0678	3.1896	1.6651	1.9671	1.2719	1.4665	2.1567	1.9794	1.5039	1.2718	1.6979	1.7906		0.93	2.1733	1.0981	1.1086	0.6818	0.9704	1.2494	1.0206	0.814	0.6558	0.8267	0.7237		
		0.7481	1.9555	2.1576	1.7714	1.8464	1.9542	1.3443	0.3226	1.8115	0.8925	0.8381	0.943		0.4038	1.1051	1.3542	1.105	0.8328	0.9098	0.6584	0.2041	0.7604	0.3849	0.2942	0.3621		
		
~End
Copyright © 2003 Molecular Devices. All rights reserved.
