##BLOCKS= 1          
Plate:	Plate#1	1.3	PlateFormat	Endpoint	Absorbance	Raw	FALSE	1						2	490 750	1	12	96	1	8	None	
	Temperature(¡C)	1	2	3	4	5	6	7	8	9	10	11	12		1	2	3	4	5	6	7	8	9	10	11	12		
	21.00	0.9413	2.3707	1.2673	2.2939	1.2476	3.441	3.3145	2.8504	3.4459	3.465	2.9723	3.6404		0.33	0.9981	0.4178	1.3269	0.4508	2.3265	2.1273	2.0562	2.2205	2.6516	1.8521	1.7634		
		0.5254	3.1572	2.6248	3.2755	3.2493	2.6802	3.0021	2.0258	3.5223	2.6777	2.7722	3.5539		0.4694	2.1512	1.4797	2.1732	1.8232	1.756	1.6954	1.3648	2.1485	1.6719	1.7124	1.8894		
		1.5781	0.2639	2.355	3.6036	2.8125	2.4896	2.028	3.0985	3.24	3.1758	3.3324	3.4612		0.7789	0.174	1.2959	2.6925	1.2447	1.2967	0.7908	1.9245	1.9964	1.7803	1.6364	2.1099		
		3.3175	3.1663	3.3228	3.449	1.9599	3.292	2.979	3.3055	3.3038	2.0163	3.254	2.7818		2.2133	1.763	2.0646	1.9449	0.9721	2.062	1.954	1.9863	1.8211	0.915	1.6596	1.5429		
		3.2771	1.9931	1.5698	3.2527	1.8329	2.9443	3.3248	1.4668	3.3674	2.5312	1.4126	2.6027		2.6334	0.56	0.6021	2.0742	1.1052	1.6831	2.0118	0.6173	1.8471	1.5775	0.6419	1.3886		
		1.8721	1.5601	1.6724	2.249	2.0058	3.022	2.2232	0.4507	1.3057	1.984	1.4965	2.7646		1.2744	0.6882	0.8752	1.302	1.2615	1.3083	1.1784	0.3017	0.5636	1.0085	0.8072	1.2662		
		1.5944	3.2089	1.2111	1.5195	1.5213	1.2056	1.6908	2.1448	1.4656	1.523	1.4429	2.2304		0.793	2.1777	0.7802	0.8508	0.8607	0.7807	0.9528	1.0849	0.7839	0.7823	0.7034	0.8954		
		1.3947	2.5125	2.4137	1.9575	2.0583	2.2064	1.7474	0.3427	2.4958	1.1355	0.8843	0.8841		0.7261	1.3564	1.4643	1.3084	0.9928	1.1187	0.9121	0.2051	1.1147	0.7177	0.2776	0.3319		
		
~End
Copyright © 2003 Molecular Devices. All rights reserved.
