##BLOCKS= 1          
Plate:	Plate#1	1.3	PlateFormat	Endpoint	Absorbance	Raw	FALSE	1						2	490 750	1	12	96	1	8	None	
	Temperature(¡C)	1	2	3	4	5	6	7	8	9	10	11	12		1	2	3	4	5	6	7	8	9	10	11	12		
	21.00	0.5957	2.4221	1.1351	2.8363	1.0364	3.5282	2.823	2.6356	2.8599	3.6896	2.8944	3.6808		0.2287	0.9611	0.3738	1.5739	0.3785	2.6208	1.3871	1.9837	1.7989	2.8829	1.7475	1.7452		
		0.4606	3.1806	2.7952	3.3717	3.5232	3.019	3.3682	1.7866	3.4185	2.3247	3.002	3.6075		0.3656	2.235	1.5669	2.5177	1.9576	1.9856	1.914	1.187	1.8425	1.261	1.811	1.8455		
		1.2638	0.2446	2.3711	3.4894	2.784	2.9813	2.7592	3.0872	3.0767	3.3219	3.4059	3.4123		0.7128	0.1734	1.1949	2.6974	1.1807	1.4764	1.0909	1.9033	1.9598	1.9755	1.7866	1.9009		
		3.155	3.3066	3.401	3.3863	1.8215	3.0981	3.0162	2.9546	3.3594	1.8365	3.183	2.8383		2.0466	1.9515	2.3768	1.9791	0.8659	1.9521	2.0016	1.4777	2.0556	0.868	1.5356	1.5555		
		3.2508	1.1806	1.0525	3.2335	2.2464	2.6174	3.0898	1.1516	3.2546	2.6633	3.0075	3.364		2.6283	0.333	0.3682	2.0516	1.4115	1.5108	1.4906	0.5161	1.7994	1.6499	2.3157	2.0419		
		1.9364	1.9854	1.9227	2.1366	2.0163	2.9256	1.9596	0.4227	1.2094	1.567	2.0493	2.353		1.3477	0.8663	1.1031	1.257	1.3117	1.2529	1.0824	0.2839	0.5805	0.8454	1.2047	1.0215		
		1.5363	3.3078	1.8011	1.8059	2.0043	1.5931	1.6614	1.7339	1.4457	1.6834	1.0796	2.0826		0.6296	2.2912	1.2032	0.968	1.0915	0.9898	0.9606	0.9946	0.8454	0.8477	0.5115	0.9347		
		1.3019	2.2689	2.3817	1.8407	2.4369	1.9358	1.3118	0.5826	1.2162	0.8657	0.9508	1.0304		0.5998	1.2388	1.3481	1.1639	1.0662	0.9532	0.6775	0.222	0.5427	0.3419	0.3606	0.4251		
		
~End
Copyright © 2003 Molecular Devices. All rights reserved.
