##BLOCKS= 1          
Plate:	Plate#1	1.3	PlateFormat	Endpoint	Absorbance	Raw	FALSE	1						2	490 750	1	12	96	1	8	None	
	Temperature(¡C)	1	2	3	4	5	6	7	8	9	10	11	12		1	2	3	4	5	6	7	8	9	10	11	12		
	22.80	0.4059	1.2638	2.0362	2.343	0.4159	0.5159	1.1632	0.4416	1.5844	0.288	2.317	1.8153		0.2476	0.7726	1.0917	1.3536	0.2659	0.3354	0.6777	0.2751	0.8117	0.2341	0.9233	1.203		
		0.7514	2.0788	1.9413	0.4671	2.0228	0.5301	1.8136	1.1818	2.1557	0.6037	0.2516	2.037		0.5693	1.3279	1.0398	0.2955	1.0945	0.3091	0.9577	0.7673	1.1169	0.3793	0.1733	1.1478		
		1.0824	0.1712	0.5839	1.4696	1.2516	1.2603	1.4012	2.3486	1.828	1.8585	1.7351	1.7075		0.5549	0.1252	0.3523	0.9598	0.764	0.8085	0.7418	1.1819	1.0384	1.1338	1.0268	0.9409		
		2.3603	2.0762	2.5457	2.4329	0.6826	2.2196	1.3483	2.344	2.3779	1.0309	2.2859	1.6413		1.1804	1.0619	1.2908	1.1864	0.3897	1.1684	0.6878	1.144	1.1737	0.5768	1.0394	0.8394		
		0.8372	1.0702	0.3503	2.3817	1.3348	2.6183	2.456	0.6782	2.1592	2.4468	0.4111	2.2907		0.34	0.5489	0.2189	1.2657	0.8239	1.3836	1.265	0.4259	1.0507	1.2957	0.256	1.0472		
		1.8563	0.751	1.2706	2.2488	1.5407	2.4001	0.7868	0.4339	1.0226	1.131	1.8038	1.891		1.2764	0.4143	0.5396	0.9648	0.7536	0.8176	0.3935	0.2691	0.5006	0.5059	0.9671	0.9727		
		1.3904	2.0285	0.8551	1.0955	1.2739	1.7236	0.4969	1.3154	1.3226	0.4112	1.1707	1.3623		0.6199	1.195	0.5216	0.4801	0.6332	1.1473	0.3324	0.9262	0.9801	0.2706	0.7058	0.8478		
		0.5665	0.8102	2.13	1.6565	1.4952	1.0187	0.3049	0.3916	0.3233	0.3136	0.4379	0.2822		0.3078	0.4924	1.0649	0.9088	0.9753	0.6198	0.1988	0.2409	0.2123	0.2041	0.2914	0.1775		
		
~End
Copyright © 2003 Molecular Devices. All rights reserved.
