##BLOCKS= 1          
Plate:	Plate#1	1.3	PlateFormat	Endpoint	Absorbance	Raw	FALSE	1						2	490 750	1	12	96	1	8	None	
	Temperature(¡C)	1	2	3	4	5	6	7	8	9	10	11	12		1	2	3	4	5	6	7	8	9	10	11	12		
	22.80	0.3797	1.1925	0.391	2.2938	0.3438	0.6376	1.2577	0.5723	1.2899	0.3133	2.1199	1.7055		0.2117	0.7581	0.2411	1.3492	0.2219	0.4045	0.7567	0.3532	0.6501	0.2549	0.7611	1.0879		
		0.7753	2.0345	2.0659	0.4745	1.7319	0.49	1.9002	1.1619	2.3443	0.6914	0.2821	1.9505		0.5878	1.3286	1.0758	0.2947	0.9416	0.2991	1.0212	0.7445	1.2041	0.4336	0.1952	1.0882		
		0.9927	0.193	0.566	1.8593	1.1816	1.3738	1.4819	2.2129	2.1125	1.8335	1.869	1.8052		0.5352	0.1342	0.326	1.2447	0.6841	0.891	0.7974	1.1042	1.1776	1.092	1.0758	0.9744		
		2.3864	2.1737	2.275	2.432	0.671	2.2999	1.6887	2.0467	2.3017	1.0844	2.3436	1.7893		1.2219	1.1011	1.1501	1.1646	0.3957	1.2095	0.8851	1.0121	1.1246	0.6182	1.1021	0.886		
		1.013	1.0368	0.3394	2.2857	1.2876	2.2571	2.414	0.8111	2.4037	2.5502	0.4557	2.4092		0.5208	0.5339	0.2154	1.2476	0.7488	1.2067	1.2324	0.5067	1.1884	1.3637	0.2754	1.0874		
		1.8114	0.8093	1.8402	2.1449	1.4175	2.7075	1.9088	0.4696	0.7377	1.3458	1.2343	1.78		1.27	0.4499	0.8037	0.8758	0.7174	0.9543	0.9764	0.302	0.365	0.5823	0.5672	0.9064		
		0.8579	1.8767	0.6847	1.3133	1.3867	1.7442	0.594	1.3127	0.9319	0.3953	0.5395	1.1325		0.4094	1.0833	0.4155	0.6109	0.7328	1.127	0.4255	0.9275	0.6624	0.2589	0.3123	0.7006		
		0.3654	0.5352	2.171	1.4654	1.3121	0.984	0.2621	0.3534	0.399	0.3304	0.2848	0.412		0.2298	0.3336	1.0921	0.8157	0.8095	0.5813	0.1695	0.2172	0.2454	0.2194	0.1908	0.2735		
		
~End
Copyright © 2003 Molecular Devices. All rights reserved.
