##BLOCKS= 1          
Plate:	Plate#1	1.3	PlateFormat	Endpoint	Absorbance	Raw	FALSE	1						2	490 750	1	12	96	1	8	None	
	Temperature(¡C)	1	2	3	4	5	6	7	8	9	10	11	12		1	2	3	4	5	6	7	8	9	10	11	12		
	21.30	1.6251	2.4458	0.7511	2.5033	1.1607	2.3476	1.5872	0.512	2.1627	2.8145	2.8334	2.7445		0.3716	0.89	0.1881	1.1191	0.2572	1.0726	0.4781	0.2547	1.3849	1.2117	1.194	1.077		
		0.4301	0.446	2.3586	2.6635	2.5812	2.7534	2.861	1.4194	2.5267	2.2987	2.7029	2.5737		0.3298	0.2025	1.1441	1.4644	1.247	1.3828	1.5422	0.8767	1.2652	0.9451	1.2077	1.0634		
		0.8577	0.1788	2.1073	1.649	2.7459	1.3344	1.6819	2.6706	1.1057	1.2683	2.5653	2.8594		0.3317	0.1302	0.7362	0.8173	0.9874	0.3605	0.4027	1.5724	0.4305	0.3294	1.3589	1.3686		
		2.7897	2.7727	1.3866	2.5719	1.2206	2.7639	0.8898	2.3648	1.416	1.9967	2.8805	2.8227		1.3312	1.1439	0.3421	1.2563	0.3369	1.4123	0.401	1.1065	0.3651	0.6146	1.4908	1.2133		
		2.5643	1.8573	0.4712	2.0161	0.8462	2.5572	1.5721	1.3685	2.8423	1.2487	1.032	1.8481		1.3748	0.4842	0.1548	0.8519	0.2647	1.2615	0.3656	0.3795	1.5529	0.3808	0.2776	0.8957		
		1.9883	1.3019	2.1248	1.613	0.9448	0.7913	1.7294	0.5322	0.8237	1.4075	2.0739	1.5711		0.6046	0.6048	0.6585	0.7429	0.5253	0.2159	0.5461	0.2358	0.2733	0.4374	0.6209	0.4224		
		0.4597	1.9854	0.5305	2.2409	1.5314	0.6765	0.8706	2.2126	1.2046	0.7341	0.7118	1.6801		0.1486	0.9042	0.2849	0.5715	0.4132	0.201	0.2457	0.8149	0.3686	0.2277	0.2026	0.5178		
		0.9875	1.8556	0.7497	1.6482	1.986	1.4967	1.007	0.4239	1.0713	0.6346	0.769	0.8006		0.2637	0.6639	0.1918	0.4629	0.5528	0.4205	0.2888	0.1571	0.3238	0.1941	0.2029	0.2698		
		
~End
Copyright © 2003 Molecular Devices. All rights reserved.
