##BLOCKS= 1          
Plate:	Plate#1	1.3	PlateFormat	Endpoint	Absorbance	Raw	FALSE	1						2	490 750	1	12	96	1	8	None	
	Temperature(¡C)	1	2	3	4	5	6	7	8	9	10	11	12		1	2	3	4	5	6	7	8	9	10	11	12		
	21.20	1.3862	2.4114	0.7905	2.6097	0.6919	2.9959	1.605	0.619	2.1324	2.5041	1.5368	2.5817		0.4326	0.8875	0.1978	1.213	0.2121	1.342	0.4876	0.2629	1.3224	1.1522	0.3187	0.8897		
		0.4461	0.4971	2.0738	2.2135	2.479	2.7455	2.8682	1.3134	2.3933	2.1252	2.4461	2.3833		0.3367	0.213	0.9966	1.219	1.1114	1.3992	1.505	0.7928	1.1614	0.9253	1.1162	0.9943		
		0.9208	0.1848	1.5637	2.0447	2.3959	0.7139	1.0494	2.7983	1.2788	1.1804	2.7947	2.7825		0.3785	0.1343	0.6353	1.1557	0.8627	0.1984	0.2904	1.5444	0.4516	0.3526	1.4337	1.3766		
		2.4508	2.7071	1.5877	2.3468	1.1089	2.5988	1.0608	2.3928	0.9395	1.6604	2.9387	2.8374		1.1453	1.1025	0.4233	1.2014	0.2948	1.3304	0.46	1.1045	0.2574	0.5424	1.5702	1.2112		
		3.0053	2.0032	0.8527	2.3119	0.9465	2.6328	1.639	1.6636	2.9757	1.4417	1.1378	1.8097		1.6725	0.5734	0.2439	1.0235	0.2965	1.2316	0.3831	0.4415	1.6304	0.439	0.2895	0.8276		
		2.0214	1.2075	2.0634	1.9519	0.9842	0.4942	2.0223	0.5268	1.0221	1.1568	2.0347	1.8877		0.6577	0.6507	0.664	0.8263	0.5202	0.1502	0.6326	0.243	0.3265	0.3895	0.6213	0.4984		
		0.7764	1.8146	0.6038	1.875	1.7987	0.7872	0.982	1.3095	0.892	1.2658	0.8131	1.565		0.2139	0.9107	0.3672	0.4936	0.4884	0.2263	0.2837	0.535	0.2951	0.4468	0.2563	0.4996		
		1.2191	1.3085	1.0956	1.5861	1.8556	2.0142	1.0667	0.2901	0.8784	0.7744	0.9254	1.5992		0.3316	0.3999	0.2447	0.4765	0.5443	0.5477	0.2673	0.1374	0.2558	0.2256	0.2555	0.4245		
		
~End
Copyright © 2003 Molecular Devices. All rights reserved.
