##BLOCKS= 1          
Plate:	Plate#1	1.3	PlateFormat	Endpoint	Absorbance	Raw	FALSE	1						2	490 750	1	12	96	1	8	None	
	Temperature(¡C)	1	2	3	4	5	6	7	8	9	10	11	12		1	2	3	4	5	6	7	8	9	10	11	12		
	23.00	0.5153	1.7097	0.5883	3.1751	0.6037	1.0172	2.3693	0.724	1.0376	0.8396	3.266	1.665		0.2211	0.9597	0.2823	2.3257	0.3279	0.6354	1.4952	0.4995	0.5315	0.5658	1.4943	0.9629		
		0.6447	0.2906	1.5636	0.8225	2.6365	1.183	1.1707	1.2823	1.7491	0.7244	2.0183	1.6905		0.4897	0.1984	0.9079	0.477	1.6648	0.7725	0.625	0.8129	1.006	0.4394	1.2451	0.9567		
		1.2759	0.1659	1.8061	2.3375	1.2468	2.7108	0.4149	2.5902	2.5208	1.9613	1.8496	2.2078		0.722	0.1255	1.1701	1.608	0.6599	1.8381	0.2467	1.6672	1.6286	1.201	1.1627	1.5662		
		1.9163	2.1732	2.983	1.85	0.9724	1.507	1.6409	2.1177	3.116	1.2722	2.1481	2.1171		1.1979	1.2654	1.949	1.0536	0.5487	0.8545	0.9898	1.2271	2.0167	0.7772	1.2945	1.1438		
		1.2184	2.6981	0.558	2.8267	1.8838	1.5807	3.1608	0.8217	2.6035	2.8735	0.9425	2.4433		0.7823	1.4571	0.294	1.8252	1.1955	0.9228	2.1619	0.5057	1.5807	1.9587	0.5571	1.5921		
		0.9194	1.4754	1.1168	1.4522	1.8498	2.3874	0.9903	0.4926	0.7284	2.4722	1.9207	1.9306		0.6325	0.9399	0.7704	1.0484	1.2782	1.4165	0.5362	0.3163	0.4519	1.587	1.2139	1.2013		
		0.6212	2.3473	1.1884	1.0843	1.9776	0.4166	0.8979	2.3084	0.8066	1.0097	0.7571	1.7592		0.3957	1.6333	0.844	0.7158	1.4394	0.2826	0.4916	1.5633	0.4963	0.5804	0.4889	0.9881		
		0.7912	0.9671	0.9285	1.5677	0.3017	0.7971	0.4023	0.3853	0.5163	0.3306	0.4446	0.5225		0.5425	0.6306	0.6703	1.0851	0.2094	0.4871	0.2422	0.2602	0.2857	0.2052	0.2314	0.267		
		
~End
Copyright © 2003 Molecular Devices. All rights reserved.
