##BLOCKS= 1          
Plate:	Plate#1	1.3	PlateFormat	Endpoint	Absorbance	Raw	FALSE	1						2	490 750	1	12	96	1	8	None	
	Temperature(¡C)	1	2	3	4	5	6	7	8	9	10	11	12		1	2	3	4	5	6	7	8	9	10	11	12		
	23.00	0.5409	1.6815	0.4527	3.0722	0.5808	1.2124	2.4712	0.6925	1.0038	0.9925	3.2207	1.7935		0.2397	0.9129	0.2177	2.0875	0.3061	0.7691	1.5791	0.4783	0.5129	0.5896	1.4332	1.0825		
		0.7819	0.284	1.453	0.9623	2.908	0.8755	1.4856	0.9857	1.2739	0.7096	1.812	1.6157		0.56	0.187	0.8377	0.5465	2.0491	0.4893	0.8295	0.5869	0.6902	0.4356	1.1221	0.8565		
		1.3573	0.1763	1.6901	1.9069	1.3777	2.5782	0.4074	2.1857	2.2736	1.9843	2.676	1.4528		0.816	0.1408	1.0913	1.3066	0.7622	1.6998	0.2466	1.3958	1.4701	1.2312	1.8374	0.902		
		1.7048	1.6412	2.2501	1.3011	0.8525	1.2252	1.5532	1.6213	1.5063	1.222	2.1806	1.6932		1.0245	0.8841	1.3043	0.6891	0.4677	0.6728	0.9339	0.7983	0.8363	0.7276	1.3613	0.8916		
		1.3122	2.3969	0.4662	2.5313	1.3982	1.7967	2.2825	0.8355	1.9673	2.8394	0.8971	1.8268		0.8794	1.2015	0.258	1.6174	0.8388	1.0726	1.2902	0.5133	1.1264	1.8317	0.5391	1.1178		
		0.8321	1.4659	0.9402	1.3178	1.8377	2.3154	0.9453	0.6388	0.7692	2.6922	1.9323	2.0552		0.58	0.9228	0.6453	0.9504	1.2764	1.3662	0.5059	0.423	0.4806	1.7293	1.2577	1.3036		
		0.7735	2.3883	1.1624	1.0035	1.3548	0.3977	0.949	2.9253	0.7855	1.2133	0.7642	1.827		0.4879	1.6668	0.8195	0.6689	0.9935	0.2725	0.5532	2.1049	0.4791	0.7112	0.4779	1.0305		
		0.7529	0.8399	1.1774	1.574	0.3512	0.6584	0.413	0.4359	0.5926	0.3861	0.563	0.4712		0.5092	0.5461	0.8212	1.1163	0.2391	0.3914	0.2347	0.2875	0.3591	0.2324	0.2948	0.256		
		
~End
Copyright © 2003 Molecular Devices. All rights reserved.
