##BLOCKS= 1          
Plate:	Plate#1	1.3	PlateFormat	Endpoint	Absorbance	Raw	FALSE	1						2	490 750	1	12	96	1	8	None	
	Temperature(¡C)	1	2	3	4	5	6	7	8	9	10	11	12		1	2	3	4	5	6	7	8	9	10	11	12		
	23.00	0.5749	1.4693	0.5807	3.2005	0.6259	1.258	2.5312	0.7271	1.0329	0.8106	3.3206	2.853		0.2816	0.854	0.2893	2.3272	0.3298	0.778	1.638	0.4996	0.5452	0.5284	1.5004	1.8484		
		0.5534	0.306	1.5543	0.7535	1.7382	0.9137	1.3647	1.6594	1.2532	0.7685	2.2436	1.4975		0.4492	0.2016	0.9039	0.4345	1.1073	0.5806	0.7916	1.0852	0.6828	0.4767	1.48	0.8003		
		1.1628	0.1865	1.8228	2.4051	0.9885	2.2336	0.4355	2.3525	2.2734	2.5881	2.4118	2.5268		0.6945	0.1408	1.2075	1.6796	0.5583	1.5068	0.2601	1.5669	1.5138	1.6892	1.622	1.6616		
		1.7147	1.4915	3.0807	2.4514	0.9595	1.2744	1.4793	1.6247	3.0953	1.1538	1.7461	2.0861		1.0161	0.8034	1.9397	1.5676	0.5498	0.736	0.8856	0.8409	2.0274	0.7152	1.0278	1.1993		
		1.3299	2.6447	0.4817	2.572	1.3227	2.706	1.5202	0.8881	2.2884	3.0557	1.002	1.5304		0.8688	1.4681	0.2559	1.558	0.7893	1.8745	0.8794	0.5315	1.3436	2.105	0.5865	0.9464		
		0.7851	1.4095	0.8886	1.3791	1.9295	2.2504	0.7519	0.5004	0.5407	2.8231	1.8812	1.8957		0.5481	0.8951	0.6117	1.0016	1.3445	1.363	0.4077	0.328	0.3405	1.7947	1.1926	1.2024		
		0.5389	2.3372	1.165	1.1042	1.5974	0.3778	0.7551	2.4481	0.7412	1.3187	0.8825	1.4867		0.3293	1.6362	0.834	0.7525	1.0893	0.2617	0.433	1.6755	0.4615	0.7616	0.54	0.8434		
		0.8321	0.8853	0.8636	1.3587	0.3207	0.8355	0.3768	0.3775	0.4849	0.3625	0.5367	0.58		0.5524	0.5485	0.6008	0.9371	0.2205	0.5214	0.2189	0.2445	0.2565	0.2249	0.282	0.2965		
		
~End
Copyright © 2003 Molecular Devices. All rights reserved.
