##BLOCKS= 1          
Plate:	Plate#1	1.3	PlateFormat	Endpoint	Absorbance	Raw	FALSE	1						2	490 750	1	12	96	1	8	None	
	Temperature(¡C)	1	2	3	4	5	6	7	8	9	10	11	12		1	2	3	4	5	6	7	8	9	10	11	12		
	22.50	0.2539	1.5535	0.1634	2.2577	0.2556	0.246	1.3494	1.2254	2.1229	0.5895	3.0591	2.5126		0.1823	0.8726	0.1147	1.1264	0.1785	0.1672	0.8841	0.7697	1.3976	0.3666	1.1783	1.3678		
		0.3446	0.2633	2.498	0.5273	3.7006	2.1533	2.2974	1.5722	3.0497	1.074	2.2014	2.7883		0.2606	0.1796	1.3991	0.3633	2.1455	1.451	1.2398	0.7642	1.7801	0.6465	1.2547	1.3811		
		0.895	1.8511	1.5025	0.6614	1.971	1.7993	0.2689	2.7342	2.2103	2.4859	2.2957	2.7181		0.4673	1.0246	0.607	0.4314	1.1203	1.2037	0.1798	1.6376	1.2527	1.7553	1.3803	1.6167		
		2.8586	2.8732	2.2707	2.4981	0.3513	2.7423	2.4154	2.69	1.5259	0.5529	2.1303	2.1444		1.7896	1.4696	1.5304	1.6193	0.2386	1.9281	1.5917	1.5232	1.0466	0.3925	1.4811	1.316		
		2.5589	1.3483	0.2008	0.3707	0.2044	2.2034	2.5798	0.2672	2.1598	2.2981	0.2145	2.6171		1.5119	0.6449	0.1376	0.2458	0.1439	1.4974	1.5821	0.1914	1.3372	1.4772	0.1454	1.3557		
		1.656	0.8623	1.7085	1.5044	0.5952	0.3905	1.4752	0.3609	0.6745	1.6858	1.447	1.5692		0.9705	0.5415	0.867	0.923	0.3414	0.1931	0.7851	0.2339	0.4143	0.7661	0.7657	0.7723		
		0.6076	1.5322	0.8929	1.484	1.3183	0.8651	0.3578	1.4715	0.47	1.2218	1.0392	1.3549		0.2547	0.9845	0.5996	0.5891	0.724	0.3888	0.2165	0.7966	0.2971	0.6504	0.5614	0.6203		
		0.4276	1.4702	1.6246	0.4894	1.1325	1.4735	0.2677	0.2506	0.2085	0.1977	0.1975	0.193		0.3037	0.9308	0.9181	0.2658	0.7795	0.6969	0.146	0.1621	0.1289	0.1256	0.1277	0.127		
		
~End
Copyright © 2003 Molecular Devices. All rights reserved.
