##BLOCKS= 1          
Plate:	Plate#1	1.3	PlateFormat	Endpoint	Absorbance	Raw	FALSE	1						2	490 750	1	12	96	1	8	None	
	Temperature(¡C)	1	2	3	4	5	6	7	8	9	10	11	12		1	2	3	4	5	6	7	8	9	10	11	12		
	22.40	0.2285	1.531	0.1613	2.3622	0.2122	0.2449	1.3927	1.2452	2.0785	0.6088	2.3007	2.2976		0.1549	0.8647	0.1158	1.2314	0.1482	0.1667	0.9141	0.7678	1.3617	0.3553	1.0034	1.2894		
		0.3364	0.2209	2.3286	0.5373	3.1209	2.3016	2.5383	1.5286	2.8354	0.7399	2.2208	2.7074		0.2602	0.1578	1.3249	0.3758	1.673	1.3904	1.54	0.7372	1.5897	0.4431	1.2448	1.3985		
		1.0071	0.137	1.477	1.1444	1.8805	1.8069	0.292	2.6051	2.2558	2.5901	2.7087	2.4727		0.5051	0.1084	0.5716	0.7964	1.0757	1.2109	0.1987	1.5646	1.2751	1.8169	1.6722	1.4914		
		2.6909	2.8011	2.4394	2.3263	0.3391	2.4061	2.4124	2.706	1.7101	0.5091	2.2097	1.8917		1.7966	1.4837	1.6396	1.4974	0.2313	1.5769	1.6274	1.5	1.1697	0.3659	1.5002	1.1877		
		2.2338	1.3195	0.1679	0.4164	0.21	2.244	2.647	0.2741	2.2785	2.3072	0.1997	2.7492		1.203	0.6456	0.1142	0.2809	0.1497	1.5407	1.617	0.1956	1.4031	1.4964	0.137	1.3633		
		1.6781	0.8967	2.123	1.5912	0.6797	0.3767	1.4634	0.4236	0.5987	1.8014	1.6435	1.0996		0.973	0.5666	1.1533	0.9809	0.4041	0.2019	0.7871	0.2741	0.3658	0.7926	0.9039	0.5391		
		0.4881	1.4027	0.9579	1.3458	1.7293	0.9828	0.3635	1.587	0.5474	1.192	1.2961	1.3666		0.2506	0.8666	0.631	0.5319	0.9855	0.3984	0.218	0.8326	0.3398	0.6269	0.6422	0.6388		
		0.3259	1.731	1.4954	0.469	1.0911	1.254	0.2774	0.2	0.1989	0.2176	0.2459	0.2225		0.2313	1.0472	0.8365	0.2641	0.7576	0.5915	0.1507	0.1279	0.1253	0.145	0.1613	0.14		
		
~End
Copyright © 2003 Molecular Devices. All rights reserved.
