##BLOCKS= 1          
Plate:	Plate#1	1.3	PlateFormat	Endpoint	Absorbance	Raw	FALSE	1						2	490 750	1	12	96	1	8	None	
	Temperature(¡C)	1	2	3	4	5	6	7	8	9	10	11	12		1	2	3	4	5	6	7	8	9	10	11	12		
	22.40	0.2434	0.9458	0.2905	2.4407	0.2495	1.1652	0.4404	0.6323	1.5503	0.6046	1.3683	2.2854		0.1539	0.6275	0.2066	1.2945	0.164	0.7505	0.2888	0.4466	0.9894	0.4427	0.6227	1.2345		
		0.4868	2.1217	2.0443	1	1.6619	1.3326	1.4505	0.7401	1.9821	0.5472	1.4515	1.6054		0.3788	1.4212	1.2866	0.7223	0.9977	0.8945	0.9347	0.5087	1.1979	0.3751	0.8623	0.9459		
		0.6658	0.1419	0.826	1.3904	1.2205	1.7868	1.5791	1.5147	0.332	1.6273	2.4485	1.8509		0.4026	0.1138	0.4325	0.8982	0.8285	1.1417	0.6533	0.9989	0.2287	1.0406	1.4613	1.069		
		1.0608	1.8343	1.8472	1.5998	0.7435	1.5543	1.9451	1.988	1.8076	0.6173	1.649	1.2444		0.67	1.0556	1.1255	0.9667	0.5047	0.9802	1.2532	1.1918	1.0847	0.4465	1.0036	0.7361		
		2.7041	1.0486	0.2606	1.9523	1.0207	1.6735	1.9356	0.3471	1.8246	1.7585	0.3286	1.929		1.9752	0.4206	0.171	1.1566	0.7151	1.0712	1.2007	0.2326	1.1655	1.1127	0.22	1.0733		
		1.4842	0.6084	1.4553	1.5201	1.1141	2.0018	1.8023	0.3913	0.5615	1.1375	1.0138	1.791		0.8124	0.333	0.658	1.0091	0.6722	0.8708	0.8274	0.2416	0.3884	0.56	0.4352	0.7233		
		1.181	1.2066	1.3573	1.3051	0.1727	0.6257	0.9517	1.4887	1.231	1.1665	1.0389	1.197		0.5648	0.8601	0.9126	0.5731	0.1279	0.4453	0.5002	0.7265	0.6063	0.6461	0.58	0.6002		
		0.3796	1.169	1.6015	1.343	0.7309	1.2298	0.5216	0.2944	1.1794	0.1866	0.2799	0.4688		0.2479	0.5833	0.957	0.8908	0.5287	0.5741	0.2637	0.1783	0.5904	0.1359	0.1558	0.3269		
		
~End
Copyright © 2003 Molecular Devices. All rights reserved.
