##BLOCKS= 1          
Plate:	Plate#1	1.3	PlateFormat	Endpoint	Absorbance	Raw	FALSE	1						2	490 750	1	12	96	1	8	None	
	Temperature(¡C)	1	2	3	4	5	6	7	8	9	10	11	12		1	2	3	4	5	6	7	8	9	10	11	12		
	22.60	0.3553	2.0405	0.3857	3.034	0.3341	1.1013	1.2855	0.6866	0.9795	1.7772	1.2681	2.526		0.2083	1.0487	0.2104	2.1509	0.2079	0.795	0.6853	0.5353	0.5576	1.414	1.0199	1.3859		
		0.3496	1.7676	2.2458	2.0272	2.4809	1.5693	1.6855	0.5545	1.9294	0.4029	1.3649	2.3578		0.2814	1.4138	1.1561	1.4528	1.3412	1.0871	1.168	0.3614	1.204	0.2438	0.92	1.3293		
		1.8	0.3533	1.2035	1.7363	1.7301	1.7022	2.6846	1.6372	1.6579	1.9719	1.7727	2.174		1.2065	0.2054	0.7544	1.2969	0.8321	1.0895	1.1898	1.2359	1.2717	1.488	1.1922	0.9293		
		1.8094	2.3147	2.298	1.5133	0.7059	1.7201	0.5521	2.0612	2.27	0.3883	1.5971	1.9636		1.2514	1.3205	1.3656	0.9472	0.4714	1.3047	0.3106	1.1685	1.581	0.2321	1.0485	1.3164		
		0.9009	1.6878	0.2998	2.1766	1.6434	1.7356	2.5102	0.892	2.2753	2.4101	0.3134	1.6788		0.5124	0.5884	0.1965	1.439	0.9849	1.2059	1.529	0.5642	1.4221	1.6119	0.1945	1.0565		
		1.4516	1.0562	1.3521	2.2685	1.1697	2.375	1.0357	0.3433	0.8091	1.6678	0.7935	2.3096		1.1165	0.7681	0.9754	1.3317	0.8511	1.348	0.5836	0.257	0.481	0.9601	0.5338	1.0189		
		0.9135	2.2419	0.4957	1.1683	1.1825	0.9622	1.0208	1.4199	0.5753	1.4255	1.1598	2.3798		0.5669	1.6098	0.3885	0.8252	0.7803	0.7022	0.656	0.8998	0.3134	0.9241	0.7173	1.0928		
		0.3681	1.3724	1.9573	1.5773	1.616	1.5787	0.6524	0.2779	1.1104	0.4293	0.3379	0.3516		0.2193	0.8378	1.3693	1.187	1.1849	0.9192	0.4096	0.2022	0.7332	0.2639	0.1832	0.2098		
		
~End
Copyright © 2003 Molecular Devices. All rights reserved.
