##BLOCKS= 1          
Plate:	Plate#1	1.3	PlateFormat	Endpoint	Absorbance	Raw	FALSE	1						2	490 750	1	12	96	1	8	None	
	Temperature(¡C)	1	2	3	4	5	6	7	8	9	10	11	12		1	2	3	4	5	6	7	8	9	10	11	12		
	22.50	0.4536	1.8878	0.3574	2.721	0.3434	0.9537	0.8771	0.8125	0.8595	2.6059	0.9096	2.4016		0.2822	1.0234	0.2178	1.7764	0.2206	0.7138	0.5741	0.6277	0.4656	2.0645	0.648	1.3331		
		0.4973	1.7815	1.5504	1.3908	2.0659	1.4527	1.4508	0.44	1.8516	0.4499	1.6748	1.8752		0.3955	1.4372	0.8753	0.9866	1.2436	1.0485	0.9512	0.2985	1.0775	0.2722	1.1579	1.1764		
		1.2145	0.2253	1.1534	2.0085	1.4287	1.228	2.4453	1.8685	1.5878	1.978	1.7529	1.597		0.8418	0.1451	0.7416	1.4894	0.7104	0.8456	0.9855	1.477	1.213	1.4105	1.2075	0.8135		
		1.8244	2.4274	1.8158	1.6561	0.8112	1.7255	0.3931	1.7127	2.1069	0.8225	1.6765	1.4465		1.2606	1.4253	1.2496	1.0459	0.5354	1.3241	0.2591	0.9842	1.5039	0.3937	1.1304	0.8909		
		0.6385	1.051	0.2786	1.8385	1.3429	1.2587	2.6699	0.7248	2.4854	1.8617	0.4905	1.9629		0.3884	0.3847	0.1866	1.1497	0.8631	0.8723	1.5581	0.4642	1.5754	1.2606	0.2792	1.3339		
		1.5054	1.0401	1.0954	1.8393	1.1803	2.1859	0.7708	0.3444	0.4686	1.7089	1.0765	2.4235		1.1699	0.7654	0.7742	1.1038	0.8487	1.2814	0.4117	0.2571	0.3519	0.9558	0.7355	1.1537		
		1.0033	1.741	0.5453	1.1511	0.3264	2.0152	0.7709	1.4397	0.9377	0.9146	0.8393	1.7372		0.5053	1.1931	0.4277	0.8347	0.2012	0.9941	0.4914	1.0006	0.4772	0.5653	0.563	0.9053		
		0.3345	1.1284	1.9026	1.6403	1.4797	1.6012	0.3801	0.2867	1.27	0.3274	0.3199	0.3883		0.2367	0.7	1.3296	1.2557	1.0603	0.8718	0.2056	0.1773	0.8317	0.2033	0.1745	0.2099		
		
~End
Copyright © 2003 Molecular Devices. All rights reserved.
