##BLOCKS= 1          
Plate:	Plate#1	1.3	PlateFormat	Endpoint	Absorbance	Raw	FALSE	1						2	490 750	1	12	96	1	8	None	
	Temperature(¡C)	1	2	3	4	5	6	7	8	9	10	11	12		1	2	3	4	5	6	7	8	9	10	11	12		
	22.50	0.2926	1.6968	0.3959	2.8424	0.2386	0.9539	1.1697	0.751	0.9156	0.8091	1.1153	2.5537		0.1964	0.9007	0.2392	1.9089	0.1705	0.7156	0.6732	0.5865	0.5482	0.6265	0.8803	1.5523		
		0.5576	1.8267	1.8098	1.5267	2.0235	1.4927	2.0016	0.5429	2.2207	0.437	2.233	1.9685		0.4547	1.4794	1.0696	1.139	1.3216	1.073	1.3349	0.3833	1.4618	0.3189	1.6855	1.169		
		1.368	0.2886	1.2145	1.6357	1.1887	1.6161	2.5896	1.7856	1.6938	1.6008	1.7569	2.0144		0.9061	0.1849	0.7576	1.2998	0.6769	1.0106	1.1083	1.407	1.3062	1.2508	1.1588	0.9172		
		1.2315	2.4028	1.9281	1.5167	0.6897	1.6263	0.5862	1.8294	1.6668	0.4744	1.5299	1.3544		0.767	1.4226	1.2482	0.9842	0.468	1.2434	0.3455	1.0496	1.1903	0.2525	0.9588	0.8532		
		0.7076	1.1617	0.4486	2.0694	1.671	1.5301	2.6072	0.7085	1.9315	1.5807	0.3071	1.7337		0.3994	0.4596	0.2478	1.4801	1.1416	1.0925	1.5404	0.4955	1.172	1.1672	0.1977	1.138		
		1.4937	0.8358	1.4004	1.4256	1.0796	2.2646	0.808	0.3153	0.4343	1.7286	0.9021	2.242		1.0838	0.6035	1.0035	0.897	0.7834	1.2614	0.4592	0.2382	0.3321	1.0127	0.6377	0.8996		
		1.0265	1.8379	0.4716	0.9242	0.3505	1.1151	1.1979	1.3477	0.5244	1.648	0.9763	1.7084		0.4747	1.3029	0.3683	0.6707	0.2152	0.816	0.7243	0.9112	0.3109	1.0642	0.6744	0.9037		
		0.3057	0.9201	1.5494	1.329	1.4941	1.9573	0.6577	0.3297	1.3887	0.3719	0.2874	0.5656		0.2074	0.5587	1.174	0.9812	1.1127	1.1174	0.3125	0.1816	0.924	0.2731	0.172	0.3064		
		
~End
Copyright © 2003 Molecular Devices. All rights reserved.
