##BLOCKS= 1          
Plate:	Plate#1	1.3	PlateFormat	Endpoint	Absorbance	Raw	FALSE	1						2	490 750	1	12	96	1	8	None	
	Temperature(¡C)	1	2	3	4	5	6	7	8	9	10	11	12		1	2	3	4	5	6	7	8	9	10	11	12		
	22.30	0.2908	1.8188	0.5365	2.7889	0.4265	1.4414	0.2747	1.1297	1.6291	1.4237	0.8677	2.0064		0.1576	1.0547	0.3193	1.6331	0.3	1.1405	0.1914	0.6878	1.2116	1.1323	0.3145	1.3185		
		0.4611	1.9775	2.0729	1.144	2.0456	0.2573	1.9503	1.4495	1.9744	0.7486	0.1754	2.269		0.3587	1.5566	1.4301	0.6291	1.395	0.1959	1.3633	1.0076	1.3027	0.3924	0.1164	1.4502		
		0.7274	0.1979	1.4493	1.89	1.6988	0.7836	1.4163	2.0954	2.0951	1.2994	0.6321	2.0163		0.4873	0.1569	0.9633	1.4077	1.0387	0.4822	1.0634	1.4312	1.4268	0.785	0.3864	1.3273		
		1.8747	1.9225	2.1143	1.8194	2.0637	2.1958	0.6724	1.5567	1.6097	0.9722	1.6842	1.8359		1.339	1.2992	1.4547	1.2194	1.3813	1.518	0.4201	1.0215	1.1061	0.5248	1.1116	1.2054		
		1.2733	0.5244	0.3278	2.131	1.6353	2.2061	1.5044	2.2235	1.9565	1.8022	2.1151	2.1404		0.692	0.2711	0.2104	1.5246	1.1587	1.4653	1.0434	1.4255	1.2964	1.2296	1.4702	1.3617		
		1.6679	1.1795	1.0554	1.5975	1.0409	0.988	0.4212	0.6346	0.4473	0.7068	0.5603	1.4085		1.1334	0.8179	0.6938	1.1362	0.7452	0.5681	0.2639	0.4343	0.2915	0.4757	0.3746	0.7359		
		1.3529	0.1356	1.2155	0.9267	0.1353	0.4607	0.4101	1.325	0.8009	0.836	0.6035	1.0894		0.7648	0.1114	0.8648	0.6203	0.1108	0.3164	0.295	0.8433	0.5627	0.586	0.4234	0.7249		
		0.6183	0.5455	0.9527	1.0104	0.6238	0.6406	0.3395	0.1336	0.3154	0.371	0.3038	0.2751		0.3904	0.3885	0.6525	0.5904	0.4093	0.445	0.2632	0.1075	0.2135	0.2591	0.1852	0.1851		
		
~End
Copyright © 2003 Molecular Devices. All rights reserved.
