##BLOCKS= 1          
Plate:	Plate#1	1.3	PlateFormat	Endpoint	Absorbance	Raw	FALSE	1						2	490 750	1	12	96	1	8	None	
	Temperature(¡C)	1	2	3	4	5	6	7	8	9	10	11	12		1	2	3	4	5	6	7	8	9	10	11	12		
	22.60	0.2795	1.1371	0.2791	2.4726	0.2582	2.0057	1.4258	0.3802	1.5313	2.0069	1.7241	2.2982		0.1887	0.6882	0.1896	1.384	0.1732	1.1245	0.9286	0.2486	0.9176	1.4597	0.837	1.3449		
		0.6746	2.4194	2.0983	2.4824	1.938	2.0215	1.8722	1.2222	2.3467	0.3013	1.4416	2.2977		0.5006	1.5619	1.2547	1.7141	1.1673	1.3081	1.1576	0.7465	1.4784	0.1912	0.8578	1.4184		
		0.6647	0.1679	0.9008	2.6019	1.2557	1.4916	1.7241	2.0342	0.5136	2.154	1.9002	2.1297		0.3728	0.1336	0.4632	1.7983	0.7973	0.9182	0.675	1.2741	0.3347	1.3756	1.1835	1.3356		
		2.0893	2.3107	2.1338	2.3859	0.4127	1.8644	2.0086	2.1219	2.0657	0.5382	1.6913	1.5894		1.0934	1.5101	1.2613	1.5286	0.2795	1.1142	1.3692	1.3087	1.2862	0.3639	0.9899	0.8818		
		2.1923	1.0416	0.223	2.1016	1.9519	1.716	1.9803	0.3834	2.1568	1.9577	0.3602	2.0254		1.347	0.4658	0.1395	1.2501	1.2694	1.0748	1.2528	0.2402	1.3967	1.2495	0.2343	1.3208		
		1.99	0.8316	1.5557	1.6448	1.7	1.8029	2.3067	0.3624	0.3956	1.2753	1.4359	1.7489		1.2363	0.5227	0.844	1.1671	1.1325	1.1748	1.3024	0.2326	0.2673	0.6632	0.6721	0.9082		
		1.1955	2.0211	1.3429	1.2799	1.5932	0.6596	1.7397	1.5818	1.0796	1.4983	1.3372	1.3279		0.5129	1.5024	0.8861	0.5858	0.9562	0.4428	1.0499	0.878	0.6815	0.7866	0.8053	0.6859		
		0.3895	1.296	1.8119	1.401	0.8892	1.321	0.5021	0.2608	1.4919	0.2579	0.2878	0.3184		0.2252	0.8999	1.2136	1.0015	0.6332	0.6421	0.2637	0.1398	0.7795	0.181	0.1896	0.1964		
		
~End
Copyright © 2003 Molecular Devices. All rights reserved.
