##BLOCKS= 1          
Plate:	Plate#1	1.3	PlateFormat	Endpoint	Absorbance	Raw	FALSE	1						2	490 750	1	12	96	1	8	None	
	Temperature(¡C)	1	2	3	4	5	6	7	8	9	10	11	12		1	2	3	4	5	6	7	8	9	10	11	12		
	22.60	0.3071	1.1381	0.2167	2.6431	0.288	1.4656	1.2386	0.4169	1.7726	2.1397	1.7906	2.3027		0.2047	0.6822	0.1467	1.4492	0.1942	0.8582	0.8511	0.267	1.0608	1.5522	0.9314	1.3564		
		0.437	2.4987	2.125	2.5049	2.184	2.1434	1.897	1.173	2.4319	0.316	1.4939	2.3119		0.3316	1.6508	1.2611	1.7689	1.3314	1.36	1.1764	0.7248	1.5406	0.2009	0.7705	1.3932		
		0.7513	0.1754	1.0423	2.7445	1.3367	1.4072	1.6504	2.0822	0.5004	2.0854	1.8946	2.0749		0.433	0.1389	0.5341	1.8968	0.8203	0.8583	0.6696	1.3284	0.3285	1.3514	1.1678	1.2607		
		1.934	2.0202	2.1637	2.0767	0.3606	1.9885	1.9975	2.0579	1.9024	0.5364	1.8134	1.8142		1.0086	1.2769	1.2827	1.3387	0.2455	1.1601	1.3437	1.2383	1.1741	0.3596	1.0739	1.0354		
		2.328	1.0184	0.2262	2.1688	1.7585	1.8694	2.1406	0.3236	1.8874	1.9044	0.2974	2.1233		1.4627	0.4562	0.1427	1.298	1.1399	1.1716	1.3747	0.2004	1.2166	1.2053	0.1956	1.3362		
		1.9798	0.7543	1.7975	1.6843	1.5618	1.8106	1.3602	0.3816	0.5249	1.4982	1.2309	1.8561		1.2238	0.4639	0.9201	1.18	1.0214	1.1801	0.7231	0.2458	0.3566	0.8198	0.5812	0.9484		
		1.6202	1.7774	1.512	1.3162	1.526	0.9115	1.5112	1.6925	1.0402	1.5137	1.035	1.3361		0.5856	1.3195	1.0143	0.602	0.9294	0.6345	0.921	0.9049	0.6436	0.7833	0.6124	0.7159		
		0.3781	1.2952	1.831	1.58	0.9369	1.7796	0.3367	0.224	1.4784	0.3939	0.2845	0.2827		0.2463	0.8579	1.1187	1.1506	0.6666	0.8896	0.1897	0.1381	0.7817	0.2308	0.1884	0.1833		
		
~End
Copyright © 2003 Molecular Devices. All rights reserved.
