##BLOCKS= 1          
Plate:	Plate#1	1.3	PlateFormat	Endpoint	Absorbance	Raw	FALSE	1						2	490 750	1	12	96	1	8	None	
	Temperature(¡C)	1	2	3	4	5	6	7	8	9	10	11	12		1	2	3	4	5	6	7	8	9	10	11	12		
	22.90	0.3752	0.907	0.3062	1.8182	0.2925	0.9902	0.2574	0.3516	1.1999	1.0147	2.9431	1.3927		0.2604	0.7009	0.2259	1.262	0.2167	0.7759	0.1867	0.2469	0.931	0.8328	1.5787	1		
		0.5267	1.4546	1.5011	1.3273	0.7874	0.5941	1.1505	0.7995	1.3988	0.3788	1.4555	1.598		0.4267	1.1773	1.1033	1.0076	0.5819	0.4462	0.8628	0.6282	0.9944	0.281	1.1317	1.1408		
		0.9059	0.1864	1.1012	2.1366	1.3236	0.905	0.7555	0.819	0.3483	1.5798	1.1001	1.5134		0.6315	0.1495	0.7072	1.6516	1.001	0.6784	0.4803	0.6116	0.2564	1.2391	0.8131	1.0925		
		1.0366	1.3561	1.8016	1.9647	0.4514	1.2978	1.7212	1.1657	1.7205	0.3011	1.4185	1.1213		0.8635	1.0439	1.3226	1.5072	0.3363	1.0478	1.3176	0.8407	1.3225	0.2196	0.9977	0.8911		
		0.4209	0.6384	0.2715	1.556	0.9519	1.539	1.5011	0.2073	1.4059	1.5661	0.2589	1.1312		0.322	0.4311	0.1951	1.2033	0.6882	1.169	1.0747	0.1517	1.0555	1.0553	0.1876	0.7737		
		0.8469	0.9297	0.567	0.8707	1.5846	0.703	0.395	0.4453	0.3126	0.4998	0.3994	1.8817		0.5845	0.6452	0.3895	0.4611	1.1188	0.3562	0.2222	0.3522	0.2372	0.3542	0.2787	0.851		
		0.2913	1.3653	0.3712	0.5408	1.683	0.3783	0.3701	0.8415	0.3058	0.5236	0.3689	0.54		0.2197	0.9218	0.2909	0.3918	1.1426	0.2948	0.2639	0.5804	0.2089	0.3746	0.2614	0.3663		
		0.4203	0.486	0.4051	0.3171	0.3	0.4311	0.3612	0.2279	0.5776	0.2876	0.2125	0.2717		0.2591	0.3619	0.2684	0.2255	0.2286	0.2849	0.2521	0.1546	0.3831	0.2015	0.1525	0.187		
		
~End
Copyright © 2003 Molecular Devices. All rights reserved.
