##BLOCKS= 1          
Plate:	Plate#1	1.3	PlateFormat	Endpoint	Absorbance	Raw	FALSE	1						2	490 750	1	12	96	1	8	None	
	Temperature(¡C)	1	2	3	4	5	6	7	8	9	10	11	12		1	2	3	4	5	6	7	8	9	10	11	12		
	22.90	0.395	0.8669	0.343	1.7738	0.2495	1.4861	0.3354	0.4954	1.3562	1.0161	2.95	1.4765		0.2942	0.6466	0.2595	1.2548	0.1836	1.1739	0.2413	0.3389	1.07	0.8395	1.5126	1.0486		
		0.6465	1.6632	1.1996	1.021	0.5217	0.4379	1.0605	0.5936	1.1171	0.4309	1.08	1.8624		0.49	1.3449	0.8973	0.7459	0.3878	0.3251	0.8286	0.4619	0.8019	0.3202	0.8501	1.3394		
		0.8345	0.2444	0.8894	1.0035	1.1246	0.7303	1.0366	0.6309	0.3351	1.7429	1.6548	1.7333		0.5019	0.1943	0.5574	0.7523	0.8255	0.5313	0.7042	0.4653	0.2458	1.3982	1.2957	1.2663		
		1.1014	0.9342	1.8904	1.4186	0.4012	1.2243	1.5981	1.2079	1.3321	0.3421	1.3482	1.1567		0.917	0.7395	1.4239	1.1042	0.2925	0.9799	1.2399	0.893	1.0077	0.246	0.96	0.9111		
		0.5626	0.5682	0.2368	1.902	0.7984	1.5021	1.4461	0.2788	1.7616	1.3337	0.2123	1.5078		0.3182	0.3978	0.1712	1.4732	0.5385	1.1731	1.0519	0.205	1.2499	0.9579	0.1547	1.0128		
		1.0151	0.591	0.6123	1.4354	0.9579	0.6084	0.3585	0.4082	0.3655	0.3688	0.5624	2.1434		0.6829	0.3988	0.4312	0.8072	0.6585	0.3202	0.198	0.3173	0.2787	0.2466	0.3929	1.1308		
		0.3433	1.4198	0.2905	0.7362	0.3212	0.2935	0.4276	0.983	0.2629	0.4807	0.41	0.6867		0.2879	0.9657	0.2276	0.5408	0.1731	0.2263	0.2982	0.657	0.1811	0.3263	0.2906	0.5068		
		0.3336	1.0264	0.3741	0.2578	0.2998	0.3257	0.2785	0.2753	1.1663	0.3091	0.1929	0.3021		0.2464	0.7944	0.2526	0.1906	0.2292	0.2162	0.1902	0.1832	0.867	0.2163	0.1408	0.2154		
		
~End
Copyright © 2003 Molecular Devices. All rights reserved.
