##BLOCKS= 1          
Plate:	Plate#1	1.3	PlateFormat	Endpoint	Absorbance	Raw	FALSE	1						2	490 750	1	12	96	1	8	None	
	Temperature(¡C)	1	2	3	4	5	6	7	8	9	10	11	12		1	2	3	4	5	6	7	8	9	10	11	12		
	21.60	0.4298	2.2199	0.3257	2.7529	0.5678	3.1246	0.8835	2.137	2.625	3.1472	2.439	3.5055		0.2334	0.9881	0.172	1.7901	0.2765	2.3047	0.3885	1.5308	1.677	2.3099	0.4811	2.2274		
		0.7279	2.713	2.2062	1.5501	2.8714	0.7616	3.064	1.5577	2.4864	1.051	2.0156	2.8737		0.5479	1.7557	1.3373	0.9454	1.8728	0.4625	1.8217	0.9451	1.398	0.6393	1.4495	1.5712		
		1.1051	0.148	1.4849	2.077	1.3402	2.1355	1.7427	2.4225	2.6524	2.1584	2.5306	2.1208		0.5965	0.1097	0.9309	1.3866	0.804	1.3076	0.8341	1.5381	1.7569	1.3483	1.6105	1.2218		
		2.7759	2.4866	2.5657	2.687	1.8107	2.3564	3.2209	2.8175	2.3774	0.6214	3.127	2.4679		1.847	1.449	1.5167	1.5874	1.2276	1.4957	2.1557	1.5851	1.3334	0.3772	1.7939	1.346		
		0.8121	1.9144	0.5096	3.2482	2.0214	2.6923	2.6127	1.0113	3.1477	2.1216	0.3991	2.1898		0.4914	0.4849	0.2384	2.1046	1.3713	1.5836	1.5592	0.5577	1.7833	1.287	0.2239	1.2421		
		2.2366	0.8438	1.1812	2.4041	2.1587	2.0314	1.4819	0.3477	0.5433	1.5138	1.3072	1.8993		1.3059	0.4857	0.5542	1.3988	1.2201	1.2219	0.7378	0.2341	0.33	0.6606	0.5681	0.9171		
		1.1811	2.8645	1.6683	0.8994	2.1519	0.6781	2.0198	2.96	0.4648	2.1719	1.5552	1.4224		0.7503	1.7511	1.0295	0.445	1.116	0.408	1.1787	1.961	0.2634	1.2534	0.5686	0.6617		
		0.7155	2.8161	1.6791	0.8316	0.801	0.4619	0.5193	0.2595	0.4791	0.4905	0.7066	0.3505		0.37	1.6987	1.0161	0.4904	0.4932	0.2814	0.2944	0.1546	0.2705	0.2367	0.3437	0.2044		
		
~End
Copyright © 2003 Molecular Devices. All rights reserved.
