##BLOCKS= 1          
Plate:	Plate#1	1.3	PlateFormat	Endpoint	Absorbance	Raw	FALSE	1						2	490 750	1	12	96	1	8	None	
	Temperature(¡C)	1	2	3	4	5	6	7	8	9	10	11	12		1	2	3	4	5	6	7	8	9	10	11	12		
	21.90	0.553	2.1422	0.6155	1.9968	0.3835	0.9963	2.7891	1.0984	2.7315	1.7591	2.8046	2.5779		0.2223	1.1113	0.2718	1.1583	0.178	0.5215	1.3309	0.6068	1.3159	0.9359	0.7832	1.1913		
		0.7438	0.3803	2.827	2.2742	2.9576	1.6644	2.474	1.9858	2.3321	1.9267	0.4715	2.6449		0.5926	0.2116	1.4803	1.06	1.4133	0.7526	1.3281	1.0465	1.1192	0.9425	0.2433	1.293		
		1.4951	0.1421	2.5578	2.376	2.2661	2.5542	2.9369	2.8721	1.937	2.9109	2.9936	2.9576		0.7327	0.1116	0.9809	1.0655	1.0381	1.2543	1.1031	1.4812	0.7964	1.4416	1.5293	1.3775		
		2.8765	2.6214	3.0135	3.0353	0.9577	2.9697	0.7452	2.9918	3.1985	1.5805	2.8165	3.0212		1.4343	1.3409	1.4646	1.5032	0.4561	1.4243	0.3365	1.3671	1.4375	0.6828	1.2973	1.3512		
		1.3384	2.2767	0.4792	2.9442	1.8361	3.011	2.9803	0.7223	3.2946	3.0911	0.6841	2.6962		0.5075	0.8088	0.2235	1.2693	0.826	1.4551	1.4647	0.3785	1.6227	1.4811	0.305	1.3539		
		2.1309	1.7195	2.2338	1.9968	1.9558	1.9142	2.0955	0.8224	1.2712	2.7725	2.0309	2.4388		1.0998	0.6141	0.807	0.9218	1.0419	0.9391	0.9493	0.3612	0.6034	1.1981	0.6766	1.0138		
		2.4718	1.918	1.7966	2.3123	1.8235	0.5695	0.6909	2.4723	1.5896	2.0352	2.0361	1.7889		1.0269	1.1788	0.7876	0.7744	0.9306	0.3133	0.3067	1.2925	0.7659	0.958	0.8938	0.8816		
		0.6351	1.4684	1.5282	1.8425	0.5842	1.2774	0.6559	0.5125	2.3479	0.3878	0.552	0.4486		0.2624	0.6583	0.6906	0.5008	0.3432	0.5455	0.363	0.2224	1.0382	0.2123	0.2684	0.2141		
		
~End
Copyright © 2003 Molecular Devices. All rights reserved.
