##BLOCKS= 1          
Plate:	Plate#1	1.3	PlateFormat	Endpoint	Absorbance	Raw	FALSE	1						2	490 750	1	12	96	1	8	None	
	Temperature(¡C)	1	2	3	4	5	6	7	8	9	10	11	12		1	2	3	4	5	6	7	8	9	10	11	12		
	21.90	0.5949	2.1501	0.7015	2.15	0.4229	1.1821	2.5107	1.4291	2.7076	1.4038	2.7655	2.8799		0.2285	1.0988	0.2931	1.2097	0.192	0.6104	1.2402	0.7291	1.3705	0.7139	0.7249	1.3989		
		0.607	0.4349	2.7856	2.398	3.1014	1.3938	2.1887	2.0916	2.005	1.8408	0.3808	2.6485		0.4786	0.2496	1.4636	1.069	1.4355	0.6315	1.1991	1.1621	0.8577	0.8358	0.185	1.3199		
		1.5607	0.1492	2.3878	2.5443	2.3444	2.6591	2.7065	2.1373	2.3381	2.8545	2.8729	2.9096		0.7756	0.1169	0.891	1.175	1.0836	1.2845	1.0081	0.9533	1.0126	1.4077	1.407	1.4085		
		2.9294	2.5184	2.8902	3.1644	1.0208	2.947	0.7503	2.9997	3.1213	1.3708	2.9055	3.1399		1.4323	1.3071	1.3766	1.5319	0.4795	1.4319	0.3348	1.2948	1.3398	0.5702	1.3628	1.4186		
		1.3051	2.2033	0.6699	2.8785	1.9712	3.0761	3.0218	0.626	3.3215	3.1156	0.8028	2.4837		0.5303	0.7278	0.2994	1.2613	0.952	1.5089	1.4985	0.3117	1.5422	1.4678	0.3495	1.2879		
		2.0693	1.7372	2.4196	2.133	2.1989	2.1022	1.5378	0.6489	0.9323	2.6423	2.4809	2.503		1.0258	0.5653	0.759	0.9146	1.1512	1.036	0.7512	0.289	0.4337	1.0115	0.7574	0.9825		
		2.0417	1.9905	1.7677	2.1485	2.6346	0.5581	0.654	2.3153	1.1164	2.2359	2.1289	1.9269		0.8053	1.2001	0.7919	0.741	1.2387	0.2901	0.3066	1.1845	0.5862	1.0372	0.9241	0.8961		
		0.6893	1.4566	1.3008	2.1387	0.4729	1.3248	0.3219	0.5287	2.6982	0.394	0.5256	0.4996		0.3368	0.6307	0.5936	0.5762	0.2413	0.5701	0.1823	0.2411	1.2092	0.2186	0.2584	0.2378		
		
~End
Copyright © 2003 Molecular Devices. All rights reserved.
