##BLOCKS= 1          
Plate:	Plate#1	1.3	PlateFormat	Endpoint	Absorbance	Raw	FALSE	1						2	490 750	1	12	96	1	8	None	
	Temperature(¡C)	1	2	3	4	5	6	7	8	9	10	11	12		1	2	3	4	5	6	7	8	9	10	11	12		
	22.70	0.4001	1.9664	0.6217	3.1037	0.3109	2.8032	2.2916	1.5423	2.1558	2.9396	2.4465	3.1464		0.1855	0.969	0.3122	1.6274	0.1555	1.6626	0.9101	0.7947	1.049	1.818	0.763	1.5347		
		0.5246	0.3399	3.088	2.76	3.3207	2.3802	2.833	1.7212	3.3427	2.5097	2.8351	2.9262		0.4129	0.1867	1.2779	1.1969	1.1034	1.3229	1.3184	0.6988	1.7756	1.0782	1.5878	1.2239		
		1.7018	0.1541	2.7497	2.8399	2.6439	2.5227	2.8108	3.0893	3.127	2.4087	3.3369	3.3389		0.8673	0.1209	0.7923	1.3042	0.6908	1.0355	0.9507	1.6	1.6104	1.2681	1.6669	1.7648		
		3.2469	2.8003	2.6197	2.9392	1.4491	2.9239	0.6156	3.4225	1.5609	1.5228	3.0364	2.9209		1.826	1.0732	1.3852	1.5195	0.7059	1.4012	0.2633	1.5951	0.7783	0.6857	1.4224	1.5966		
		1.5145	1.0197	0.4955	3.2179	3.1059	3.0572	2.991	0.6724	3.0153	0.39	1.6729	2.9323		0.589	0.4386	0.2655	1.6012	1.5124	1.5704	1.6318	0.3063	1.6395	0.2128	0.7462	1.3849		
		2.4955	2.1233	2.2539	1.6144	2.1358	2.5163	2.0783	0.6465	1.255	2.7933	2.3373	2.5001		1.2498	0.6796	0.7928	0.8809	1.2934	1.0476	0.8297	0.2567	0.5402	0.8892	0.7486	0.9893		
		1.76	2.3198	1.8353	2.2948	0.1342	0.4544	0.8898	2.6	2.1415	3.1319	2.4072	2.6241		0.747	1.3186	1.0167	0.6817	0.1094	0.2637	0.4385	1.1963	0.9624	1.5546	0.8493	1.0335		
		0.7236	2.7441	0.5424	1.6116	0.4999	2.6005	0.438	0.428	1.795	0.3295	0.3405	0.3458		0.3058	1.2868	0.2855	0.5633	0.289	1.0008	0.2443	0.1747	0.8217	0.2026	0.1902	0.1964		
		
~End
Copyright © 2003 Molecular Devices. All rights reserved.
