##BLOCKS= 1          
Plate:	Plate#1	1.3	PlateFormat	Endpoint	Absorbance	Raw	FALSE	1						2	490 750	1	12	96	1	8	None	
	Temperature(¡C)	1	2	3	4	5	6	7	8	9	10	11	12		1	2	3	4	5	6	7	8	9	10	11	12		
	22.70	0.5264	1.9728	0.4046	3.2094	0.2836	2.4343	2.183	1.2967	1.7679	2.8835	2.3615	2.3755		0.2433	0.941	0.2069	1.7557	0.1475	1.5687	0.9223	0.7024	0.7806	1.6727	0.6542	0.9596		
		0.3816	0.3527	3.3365	2.855	2.6941	2.3452	2.7038	1.9862	2.518	2.3157	2.5047	3.414		0.2982	0.2017	1.454	1.175	0.9422	1.2953	1.225	0.8597	1.1324	0.9771	1.4145	1.6043		
		1.6526	0.1712	2.457	2.9382	2.5223	2.2715	2.7479	3.0844	2.5704	2.1123	3.2502	3.2077		0.874	0.1362	0.7506	1.3015	0.7441	0.8646	1.0129	1.5554	1.0993	1.1521	1.5246	1.3749		
		2.5613	2.9116	2.9746	3.2851	1.4069	2.9741	0.6589	3.0466	1.6577	1.3034	3.0103	3.1082		1.3547	1.1015	1.5336	1.536	0.734	1.4469	0.2902	1.2246	0.8304	0.5607	1.4148	1.6508		
		1.629	1.0222	0.5255	2.5873	2.2656	2.748	2.9087	0.6862	2.8861	0.4357	0.8049	2.6731		0.6153	0.4711	0.2869	1.1856	1.0636	1.3758	1.5158	0.3294	1.5067	0.2231	0.4053	1.2977		
		2.5924	1.7054	2.5718	1.6966	2.1149	2.3463	2.3316	0.6868	1.1245	2.9787	2.2045	2.5191		1.3261	0.5523	0.916	0.9182	1.2251	0.9397	0.9022	0.2679	0.4853	1.0458	0.6708	0.9803		
		1.8182	2.0145	1.7422	2.4977	2.3058	0.4084	0.7396	2.6321	2.0611	1.8832	2.2993	1.59		0.7478	1.056	0.979	0.6753	1.1157	0.2581	0.3816	1.2052	0.9056	0.795	0.8853	0.6833		
		0.5885	2.0969	0.6452	1.4745	0.3967	2.002	0.334	0.3904	2.0048	0.3223	0.3387	0.4376		0.27	0.881	0.3277	0.525	0.2624	0.7909	0.1909	0.1734	0.8813	0.1958	0.1978	0.2465		
		
~End
Copyright © 2003 Molecular Devices. All rights reserved.
