##BLOCKS= 1          
Plate:	Plate#1	1.3	PlateFormat	Endpoint	Absorbance	Raw	FALSE	1						2	490 750	1	12	96	1	8	None	
	Temperature(¡C)	1	2	3	4	5	6	7	8	9	10	11	12		1	2	3	4	5	6	7	8	9	10	11	12		
	22.70	0.5537	1.9709	0.3639	2.7727	0.3541	1.5454	2.5775	1.1569	3.2716	2.7414	2.2242	2.8561		0.2964	0.9689	0.1776	1.483	0.1669	0.8886	1.0138	0.5827	1.4498	1.6609	0.6675	1.2445		
		0.6214	0.3874	3.2014	3.0437	3.0973	2.1087	3.0669	1.8086	3.2515	2.2938	2.4372	2.433		0.4576	0.2067	1.2103	1.3299	1.2485	1.1813	1.4414	0.7825	1.3733	0.9346	1.378	0.8877		
		1.7158	0.1339	2.5371	3.0992	2.7628	2.5261	2.6355	3.1323	3.0239	2.1105	3.2712	3.206		0.8914	0.1081	0.7952	1.3674	0.7908	1.0185	0.9564	1.644	1.4933	1.1286	1.6654	1.5806		
		3.0657	2.6373	3.0853	2.9847	1.3461	2.9186	0.6103	3.434	1.727	1.4884	3.0375	2.3339		1.4932	1.0709	1.5822	1.2552	0.6192	1.4126	0.2895	1.7221	0.7847	0.6542	1.3987	1.1936		
		1.7067	1.2088	0.6704	2.4948	2.133	3.112	3.0851	0.6038	3.0462	0.4325	0.8018	2.9529		0.6472	0.5408	0.3633	1.2521	0.9986	1.5348	1.6763	0.2936	1.6755	0.2271	0.3735	1.8129		
		2.377	1.7391	2.265	1.5236	2.1175	2.2118	2.1553	0.6978	1.1775	2.7317	2.3429	2.4705		1.2972	0.5665	0.723	0.8306	1.2593	0.9443	0.8181	0.2821	0.4981	0.8274	0.7062	1.0442		
		1.9263	2.9718	1.7469	2.585	0.1233	0.4104	0.7676	2.6551	2.2088	2.5126	2.1572	2.1348		0.7611	1.3894	0.9217	0.7864	0.1005	0.2639	0.3822	1.1739	0.9506	0.9044	0.8234	0.8586		
		0.6059	1.1558	0.6283	1.5767	0.3509	1.9777	0.4167	0.4084	1.8008	0.501	0.3686	0.3414		0.2429	0.5571	0.3164	0.6592	0.2365	0.7228	0.2305	0.1862	0.8118	0.3619	0.2126	0.1963		
		
~End
Copyright © 2003 Molecular Devices. All rights reserved.
