##BLOCKS= 1          
Plate:	Plate#1	1.3	PlateFormat	Endpoint	Absorbance	Raw	FALSE	1						2	490 750	1	12	96	1	8	None	
	Temperature(¡C)	1	2	3	4	5	6	7	8	9	10	11	12		1	2	3	4	5	6	7	8	9	10	11	12		
	21.80	0.1494	0.28	0.1438	0.9325	0.1694	0.1822	0.2735	0.1774	0.678	0.2527	0.2986	1.142		0.1192	0.1971	0.1171	0.7182	0.1397	0.1481	0.2047	0.1361	0.4837	0.197	0.1884	0.9106		
		0.704	0.3152	2.5202	0.1496	0.4748	0.1485	0.8049	1.0704	1.0922	0.2076	0.1935	1.2071		0.5497	0.2226	1.7156	0.1187	0.3617	0.1156	0.616	0.7697	0.895	0.1658	0.1279	0.9599		
		0.3634	0.134	0.1931	0.1429	1.2257	0.5916	1.4808	0.2121	0.1799	0.7071	1.1971	1.9262		0.2683	0.1052	0.1526	0.1153	0.9247	0.4472	1.0323	0.1718	0.1431	0.5278	0.8584	1.509		
		0.1883	1.4407	1.0258	1.4032	0.1942	0.2003	0.2317	1.2334	0.5549	0.1526	0.9836	1.122		0.1432	1.1564	0.8196	1.1713	0.1542	0.1613	0.1757	1.0228	0.423	0.1197	0.7486	0.93		
		0.2464	0.7737	0.2106	0.2392	0.7001	0.1995	1.5418	0.1502	1.285	0.2028	0.2063	0.9262		0.1574	0.4588	0.1605	0.178	0.5745	0.1609	1.2156	0.1225	1.0548	0.1631	0.1657	0.6706		
		0.4693	0.1682	0.4862	1.5452	0.2946	0.2905	0.1939	0.2541	0.1789	0.1475	0.1722	0.9598		0.371	0.1335	0.3413	1.0028	0.2368	0.2187	0.1369	0.1889	0.1442	0.1187	0.1372	0.7543		
		0.1972	0.3463	0.6842	0.3213	0.146	0.4826	0.2353	0.1459	0.1491	0.1593	0.198	0.4822		0.1645	0.3031	0.477	0.2657	0.1195	0.3727	0.192	0.1171	0.1189	0.1296	0.1582	0.4227		
		0.2063	0.1991	0.2227	0.2534	0.316	0.1551	0.1491	0.1856	0.1689	0.1698	0.1754	0.1363		0.1473	0.1551	0.1734	0.2049	0.2512	0.1232	0.1179	0.1479	0.1363	0.1369	0.1442	0.1063		
		
~End
Copyright © 2003 Molecular Devices. All rights reserved.
