##BLOCKS= 1          
Plate:	Plate#1	1.3	PlateFormat	Endpoint	Absorbance	Raw	FALSE	1						2	490 750	1	12	96	1	8	None	
	Temperature(¡C)	1	2	3	4	5	6	7	8	9	10	11	12		1	2	3	4	5	6	7	8	9	10	11	12		
	21.70	0.5208	0.2443	0.1704	0.9015	0.1481	0.1603	0.2687	0.1569	0.6542	0.17	0.2977	1.4253		0.4348	0.1623	0.1408	0.6913	0.1198	0.1285	0.2075	0.1185	0.4708	0.1379	0.204	1.1184		
		0.5251	0.2829	2.5703	0.1534	0.6064	0.1561	1.2143	1.21	1.58	0.201	0.205	1.0312		0.4486	0.2044	1.7369	0.1211	0.4701	0.1195	0.9778	0.8454	1.2888	0.1609	0.1392	0.8127		
		0.3334	0.1382	0.2431	0.1537	1.3177	0.617	1.4846	0.218	0.1974	0.4805	1.1529	2.1467		0.2082	0.1063	0.191	0.1217	0.9972	0.479	1.015	0.1735	0.1569	0.3551	0.8294	1.6686		
		0.1998	1.1334	1.029	1.2911	0.1915	0.1981	0.2673	1.1473	0.4383	0.1476	0.7026	1.0347		0.182	0.9256	0.835	1.065	0.1544	0.1594	0.2026	0.9422	0.3246	0.1182	0.5262	0.8574		
		0.3048	0.9749	0.2152	0.2154	0.6925	0.2001	1.553	0.1312	1.6902	0.2102	0.2003	1.4997		0.1855	0.6002	0.1648	0.1652	0.5707	0.1578	1.22	0.1057	1.3671	0.1695	0.159	1.1359		
		0.404	0.1664	0.5549	1.5691	0.2594	0.3086	0.2019	0.2826	0.1799	0.1526	0.1865	1.0167		0.3199	0.1346	0.38	1.0168	0.21	0.228	0.1399	0.2104	0.1455	0.1226	0.1503	0.7709		
		0.1751	0.3572	0.6126	0.2037	0.1576	0.5358	0.2308	0.2068	0.1487	0.1624	0.1588	0.3717		0.1475	0.3	0.4223	0.1582	0.1311	0.4301	0.1913	0.1661	0.1167	0.1315	0.1241	0.3097		
		0.1716	0.2006	0.203	0.2593	0.3641	0.1423	0.1638	0.1486	0.1939	0.1703	0.2303	0.1547		0.1396	0.1572	0.1595	0.2068	0.2882	0.113	0.1295	0.1174	0.1554	0.1389	0.1909	0.1233		
		
~End
Copyright © 2003 Molecular Devices. All rights reserved.
