##BLOCKS= 1          
Plate:	Plate#1	1.3	PlateFormat	Endpoint	Absorbance	Raw	FALSE	1						2	490 750	1	12	96	1	8	None	
	Temperature(¡C)	1	2	3	4	5	6	7	8	9	10	11	12		1	2	3	4	5	6	7	8	9	10	11	12		
	23.00	0.2081	1.364	0.2111	2.2982	0.245	2.3656	0.6605	1.5199	2.1612	1.5889	1.6094	1.8303		0.1456	0.9494	0.1666	1.5495	0.1935	1.8811	0.4783	1.1765	1.6555	1.3251	1.226	1.4671		
		0.5567	0.2226	1.9547	1.2059	1.7853	0.513	1.5835	1.3005	1.7503	1.4158	0.3649	1.6738		0.4339	0.1702	1.4135	0.9702	1.392	0.356	1.2935	0.9536	1.406	1.0021	0.2882	1.2918		
		0.325	0.1948	1.6626	2.4896	0.5149	1.4965	1.492	2.0619	2.3807	2.5917	2.5368	2.4371		0.2106	0.1443	1.1684	1.7956	0.3929	1.1456	0.98	1.5721	1.916	1.9608	1.9148	1.8592		
		2.8846	2.568	2.6279	2.7409	1.6942	1.8915	1.9363	2.0008	2.2547	0.43	2.6092	2.956		2.2271	1.9838	1.9483	2.0462	1.2783	1.5212	1.4473	1.5066	1.6412	0.3229	1.9245	2.1639		
		2.5707	1.7484	0.2774	2.4953	1.2003	1.9235	2.0708	0.2456	2.9785	2.2822	2.3303	2.2591		1.6233	1.3402	0.1981	1.8854	0.981	1.4389	1.5078	0.179	2.196	1.6725	1.7158	1.5907		
		1.8979	1.4276	0.9601	2.5011	1.7086	1.7773	1.4418	0.5647	1.0837	1.3264	0.9653	1.4014		1.3322	0.9156	0.6967	1.4023	1.0707	0.9136	0.9709	0.3792	0.686	1.0036	0.7361	0.9276		
		1.6037	1.4411	1.6634	1.4954	0.8874	0.3732	0.53	2.1406	0.2915	0.8067	0.9013	1.1526		1.1072	1.1505	1.2337	0.9107	0.6964	0.244	0.3705	1.3249	0.1969	0.4705	0.6326	0.6723		
		0.2819	0.9848	0.55	0.9136	0.3413	0.3319	0.2482	0.3961	0.2825	0.258	0.3333	0.3281		0.1781	0.6457	0.3293	0.6273	0.2497	0.1958	0.1528	0.2201	0.1754	0.1589	0.2246	0.2135		
		
~End
Copyright © 2003 Molecular Devices. All rights reserved.
