##BLOCKS= 1          
Plate:	Plate#1	1.3	PlateFormat	Endpoint	Absorbance	Raw	FALSE	1						2	490 750	1	12	96	1	8	None	
	Temperature(¡C)	1	2	3	4	5	6	7	8	9	10	11	12		1	2	3	4	5	6	7	8	9	10	11	12		
	23.00	0.2823	1.633	0.2161	2.1306	0.2481	2.0855	0.8249	2.1882	1.9672	1.7055	2.2402	1.7468		0.2186	1.1469	0.1723	1.4661	0.194	1.6714	0.601	1.765	1.4945	1.4152	1.6968	1.3869		
		0.5166	0.2986	1.8668	1.7389	1.9954	0.8761	1.9522	1.8228	1.9197	1.2165	0.3756	2.3994		0.4314	0.2131	1.3221	1.4012	1.5507	0.615	1.576	1.3312	1.52	0.8961	0.3061	1.8473		
		0.2847	0.1794	1.7791	2.6989	0.565	1.2287	1.8013	2.1681	1.8266	2.7284	2.7826	2.3223		0.1943	0.1344	1.2625	1.9796	0.426	0.9514	1.184	1.6631	1.4638	2.0911	2.099	1.7454		
		2.6672	2.1267	2.3355	2.4114	2.3868	1.4885	2.0549	2.0248	2.4719	0.5644	2.0287	2.3998		1.9704	1.6258	1.7409	1.7893	1.8404	1.2023	1.5454	1.5261	1.7905	0.4356	1.5175	1.7348		
		2.6006	1.7102	0.2458	2.131	1.2994	2.1571	2.6498	0.2807	2.3838	2.4984	2.7009	2.0742		1.6667	1.3136	0.178	1.6201	1.0594	1.6083	1.9321	0.2032	1.7302	1.8383	1.941	1.4572		
		1.6428	1.8682	1.2546	2.6489	1.7581	2.6011	1.0491	0.4756	1.0525	1.4639	1.1285	1.5709		1.1362	1.125	0.8925	1.513	1.1031	1.326	0.6772	0.3213	0.6611	1.1101	0.835	1.0408		
		1.1984	1.6909	1.7014	1.0067	0.9249	0.341	0.5404	2.0594	0.2838	0.5949	1.2084	1.8312		0.8592	1.3627	1.2561	0.5769	0.7133	0.2241	0.3827	1.2801	0.1835	0.3427	0.8263	1.0656		
		0.2139	1.0501	0.6655	0.9415	0.5314	0.2893	0.2553	0.3605	0.2601	0.3422	0.265	0.2766		0.1636	0.6741	0.3961	0.6379	0.3976	0.1674	0.152	0.2047	0.1661	0.2012	0.1727	0.1814		
		
~End
Copyright © 2003 Molecular Devices. All rights reserved.
