##BLOCKS= 1          
Plate:	Plate#1	1.3	PlateFormat	Endpoint	Absorbance	Raw	FALSE	1						2	490 750	1	12	96	1	8	None	
	Temperature(¡C)	1	2	3	4	5	6	7	8	9	10	11	12		1	2	3	4	5	6	7	8	9	10	11	12		
	23.00	0.2638	1.5356	0.2229	2.0093	0.2438	2.001	0.8735	1.744	2.2405	1.6646	1.8101	2.3693		0.2242	1.0721	0.1757	1.3555	0.1956	1.6055	0.6519	1.3658	1.7302	1.3592	1.3996	1.8505		
		0.4205	0.2359	2.1091	1.5807	2.2499	0.8929	1.4567	2.0728	1.8714	1.3872	0.3342	2.2757		0.3557	0.1881	1.505	1.2809	1.773	0.6381	1.1803	1.5299	1.4911	1.011	0.2781	1.7606		
		0.4309	0.182	1.6742	2.712	0.5241	2.1758	1.7048	2.2654	1.6588	2.8944	2.2162	2.1326		0.2829	0.1374	1.1653	1.9792	0.3961	1.7327	1.1131	1.7414	1.313	2.27	1.6624	1.6069		
		2.4635	2.0566	2.8039	2.5042	2.0173	1.8401	2.199	2.2834	2.2418	0.4345	1.9969	2.5626		1.8795	1.561	2.04	1.8588	1.5146	1.499	1.6406	1.7119	1.647	0.3299	1.4746	1.8622		
		2.619	2.0718	0.291	1.9925	1.2283	2.4814	2.6192	0.3377	2.4125	2.2165	2.2876	2.0918		1.6774	1.6054	0.21	1.5318	1.0176	1.8722	1.9108	0.2474	1.7308	1.6439	1.6144	1.4664		
		1.2182	1.3091	1.1072	1.8166	1.3137	2.4694	1.5438	0.5	1.036	1.6229	0.9981	1.3269		0.9057	0.8543	0.7958	1.0496	0.8082	1.2979	1.051	0.3315	0.6425	1.2315	0.7069	0.8909		
		1.0496	1.6098	1.5505	1.7086	0.6897	0.2684	0.4186	2.3352	0.306	0.6609	1.27	1.9326		0.7598	1.3005	1.1396	1.0384	0.5425	0.1801	0.3005	1.4675	0.2021	0.387	0.872	1.1324		
		0.2219	0.9254	0.598	0.6473	0.5189	0.3413	0.3682	0.4139	0.255	0.2828	0.2237	0.2333		0.1677	0.6156	0.3494	0.4455	0.3884	0.2031	0.219	0.2304	0.1679	0.1687	0.1525	0.1503		
		
~End
Copyright © 2003 Molecular Devices. All rights reserved.
