##BLOCKS= 1          
Plate:	Plate#1	1.3	PlateFormat	Endpoint	Absorbance	Raw	FALSE	1						2	490 750	1	12	96	1	8	None	
	Temperature(¡C)	1	2	3	4	5	6	7	8	9	10	11	12		1	2	3	4	5	6	7	8	9	10	11	12		
	22.80	0.1595	1.0724	0.2307	1.4211	0.1947	0.2318	0.448	0.2743	1.9698	0.2279	0.2172	1.7625		0.1179	0.7925	0.1734	1.0175	0.1575	0.1882	0.3518	0.2178	1.539	0.1879	0.1329	1.3283		
		0.5894	0.3102	2.8681	0.2331	0.6861	0.1478	1.4531	1.465	1.5663	0.3238	1.1987	1.9611		0.4907	0.2236	1.9327	0.1872	0.5032	0.1088	1.1477	1.0476	1.167	0.2498	0.973	1.4799		
		0.3794	0.145	0.3135	0.1671	1.7067	0.671	1.6468	0.2954	0.2606	1.5381	2.1663	2.2147		0.2754	0.1119	0.2292	0.1324	1.2699	0.5103	1.0944	0.2264	0.2059	1.2149	1.6539	1.721		
		0.2159	1.4925	2.5362	0.3643	0.2887	0.3288	0.2978	1.7384	1.4415	0.1425	0.342	1.2882		0.1565	1.1341	1.8768	0.2695	0.2236	0.2515	0.2213	1.3664	1.0682	0.113	0.246	1.0372		
		0.3566	0.7282	0.1878	0.4557	1.1521	0.3048	2.6018	0.1515	1.9753	0.2446	0.2479	1.6935		0.2014	0.4367	0.1368	0.2843	0.9347	0.2355	1.8018	0.1216	1.4683	0.1959	0.1901	1.1381		
		0.4583	0.8196	1.4098	1.898	0.3334	0.4191	0.3243	0.3003	0.2496	0.2205	1.102	1.5249		0.3397	0.6018	0.9026	1.2491	0.267	0.3052	0.2127	0.2335	0.1915	0.1769	0.7758	1.0187		
		0.4469	0.2804	0.7243	0.893	0.1328	0.5479	0.2115	0.1613	0.161	0.184	0.3981	0.4286		0.2947	0.2306	0.4818	0.6012	0.1108	0.4223	0.1727	0.1277	0.1258	0.146	0.3259	0.349		
		0.2943	0.3194	0.2133	0.2492	0.534	0.1514	0.1759	0.1635	0.1916	0.2298	0.1852	0.2602		0.2191	0.2377	0.1628	0.1989	0.4352	0.1186	0.1348	0.1241	0.1475	0.1834	0.1496	0.2008		
		
~End
Copyright © 2003 Molecular Devices. All rights reserved.
