##BLOCKS= 1          
Plate:	Plate#1	1.3	PlateFormat	Endpoint	Absorbance	Raw	FALSE	1						2	490 750	1	12	96	1	8	None	
	Temperature(¡C)	1	2	3	4	5	6	7	8	9	10	11	12		1	2	3	4	5	6	7	8	9	10	11	12		
	22.20	0.1793	0.2477	0.2919	0.1513	0.1642	0.1672	0.1683	0.1626	0.1876	0.1477	0.204	0.1441		0.1307	0.1463	0.2465	0.1256	0.1363	0.1349	0.1297	0.1238	0.1439	0.1233	0.1413	0.117		
		0.4404	0.1637	0.3203	0.1584	0.1532	0.1916	0.1712	0.1716	0.1551	0.16	0.1982	0.1562		0.3756	0.1221	0.2087	0.1288	0.1277	0.1502	0.1389	0.1385	0.1292	0.1327	0.1424	0.1298		
		0.1493	0.1592	0.1665	0.1623	0.1966	0.1948	0.1649	0.1468	0.1728	0.16	0.1582	0.1595		0.1149	0.1345	0.1395	0.1369	0.1424	0.1442	0.1374	0.1201	0.1368	0.1313	0.1306	0.1348		
		0.2577	0.152	0.1526	0.1558	0.196	0.1591	0.184	0.1926	0.1525	0.1637	0.1611	0.1516		0.2023	0.1273	0.1245	0.1289	0.1503	0.1312	0.1371	0.1396	0.1275	0.1339	0.1358	0.1229		
		0.2186	0.153	0.1625	0.1574	0.1502	0.1736	0.1675	0.157	0.1736	0.1606	0.1815	0.1771		0.1282	0.127	0.1323	0.13	0.1244	0.1429	0.1383	0.1309	0.1398	0.1313	0.1437	0.1257		
		0.2148	0.1786	0.1843	0.1786	0.1578	0.1633	0.2075	0.1887	0.1746	0.1703	0.1587	0.1594		0.1429	0.1455	0.1421	0.1493	0.1305	0.1329	0.1467	0.1483	0.1422	0.1322	0.1297	0.1286		
		0.1538	0.2648	0.1573	0.1649	0.1511	0.1734	0.1945	0.2235	0.1712	0.1755	0.2199	0.264		0.1201	0.2294	0.1305	0.137	0.1276	0.1356	0.1429	0.1539	0.138	0.1403	0.156	0.1828		
		0.1711	0.2695	0.797	0.1729	0.1988	0.1813	0.1756	0.1684	0.1813	0.1618	0.1653	0.1531		0.1399	0.1698	0.7847	0.1347	0.1375	0.1469	0.139	0.1238	0.139	0.1275	0.1343	0.1237		
		
~End
Copyright © 2003 Molecular Devices. All rights reserved.
