##BLOCKS= 1          
Plate:	Plate#1	1.3	PlateFormat	Endpoint	Absorbance	Raw	FALSE	1						2	490 750	1	12	96	1	8	None	
	Temperature(¡C)	1	2	3	4	5	6	7	8	9	10	11	12		1	2	3	4	5	6	7	8	9	10	11	12		
	22.10	0.171	0.3742	0.1612	0.166	0.2068	0.1981	0.2029	0.1635	0.1853	0.1663	0.1796	0.1643		0.1275	0.2251	0.1324	0.1368	0.1708	0.1585	0.1397	0.1272	0.1439	0.1393	0.1242	0.1367		
		0.4881	0.1485	0.341	0.1802	0.1618	0.173	0.1778	0.16	0.1448	0.1606	0.198	0.1447		0.4131	0.1141	0.2273	0.1256	0.1337	0.1328	0.1429	0.1276	0.1208	0.1314	0.1408	0.1184		
		0.1538	0.1628	0.1553	0.1731	0.1923	0.1779	0.1707	0.188	0.1759	0.1822	0.163	0.1646		0.129	0.1369	0.13	0.142	0.1412	0.1323	0.1432	0.143	0.1361	0.1456	0.1336	0.1382		
		0.1697	0.1636	0.1681	0.1793	0.1771	0.1674	0.203	0.1709	0.1619	0.1727	0.1742	0.2469		0.1263	0.1325	0.1394	0.1419	0.132	0.1381	0.139	0.135	0.1333	0.1386	0.1452	0.2023		
		0.2151	0.1547	0.1902	0.1749	0.1565	0.1569	0.1714	0.1654	0.1612	0.1615	0.191	0.406		0.1382	0.1303	0.1506	0.1432	0.1303	0.1275	0.1356	0.1371	0.1311	0.1305	0.1348	0.329		
		0.265	0.2124	0.198	0.2128	0.1786	0.1695	0.2056	0.1997	0.1512	0.1974	0.1537	0.1599		0.1517	0.1627	0.1473	0.1709	0.151	0.1365	0.1476	0.1499	0.1221	0.1483	0.1253	0.1282		
		0.1555	0.3233	0.1524	0.1719	0.1508	0.172	0.2348	0.2391	0.1615	0.2033	0.1891	0.1894		0.1219	0.2927	0.1246	0.1396	0.127	0.1318	0.1592	0.1569	0.1332	0.1538	0.131	0.1197		
		0.1675	0.215	0.1561	0.2142	0.2838	0.1752	0.1934	0.188	0.1982	0.17	0.1977	0.1596		0.1324	0.1452	0.1288	0.1548	0.1605	0.1348	0.1307	0.148	0.1428	0.1354	0.1386	0.1229		
		
~End
Copyright © 2003 Molecular Devices. All rights reserved.
