##BLOCKS= 1          
Plate:	Plate#1	1.3	PlateFormat	Endpoint	Absorbance	Raw	FALSE	1						2	490 750	1	12	96	1	8	None	
	Temperature(¡C)	1	2	3	4	5	6	7	8	9	10	11	12		1	2	3	4	5	6	7	8	9	10	11	12		
	23.00	0.1974	0.259	0.1474	0.4708	0.2047	0.6585	0.2166	0.4395	1.7959	1.5757	2.7235	2.3665		0.1387	0.1701	0.1157	0.3553	0.1596	0.5238	0.1735	0.3218	1.2943	1.3925	1.7083	1.5378		
		0.7106	0.2387	0.3041	0.3398	1.0966	0.3022	1.8472	1.4805	2.3882	0.7143	0.2189	1.516		0.5684	0.1737	0.197	0.2576	0.7571	0.2328	1.3033	0.8374	1.4877	0.454	0.1403	0.9901		
		0.1563	0.1481	1.1641	0.1421	0.3631	0.6589	0.7801	1.9344	2.1794	0.4779	0.5079	1.3329		0.1297	0.1164	0.6675	0.1152	0.2709	0.5088	0.6662	1.5455	1.4117	0.3548	0.3476	0.987		
		0.1923	1.1958	0.1473	0.6877	1.2987	1.5486	0.1683	2.0151	2.0901	0.7382	1.513	1.5825		0.1456	0.901	0.1152	0.504	1.0101	1.1864	0.1298	1.4083	1.3508	0.5044	1.084	0.902		
		0.4836	0.345	0.2574	2.4253	0.6251	0.585	1.3916	2.0967	1.5602	0.9808	2.4452	2.2805		0.2783	0.1751	0.1806	1.3593	0.4611	0.4378	1.2222	1.456	1.1821	0.8047	1.5518	1.2612		
		2.6162	0.8179	1.8948	2.6348	2.6336	0.3818	0.1791	0.3154	0.342	0.156	0.426	0.816		1.1953	0.5257	0.7506	1.2248	1.1995	0.2612	0.1232	0.2237	0.2553	0.121	0.3281	0.3357		
		0.6561	0.1774	2.2207	2.0749	0.1566	0.4465	0.1633	0.1527	0.169	0.2127	0.8261	1.2318		0.3643	0.1476	0.8529	0.6893	0.1264	0.3245	0.1273	0.1138	0.1222	0.1596	0.5378	0.8872		
		0.4927	0.1791	0.1561	2.0109	0.8845	0.4662	0.2277	0.2071	0.1585	0.2595	0.1769	0.6212		0.2758	0.1329	0.1237	0.8375	0.5645	0.3706	0.1733	0.1449	0.116	0.2025	0.1409	0.4161		
		
~End
Copyright © 2003 Molecular Devices. All rights reserved.
