##BLOCKS= 1          
Plate:	Plate#1	1.3	PlateFormat	Endpoint	Absorbance	Raw	FALSE	1						2	490 750	1	12	96	1	8	None	
	Temperature(¡C)	1	2	3	4	5	6	7	8	9	10	11	12		1	2	3	4	5	6	7	8	9	10	11	12		
	22.10	0.2189	0.6686	0.1884	0.3604	0.1755	0.1926	0.425	0.2366	0.27	0.2392	0.2462	0.4478		0.1663	0.3748	0.1466	0.2504	0.1416	0.1523	0.2716	0.1728	0.1932	0.1878	0.1657	0.3301		
		0.3985	0.2084	0.9549	0.1791	0.3124	0.2522	0.3681	0.3855	0.465	0.1875	0.2083	0.5778		0.344	0.1608	0.658	0.1384	0.2311	0.1831	0.2894	0.2925	0.354	0.1419	0.1561	0.4433		
		0.2423	0.1459	0.2609	0.1888	0.3885	0.2705	0.2189	0.2179	0.2029	0.1702	0.2301	0.324		0.1336	0.1151	0.1952	0.1286	0.2854	0.2032	0.162	0.1668	0.1553	0.1312	0.1716	0.2389		
		0.4396	0.5002	0.1927	0.2594	0.2117	0.2126	0.1768	0.2287	0.1888	0.2176	0.2482	0.3329		0.303	0.3584	0.1451	0.1976	0.1685	0.1649	0.1385	0.1747	0.1464	0.1675	0.188	0.2139		
		0.5505	0.257	0.1867	0.2861	0.1614	0.2062	0.4908	0.1783	0.3547	0.2014	0.1858	0.2085		0.3438	0.1955	0.1464	0.2186	0.1309	0.1587	0.3631	0.1428	0.2665	0.1559	0.1437	0.1512		
		0.2446	0.2151	0.3299	0.2993	0.2236	0.2148	0.257	0.2535	0.19	0.1997	0.3571	0.3936		0.1891	0.1736	0.2361	0.2283	0.1684	0.1638	0.175	0.1906	0.147	0.1588	0.2447	0.2421		
		0.1769	0.3319	0.2541	0.3166	0.1844	0.2381	0.1983	0.3131	0.1746	0.1882	0.3123	0.6475		0.1388	0.2979	0.1968	0.2365	0.1486	0.1779	0.1493	0.2283	0.1298	0.1365	0.2178	0.3104		
		0.2154	0.231	0.1975	0.2391	0.3586	0.1969	0.1707	0.159	0.1914	0.1887	0.189	0.1996		0.1657	0.1727	0.1273	0.1844	0.2587	0.1548	0.1322	0.1272	0.1499	0.1432	0.1473	0.1496		
		
~End
Copyright © 2003 Molecular Devices. All rights reserved.
