##BLOCKS= 1          
Plate:	Plate#1	1.3	PlateFormat	Endpoint	Absorbance	Raw	FALSE	1						2	490 750	1	12	96	1	8	None	
	Temperature(¡C)	1	2	3	4	5	6	7	8	9	10	11	12		1	2	3	4	5	6	7	8	9	10	11	12		
	22.40	0.2008	0.5085	0.1873	0.2219	0.1787	0.2383	0.3171	0.244	0.3982	0.2148	0.2117	0.5208		0.1194	0.291	0.1211	0.138	0.1141	0.1358	0.1658	0.1434	0.2606	0.1231	0.1352	0.265		
		0.3597	0.1575	0.8657	0.2144	0.8385	0.2081	0.4537	0.611	0.4062	0.1926	0.1989	1.8547		0.2883	0.1212	0.5983	0.1236	0.3462	0.1223	0.2207	0.4636	0.2413	0.1233	0.1214	0.5439		
		0.2884	0.1639	0.1992	0.2541	0.2594	0.2581	0.4075	0.225	0.2135	0.2602	0.2095	0.2132		0.1307	0.1193	0.1311	0.1342	0.163	0.1415	0.2639	0.152	0.1303	0.1591	0.1227	0.1276		
		0.2208	1.4339	0.2646	0.2624	0.2144	0.2478	0.2195	0.4209	0.2877	0.2072	0.2857	0.2233		0.1269	0.4024	0.1654	0.158	0.1245	0.147	0.1284	0.2473	0.1647	0.1244	0.1579	0.1387		
		0.4245	0.2839	0.2272	0.2268	0.3447	0.2594	1.0112	0.2049	0.8617	0.2234	0.2405	0.3951		0.2039	0.1902	0.1282	0.1313	0.1484	0.1418	0.3848	0.1375	0.3852	0.1342	0.1352	0.2395		
		0.2543	0.5133	0.4954	0.3924	0.4102	0.2453	0.2735	0.2123	0.1708	0.1817	0.2396	1.7214		0.2028	0.3093	0.2912	0.2968	0.1695	0.1515	0.1404	0.1249	0.1225	0.1241	0.1627	0.4002		
		0.1886	0.3717	0.2003	0.261	0.8996	0.3102	0.2211	0.2402	0.2344	0.21	0.2384	0.2084		0.1294	0.281	0.1559	0.1708	0.5778	0.2296	0.1233	0.1255	0.1206	0.1146	0.17	0.1455		
		0.2147	0.241	0.2004	0.2573	0.232	0.201	0.2118	0.1529	0.7006	0.3051	0.2187	0.2262		0.1613	0.1291	0.1202	0.1932	0.1782	0.1159	0.1146	0.119	0.214	0.219	0.1263	0.1356		
		
~End
Copyright © 2003 Molecular Devices. All rights reserved.
