##BLOCKS= 1          
Plate:	Plate#1	1.3	PlateFormat	Endpoint	Absorbance	Raw	FALSE	1						2	490 750	1	12	96	1	8	None	
	Temperature(¡C)	1	2	3	4	5	6	7	8	9	10	11	12		1	2	3	4	5	6	7	8	9	10	11	12		
	22.40	0.232	1.2193	0.2146	0.4054	0.2156	0.2572	0.4393	0.2183	0.4579	0.2372	0.3066	0.9395		0.1296	0.4748	0.1529	0.2459	0.1521	0.1469	0.2302	0.1584	0.3301	0.1309	0.1623	0.5312		
		0.2662	0.1585	0.9845	0.2269	0.8667	0.2556	0.5828	0.6456	0.5661	0.2167	0.1871	1.4241		0.2073	0.1236	0.7243	0.131	0.4217	0.1663	0.2755	0.5014	0.4021	0.1598	0.1196	0.6029		
		0.3301	0.163	0.1989	0.4396	0.2374	0.2913	0.6097	0.2393	0.2016	0.1987	0.1843	0.2671		0.1248	0.1188	0.1498	0.1562	0.1481	0.182	0.3468	0.1829	0.1552	0.1381	0.1349	0.1956		
		0.3569	1.0097	0.6705	0.3571	0.2255	0.2638	0.2072	0.5617	0.1925	0.2249	0.2799	0.2121		0.2249	0.4649	0.4013	0.2423	0.1524	0.1583	0.1396	0.3726	0.1332	0.1447	0.2008	0.1501		
		0.3025	0.514	0.2241	0.2577	0.3359	0.2414	1.7325	0.2109	0.5811	0.2301	0.2686	0.4658		0.1807	0.2805	0.1414	0.1586	0.1578	0.1498	0.5142	0.1479	0.3919	0.1743	0.1699	0.3322		
		0.3075	0.4171	0.5442	0.4131	0.4272	0.2897	0.4318	0.2529	0.1759	0.2192	0.2941	0.5854		0.2255	0.3124	0.2826	0.3152	0.3065	0.1873	0.2503	0.1906	0.1374	0.1576	0.2071	0.3129		
		0.1798	0.3763	0.2114	0.4121	0.6804	0.5068	0.233	0.3093	0.3031	0.2358	0.2324	0.2417		0.1323	0.3053	0.1667	0.225	0.4493	0.3832	0.1246	0.1719	0.1411	0.1234	0.1752	0.1848		
		0.2425	0.2913	0.2916	0.2442	0.2866	0.301	0.2835	0.1697	0.7821	0.2073	0.1764	0.209		0.1931	0.15	0.1333	0.1843	0.2162	0.1699	0.1385	0.1318	0.2656	0.1384	0.1262	0.1349		
		
~End
Copyright © 2003 Molecular Devices. All rights reserved.
