##BLOCKS= 1          
Plate:	Plate#1	1.3	PlateFormat	Endpoint	Absorbance	Raw	FALSE	1						2	490 750	1	12	96	1	8	None	
	Temperature(¡C)	1	2	3	4	5	6	7	8	9	10	11	12		1	2	3	4	5	6	7	8	9	10	11	12		
	22.40	0.258	1.1621	0.2083	0.3498	0.2397	0.2546	0.4426	0.2442	0.4023	0.2647	0.2226	0.8497		0.136	0.4645	0.1353	0.2437	0.1451	0.1415	0.2053	0.1736	0.2849	0.1529	0.1372	0.3887		
		0.3166	0.1693	0.8813	0.2901	0.8852	0.2244	0.5494	0.9437	0.5459	0.1985	0.2129	2.0323		0.2446	0.1313	0.6325	0.1854	0.3901	0.1324	0.2239	0.7662	0.3575	0.1489	0.1233	0.6714		
		0.4113	0.166	0.1967	0.3594	0.2636	0.2998	0.7275	0.1999	0.2515	0.2162	0.25	0.2761		0.1545	0.1215	0.1487	0.2047	0.1481	0.1835	0.4399	0.1335	0.1492	0.1384	0.1411	0.1987		
		0.3107	1.4362	0.5972	0.2448	0.2677	0.3219	0.2657	0.813	0.2665	0.2545	0.2638	0.2297		0.1747	0.5628	0.3597	0.1708	0.1486	0.1825	0.1341	0.5	0.1526	0.1435	0.1626	0.1317		
		0.3093	0.5318	0.2394	0.4605	0.3064	0.2549	2.2048	0.4379	0.7388	0.2168	0.2658	0.3766		0.1715	0.2833	0.1425	0.3289	0.1599	0.1599	0.6814	0.3624	0.487	0.1546	0.1452	0.2646		
		0.3315	0.3642	0.6831	0.3957	0.5054	0.323	0.376	0.2212	0.1962	0.3729	0.4428	0.807		0.2406	0.278	0.3572	0.3021	0.3497	0.2231	0.2347	0.1662	0.152	0.326	0.2367	0.4185		
		0.1692	0.6051	0.2466	0.562	0.5721	0.4159	0.2599	0.2699	0.2408	0.2428	0.2318	0.3212		0.1295	0.4354	0.1917	0.2672	0.3296	0.3117	0.1287	0.1437	0.1178	0.1238	0.1758	0.2446		
		0.2074	0.2746	0.6116	0.2481	0.3094	0.2824	0.2754	0.1743	0.7339	0.3185	0.2293	0.1802		0.1591	0.1438	0.3505	0.1842	0.2343	0.1758	0.141	0.1373	0.2187	0.2407	0.1393	0.131		
		
~End
Copyright © 2003 Molecular Devices. All rights reserved.
