##BLOCKS= 1          
Plate:	Plate#1	1.3	PlateFormat	Endpoint	Absorbance	Raw	FALSE	1						2	490 750	1	12	96	1	8	None	
	Temperature(¡C)	1	2	3	4	5	6	7	8	9	10	11	12		1	2	3	4	5	6	7	8	9	10	11	12		
	22.30	0.1783	0.3991	0.1819	0.5001	0.1883	0.3067	0.2934	0.2364	0.38	0.2357	0.3057	0.5167		0.1295	0.2816	0.1425	0.3756	0.1485	0.2354	0.2183	0.1731	0.2778	0.1865	0.2136	0.3984		
		0.5496	0.1922	0.9001	0.2551	0.6173	0.1905	0.4833	0.5233	0.5432	0.2248	0.187	0.6441		0.4558	0.1502	0.687	0.2024	0.4868	0.1467	0.3685	0.3902	0.4121	0.1712	0.144	0.5164		
		0.1693	0.1373	0.2628	0.1625	0.535	0.3611	0.5713	0.2657	0.1714	0.5217	0.5797	0.4997		0.1394	0.1088	0.2036	0.1327	0.4126	0.2817	0.3994	0.2113	0.133	0.4015	0.4542	0.3871		
		0.355	0.4773	0.4831	0.4708	0.1947	0.2611	0.2325	0.5091	0.4171	0.3297	0.5871	0.31		0.2758	0.3781	0.3737	0.3685	0.1585	0.2036	0.1834	0.3896	0.323	0.2562	0.453	0.2387		
		0.3028	0.2816	0.2051	0.3724	0.1686	0.4943	0.6048	0.1919	0.4157	0.6472	0.2545	0.4711		0.1835	0.2148	0.1598	0.2822	0.1396	0.4028	0.4675	0.1518	0.318	0.5042	0.1994	0.363		
		0.4696	0.4951	0.4605	0.3513	0.3515	0.3385	0.2019	0.2445	0.2063	0.1911	0.5881	0.475		0.352	0.3659	0.3369	0.263	0.2577	0.2499	0.1536	0.1812	0.1617	0.1453	0.4181	0.2945		
		0.2728	0.3716	0.3023	0.251	0.1278	0.2782	0.1801	0.2521	0.1683	0.277	0.2697	0.558		0.2034	0.3163	0.2335	0.1965	0.1036	0.2072	0.1439	0.1957	0.1324	0.2119	0.2027	0.3964		
		0.2337	0.2966	0.1672	0.2915	0.4487	0.2158	0.1638	0.1772	0.254	0.1586	0.1895	0.2116		0.1809	0.2256	0.1329	0.2207	0.334	0.1648	0.1295	0.1268	0.184	0.1276	0.1522	0.1666		
		
~End
Copyright © 2003 Molecular Devices. All rights reserved.
