##BLOCKS= 1          
Plate:	Plate#1	1.3	PlateFormat	Endpoint	Absorbance	Raw	FALSE	1						2	490 750	1	12	96	1	8	None	
	Temperature(¡C)	1	2	3	4	5	6	7	8	9	10	11	12		1	2	3	4	5	6	7	8	9	10	11	12		
	22.20	0.1728	0.4436	0.188	0.3038	0.1898	0.3512	0.3661	0.2421	0.3236	0.2168	0.2866	0.4911		0.1305	0.3163	0.1445	0.2298	0.1492	0.2709	0.2728	0.1748	0.2302	0.1752	0.1913	0.3747		
		0.3371	0.186	0.933	0.2149	0.5093	0.1676	0.5049	0.503	0.5818	0.2874	0.1803	0.6176		0.2591	0.1479	0.7158	0.1717	0.3935	0.1294	0.3942	0.3698	0.4516	0.2178	0.1369	0.4879		
		0.1594	0.1426	0.2659	0.1748	0.5664	0.2548	0.4529	0.2261	0.1729	0.4467	0.485	0.6352		0.1241	0.1118	0.205	0.1428	0.4381	0.1988	0.3082	0.1735	0.1333	0.341	0.3767	0.4954		
		0.3163	0.4632	0.5451	0.4921	0.2091	0.2128	0.2092	0.444	0.4157	0.3463	0.5223	0.312		0.2383	0.366	0.4151	0.3842	0.1638	0.1699	0.1625	0.3345	0.3121	0.2601	0.397	0.2415		
		0.3243	0.2904	0.1866	0.3426	0.1689	0.4031	0.618	0.1947	0.5624	0.7122	0.2058	0.377		0.1882	0.2194	0.144	0.2593	0.1379	0.3119	0.4843	0.1514	0.4224	0.5398	0.1605	0.2751		
		0.4734	0.4684	0.4662	0.3433	0.3669	0.2939	0.2238	0.2843	0.1986	0.265	0.5821	0.523		0.3451	0.3409	0.3378	0.2586	0.2717	0.2154	0.164	0.2111	0.1517	0.1993	0.3957	0.3367		
		0.3412	0.3773	0.3139	0.4147	0.1332	0.4017	0.1629	0.2542	0.1974	0.3742	0.3976	0.585		0.274	0.2877	0.2406	0.3256	0.1096	0.2981	0.1309	0.2034	0.1507	0.2808	0.2987	0.4041		
		0.2447	0.2575	0.1675	0.4578	0.4439	0.3246	0.158	0.1455	0.2214	0.1747	0.1745	0.2211		0.1925	0.1974	0.1317	0.3548	0.3292	0.2455	0.1235	0.116	0.1632	0.1399	0.1401	0.1743		
		
~End
Copyright © 2003 Molecular Devices. All rights reserved.
