##BLOCKS= 1          
Plate:	Plate#1	1.3	PlateFormat	Endpoint	Absorbance	Raw	FALSE	1						2	490 750	1	12	96	1	8	None	
	Temperature(¡C)	1	2	3	4	5	6	7	8	9	10	11	12		1	2	3	4	5	6	7	8	9	10	11	12		
	22.20	0.1886	0.3569	0.1777	0.3664	0.2019	0.2981	0.3134	0.2553	0.2848	0.2284	0.298	0.5621		0.1399	0.2509	0.1389	0.2771	0.1582	0.2319	0.2308	0.1898	0.2059	0.1835	0.1986	0.4358		
		0.4788	0.1874	0.8806	0.1848	0.4765	0.1929	0.4328	0.5677	0.5183	0.2035	0.21	0.6322		0.3894	0.1459	0.6645	0.1489	0.3714	0.1496	0.333	0.4169	0.3973	0.1554	0.1619	0.5052		
		0.1764	0.1368	0.2146	0.1619	0.6447	0.2882	0.5518	0.2137	0.2329	0.4575	0.562	0.5792		0.1337	0.1115	0.1635	0.1315	0.4857	0.2269	0.3732	0.1647	0.1772	0.358	0.4416	0.4523		
		0.3353	0.4504	0.5031	0.4844	0.2334	0.196	0.2051	0.4557	0.4579	0.2351	0.5512	0.2975		0.2436	0.3596	0.3793	0.3698	0.1827	0.1509	0.1589	0.3483	0.347	0.1732	0.4199	0.2329		
		0.2813	0.3304	0.2019	0.3225	0.2071	0.3987	0.6454	0.1552	0.4977	0.6462	0.2032	0.3708		0.175	0.2497	0.1568	0.248	0.171	0.31	0.502	0.1227	0.3776	0.5025	0.1621	0.2764		
		0.4834	0.4831	0.4619	0.3296	0.3355	0.2685	0.2251	0.3125	0.2807	0.1903	0.423	0.4697		0.3603	0.338	0.3388	0.2459	0.2478	0.2015	0.1659	0.2329	0.2176	0.1469	0.3254	0.3016		
		0.3175	0.3341	0.3178	0.2102	0.1478	0.3886	0.186	0.4079	0.2389	0.2932	0.2667	0.6139		0.2191	0.2659	0.2435	0.1627	0.1183	0.3025	0.1491	0.3233	0.1863	0.2177	0.202	0.4564		
		0.2114	0.2115	0.1559	0.2503	0.4083	0.2426	0.1816	0.1511	0.3835	0.1629	0.1585	0.1786		0.1558	0.1623	0.1241	0.1945	0.3077	0.185	0.1451	0.1215	0.2908	0.1296	0.1276	0.1395		
		
~End
Copyright © 2003 Molecular Devices. All rights reserved.
