##BLOCKS= 1          
Plate:	Plate#1	1.3	PlateFormat	Endpoint	Absorbance	Raw	FALSE	1						2	490 750	1	12	96	1	8	None	
	Temperature(¡C)	1	2	3	4	5	6	7	8	9	10	11	12		1	2	3	4	5	6	7	8	9	10	11	12		
	22.50	0.6008	1.6153	0.8897	1.6331	0.5289	1.2806	1.1974	0.3161	0.6158	0.7053	1.23	1.7669		0.212	0.3574	0.2253	0.4413	0.1495	0.2758	0.2502	0.1354	0.1756	0.1896	0.3516	0.4215		
		0.5439	0.2638	0.9793	1.6689	1.5221	0.596	1.1699	0.3189	1.9782	0.5763	0.5673	1.4156		0.4396	0.161	0.5031	0.467	0.3974	0.177	0.2804	0.2264	0.487	0.1637	0.1494	0.384		
		0.4559	0.1798	0.3269	0.5917	1.538	1.4582	1.9731	0.9164	0.6788	0.8947	2.2797	1.5193		0.1489	0.1148	0.1214	0.173	0.4199	0.4055	0.4697	0.254	0.1806	0.2155	0.6132	0.4069		
		0.8014	1.6873	1.6611	2.4195	0.5362	0.6226	0.9612	1.7097	1.5767	1.0304	2.1461	1.2556		0.1878	0.4001	0.4064	0.5913	0.1641	0.177	0.2247	0.4115	0.317	0.226	0.5312	0.2651		
		0.4136	1.547	0.6647	1.8574	1.0892	1.15	2.3535	0.9846	2.0064	0.9019	0.6893	0.862		0.2581	0.4269	0.1782	0.4858	0.2795	0.2996	0.655	0.2371	0.4724	0.2163	0.2134	0.2307		
		0.3109	0.571	0.7198	0.2954	0.2781	0.5732	0.7809	0.4514	0.73	1.2928	0.55	1.7975		0.2672	0.3824	0.3371	0.2183	0.193	0.1837	0.2011	0.3236	0.1987	0.3788	0.2314	0.3197		
		1.4713	0.4325	0.2662	0.8189	0.1695	0.3321	1.2224	1.2234	0.6635	0.5151	0.4044	0.5393		0.434	0.3437	0.1948	0.2423	0.1148	0.2392	0.341	0.3097	0.1756	0.1435	0.219	0.2161		
		0.3458	0.9399	0.7151	0.3492	0.3463	0.922	0.6198	0.1684	1.1412	0.5672	0.6	0.5054		0.1462	0.2634	0.207	0.2116	0.2336	0.203	0.1621	0.1212	0.2482	0.2027	0.1876	0.1697		
		
~End
Copyright © 2003 Molecular Devices. All rights reserved.
