##BLOCKS= 1          
Plate:	Plate#1	1.3	PlateFormat	Endpoint	Absorbance	Raw	FALSE	1						2	490 750	1	12	96	1	8	None	
	Temperature(¡C)	1	2	3	4	5	6	7	8	9	10	11	12		1	2	3	4	5	6	7	8	9	10	11	12		
	22.40	0.4303	1.648	0.7144	1.3365	0.6816	1.1868	1.2342	0.2756	0.3444	0.6701	0.7409	1.7602		0.1485	0.3694	0.1834	0.2755	0.1902	0.2933	0.2567	0.1336	0.1499	0.1748	0.2059	0.3834		
		0.4168	0.3062	1.0091	1.3251	2.0773	1.1532	1.4066	0.4516	1.1279	0.5943	0.7042	1.9867		0.3229	0.1561	0.5512	0.3257	0.4899	0.2652	0.3299	0.3229	0.2679	0.1699	0.1842	0.4505		
		0.4664	0.1798	0.7372	0.5196	2.155	1.2826	2.3207	0.7152	0.376	1.361	1.6204	2.2789		0.1479	0.1198	0.2057	0.1645	0.5421	0.2987	0.4999	0.2102	0.1659	0.3037	0.4057	0.4984		
		0.9286	1.9242	1.7022	1.6276	0.718	0.7717	1.0426	1.098	1.1286	1.0274	1.6635	1.0272		0.2782	0.5285	0.4388	0.4023	0.1895	0.2319	0.2648	0.2806	0.2891	0.2398	0.3983	0.239		
		0.3337	1.1859	0.6087	1.174	0.6714	0.6342	2.0024	0.5649	1.1244	0.6659	0.6685	1.4292		0.1892	0.3228	0.1704	0.2823	0.1878	0.2024	0.4949	0.1616	0.3273	0.1726	0.1796	0.3518		
		0.369	0.5007	0.7621	0.2859	0.345	0.4999	0.5499	0.2349	0.6011	0.5406	0.9348	1.7377		0.2939	0.3511	0.3636	0.2097	0.2344	0.2014	0.1794	0.1726	0.1915	0.1631	0.3157	0.3752		
		1.2568	0.5105	0.268	0.7121	0.1786	0.304	0.5759	0.7833	0.675	0.8545	0.2793	0.6047		0.3506	0.4095	0.2002	0.2088	0.1129	0.2166	0.1634	0.2038	0.1941	0.2071	0.1339	0.2387		
		0.6204	1.0775	0.8453	0.3994	0.5983	0.8916	0.607	0.2385	0.7258	0.4733	0.4744	0.5477		0.2032	0.2433	0.2103	0.2529	0.3729	0.2099	0.1674	0.1253	0.185	0.1766	0.159	0.1908		
		
~End
Copyright © 2003 Molecular Devices. All rights reserved.
