##BLOCKS= 1          
Plate:	Plate#1	1.3	PlateFormat	Endpoint	Absorbance	Raw	FALSE	1						2	490 750	1	12	96	1	8	None	
	Temperature(¡C)	1	2	3	4	5	6	7	8	9	10	11	12		1	2	3	4	5	6	7	8	9	10	11	12		
	22.10	1.5637	2.331	0.6939	1.5149	0.5208	2.2369	1.4766	0.233	0.666	0.9742	0.5557	2.1792		0.3993	0.5449	0.1914	0.4109	0.1569	0.5684	0.3319	0.1393	0.421	0.212	0.2031	0.5769		
		0.3955	0.3607	1.4239	1.3842	1.4375	0.809	1.4646	0.5669	1.5127	1.0231	1.212	2.2891		0.2982	0.1625	0.7543	0.4036	0.371	0.2485	0.4529	0.3845	0.4464	0.2512	0.3054	0.6733		
		0.2721	0.1678	1.2702	0.5886	2.3441	0.6631	1.3487	0.5303	0.7686	0.9775	1.4021	2.1321		0.1315	0.136	0.2919	0.1675	0.6912	0.1802	0.2665	0.1858	0.2042	0.2397	0.4618	0.6006		
		1.8008	2.2365	1.1483	1.1036	0.8616	1.1134	0.6216	0.9346	1.541	1.3849	0.9717	2.2031		0.4496	0.631	0.2498	0.4148	0.2175	0.3261	0.1998	0.3458	0.318	0.2937	0.2838	0.4368		
		0.6933	0.7088	0.6944	1.0549	0.3173	0.6768	1.2789	1.1266	1.4933	1.1095	0.7934	0.4442		0.4616	0.1908	0.1843	0.248	0.1255	0.1834	0.2832	0.2354	0.3519	0.252	0.1933	0.2705		
		0.6833	0.4015	0.3348	0.2928	0.2272	0.5937	0.3586	0.2238	0.5246	0.425	0.4098	0.7248		0.4484	0.2737	0.2233	0.2111	0.1663	0.1854	0.1448	0.1627	0.166	0.1487	0.177	0.3026		
		0.5328	0.3531	0.2795	0.5435	0.1497	0.5194	0.5449	1.3059	0.6296	0.7801	0.4935	0.6627		0.1849	0.3145	0.2009	0.2148	0.1157	0.1951	0.1676	0.3203	0.1889	0.2192	0.2034	0.2979		
		0.8127	0.7609	0.3211	0.4564	0.2774	1.439	0.7708	0.2801	0.4558	0.4562	0.5865	0.529		0.2211	0.2141	0.1565	0.2626	0.2068	0.3097	0.1883	0.1423	0.1568	0.1499	0.1576	0.1583		
		
~End
Copyright © 2003 Molecular Devices. All rights reserved.
