##BLOCKS= 1          
Plate:	Plate#1	1.3	PlateFormat	Endpoint	Absorbance	Raw	FALSE	1						2	490 750	1	12	96	1	8	None	
	Temperature(¡C)	1	2	3	4	5	6	7	8	9	10	11	12		1	2	3	4	5	6	7	8	9	10	11	12		
	22.00	0.8787	1.9997	0.7599	1.5532	0.6031	2.331	1.3406	0.255	0.6524	1.1022	0.3064	2.0867		0.2204	0.4933	0.1798	0.3764	0.1639	0.5509	0.3148	0.1424	0.394	0.2597	0.1369	0.5453		
		0.3708	0.4068	1.3812	1.2067	1.7549	1.2128	2.5632	0.5251	1.5045	0.8638	1.6492	1.8689		0.2753	0.1657	0.6316	0.3145	0.4429	0.3077	0.7894	0.353	0.3966	0.196	0.4178	0.5179		
		0.3219	0.1603	1.0181	1.147	2.0939	0.5979	0.9324	0.9004	1.0066	1.021	1.5435	2.4064		0.1392	0.1264	0.2492	0.28	0.5194	0.1679	0.2202	0.2444	0.2354	0.2444	0.4164	0.7101		
		1.2845	2.2831	1.3897	1.0303	1.0287	0.9965	0.5462	0.9976	0.6506	1.3178	1.3299	2.2272		0.3149	0.6355	0.3108	0.396	0.2273	0.2776	0.1768	0.3198	0.1602	0.2807	0.3402	0.4217		
		0.5638	1.4271	0.7548	1.4611	0.3846	0.988	1.5497	1.3737	1.6664	1.1533	0.9777	0.4264		0.3542	0.3499	0.1998	0.3373	0.1408	0.2391	0.3166	0.2714	0.368	0.2552	0.2137	0.2444		
		0.7522	0.4251	0.3369	0.3454	0.218	0.427	0.4146	0.2348	0.7108	0.3226	0.8296	0.8522		0.5257	0.2891	0.2299	0.2509	0.1585	0.1493	0.1619	0.1707	0.1806	0.1326	0.2233	0.288		
		0.5214	0.2995	0.2989	0.4995	0.1668	0.4158	0.6979	0.9342	0.6378	0.7076	0.6126	0.6593		0.1582	0.2539	0.2135	0.2187	0.1278	0.1717	0.1898	0.2586	0.1823	0.2022	0.2293	0.2977		
		0.9799	0.6972	0.3181	0.3391	0.283	1.8367	0.993	0.1921	0.5109	0.5288	0.6148	1.072		0.2455	0.1876	0.1551	0.2141	0.2077	0.4291	0.2293	0.1371	0.1554	0.1717	0.1712	0.2589		
		
~End
Copyright © 2003 Molecular Devices. All rights reserved.
