##BLOCKS= 1          
Plate:	Plate#1	1.3	PlateFormat	Endpoint	Absorbance	Raw	FALSE	1						2	490 750	1	12	96	1	8	None	
	Temperature(¡C)	1	2	3	4	5	6	7	8	9	10	11	12		1	2	3	4	5	6	7	8	9	10	11	12		
	22.60	0.1869	1.3968	0.1957	1.9838	0.2078	0.2139	0.483	0.2955	1.0344	0.2275	0.5445	1.6889		0.1332	0.6204	0.1359	0.8946	0.1428	0.1547	0.318	0.2091	0.636	0.1566	0.369	0.8549		
		0.2804	0.19	2.0917	0.2184	2.2285	0.3886	1.5121	1.5429	1.8946	0.2999	1.3881	2.2965		0.2124	0.1327	1.0834	0.1474	1.124	0.2473	0.802	0.6501	1.0611	0.1882	0.6493	1.1955		
		0.251	0.1308	1.1892	0.2916	1.6208	0.5149	0.2136	1.6751	1.1502	0.2262	0.3241	1.6717		0.1522	0.1043	0.5114	0.1806	0.8544	0.3564	0.1478	0.9059	0.6541	0.1534	0.213	0.8987		
		0.9352	2.2238	0.5143	1.1013	0.2809	0.2927	0.2643	1.4457	0.2064	0.3823	0.711	0.4378		0.5601	1.24	0.3808	0.6052	0.1876	0.2021	0.1799	0.8055	0.1516	0.251	0.4551	0.2725		
		1.8255	0.8763	0.2226	0.3337	0.1999	0.9957	1.2204	0.2079	0.6863	0.2919	0.1986	1.4205		0.9507	0.5386	0.158	0.2208	0.1511	0.6316	0.6936	0.1505	0.4326	0.1927	0.1386	0.7294		
		0.8989	0.2802	0.553	0.4287	0.1986	0.2508	0.4175	0.2208	0.2765	0.5219	0.4538	0.616		0.5	0.1781	0.3233	0.3077	0.1483	0.154	0.2059	0.156	0.1706	0.2289	0.2287	0.4043		
		0.2491	0.5171	0.2467	0.5437	0.1771	0.5029	0.3037	0.7852	0.2979	0.295	0.5442	0.9788		0.1459	0.4287	0.1823	0.3138	0.1457	0.2026	0.1759	0.4092	0.1768	0.1682	0.3049	0.4098		
		0.3021	0.3246	0.3653	0.3068	0.3491	0.3639	0.2671	0.2237	0.2083	0.1943	0.2259	0.2127		0.1941	0.1976	0.2048	0.2058	0.2499	0.1801	0.1497	0.1515	0.135	0.1287	0.1463	0.138		
		
~End
Copyright © 2003 Molecular Devices. All rights reserved.
