##BLOCKS= 1          
Plate:	Plate#1	1.3	PlateFormat	Endpoint	Absorbance	Raw	FALSE	1						2	490 750	1	12	96	1	8	None	
	Temperature(¡C)	1	2	3	4	5	6	7	8	9	10	11	12		1	2	3	4	5	6	7	8	9	10	11	12		
	22.60	0.1972	1.3214	0.1994	1.6478	0.2057	0.1959	0.4436	0.3696	0.79	0.2273	0.5573	1.8791		0.1343	0.6378	0.14	0.6804	0.1433	0.1418	0.2927	0.2621	0.4709	0.1588	0.3358	1.0108		
		0.3191	0.2118	2.0961	0.2389	2.3475	0.5126	1.3214	1.3959	1.7716	0.3148	1.3585	2.328		0.252	0.146	1.0953	0.1611	1.2368	0.3298	0.6527	0.6474	0.9454	0.2059	0.6574	1.2128		
		0.2444	0.1463	1.1595	0.2977	1.5719	0.5212	0.2097	1.5016	1.0854	0.225	0.3832	1.5952		0.1469	0.1174	0.5275	0.1707	0.8307	0.3646	0.1426	0.8217	0.5925	0.1513	0.2518	0.8444		
		0.8038	2.2691	0.5612	1.2329	0.2815	0.334	0.2691	1.4157	0.2119	0.4296	0.7098	0.4479		0.4838	1.2677	0.4111	0.7188	0.1883	0.223	0.1821	0.8033	0.1532	0.2853	0.4635	0.2906		
		1.6806	0.8986	0.2386	0.298	0.2022	0.8588	1.2271	0.1981	0.6899	0.3041	0.2308	1.5972		0.8707	0.5417	0.1697	0.191	0.1498	0.5415	0.7117	0.1447	0.4375	0.1986	0.1567	0.8607		
		0.9036	0.2769	0.5476	0.4537	0.1928	0.2711	0.4867	0.23	0.2926	0.5854	0.3841	0.758		0.5309	0.1816	0.3122	0.326	0.1433	0.1496	0.2374	0.1621	0.1794	0.2571	0.201	0.4964		
		0.2857	0.5244	0.2547	0.5785	0.1578	0.539	0.2488	0.5859	0.2454	0.3561	0.4622	0.9558		0.1609	0.4005	0.1871	0.3167	0.1276	0.2195	0.1558	0.3141	0.1496	0.2017	0.2651	0.4191		
		0.3183	0.2972	0.3446	0.2861	0.328	0.3694	0.2712	0.2667	0.2115	0.2198	0.2176	0.1983		0.2137	0.184	0.2027	0.1859	0.2369	0.1777	0.1485	0.1772	0.1332	0.1424	0.141	0.1322		
		
~End
Copyright © 2003 Molecular Devices. All rights reserved.
