##BLOCKS= 1          
Plate:	Plate#1	1.3	PlateFormat	Endpoint	Absorbance	Raw	FALSE	1						2	490 750	1	12	96	1	8	None	
	Temperature(¡C)	1	2	3	4	5	6	7	8	9	10	11	12		1	2	3	4	5	6	7	8	9	10	11	12		
	22.50	0.1991	0.3565	0.2407	0.2327	0.1747	0.2191	0.2836	0.1553	0.2317	0.2044	0.1639	0.3044		0.1248	0.2247	0.1822	0.1679	0.1273	0.1574	0.1901	0.1131	0.1702	0.15	0.1175	0.2121		
		0.4263	0.1879	0.7111	0.1792	0.321	0.1816	0.3051	0.2408	0.3008	0.2749	0.211	0.2859		0.3356	0.1406	0.486	0.1178	0.219	0.1174	0.2212	0.1801	0.2118	0.207	0.146	0.2004		
		0.2414	0.1422	0.242	0.2144	0.3985	0.3205	0.4152	0.1723	0.1585	0.2991	0.2584	0.28		0.1382	0.1159	0.1782	0.1154	0.273	0.2306	0.285	0.126	0.1131	0.2196	0.1786	0.2008		
		0.1927	0.4947	0.3009	0.2657	0.1807	0.2356	0.313	0.352	0.2479	0.3572	0.2678	0.1969		0.1333	0.3359	0.2205	0.1918	0.1278	0.1675	0.231	0.2523	0.1753	0.2761	0.1992	0.1542		
		0.2398	0.3456	0.2089	0.2359	0.2004	0.2072	0.4579	0.173	0.423	0.2592	0.1812	0.2375		0.1518	0.2457	0.1543	0.1521	0.1245	0.1437	0.3356	0.126	0.3195	0.1909	0.1265	0.1605		
		0.2737	0.1787	0.3508	0.2396	0.1986	0.2033	0.2474	0.1926	0.208	0.1817	0.2125	0.3072		0.2102	0.1448	0.2505	0.1807	0.1513	0.1533	0.1495	0.1452	0.1525	0.1304	0.1564	0.2231		
		0.3032	0.3949	0.285	0.2539	0.133	0.1646	0.1661	0.2753	0.2018	0.2525	0.1771	0.257		0.214	0.3407	0.2199	0.1941	0.1068	0.1272	0.1159	0.1737	0.1198	0.1634	0.1353	0.1908		
		0.1784	0.2207	0.226	0.2843	0.1862	0.2029	0.2237	0.2229	0.1786	0.1383	0.1565	0.2194		0.1274	0.1429	0.1477	0.2144	0.141	0.1284	0.1273	0.1571	0.1106	0.1059	0.1123	0.1499		
		
~End
Copyright © 2003 Molecular Devices. All rights reserved.
