##BLOCKS= 1          
Plate:	Plate#1	1.3	PlateFormat	Endpoint	Absorbance	Raw	FALSE	1						2	490 750	1	12	96	1	8	None	
	Temperature(¡C)	1	2	3	4	5	6	7	8	9	10	11	12		1	2	3	4	5	6	7	8	9	10	11	12		
	22.50	0.2234	0.3988	0.1466	0.2105	0.1775	0.4866	0.1696	0.1816	0.2122	0.2617	0.1675	0.4306		0.1482	0.2506	0.1111	0.1545	0.1326	0.3661	0.1231	0.1318	0.1562	0.1956	0.1209	0.318		
		0.4956	0.1574	0.5137	0.2115	0.4301	0.1888	0.2825	0.2845	0.3857	0.1787	0.1975	0.4299		0.4007	0.1219	0.3472	0.1493	0.2962	0.1312	0.1999	0.2163	0.2732	0.1281	0.1315	0.3099		
		0.2356	0.1352	0.1775	0.3118	0.6884	0.2162	0.3007	0.2048	0.1547	0.2387	0.3907	0.2999		0.139	0.1077	0.1321	0.1394	0.4497	0.1593	0.2209	0.1503	0.1149	0.1741	0.2799	0.2159		
		0.2279	0.275	0.477	0.2268	0.4246	0.1926	0.1946	0.3759	0.3608	0.2557	0.2839	0.1696		0.1664	0.2049	0.3489	0.1611	0.3328	0.1476	0.1414	0.2747	0.2486	0.1891	0.2115	0.1307		
		0.2841	0.2096	0.1779	0.3572	0.1884	0.2125	0.3549	0.1642	0.3755	0.2668	0.2022	0.2186		0.1772	0.1509	0.1225	0.238	0.1272	0.1561	0.2631	0.1195	0.2761	0.1943	0.1442	0.1593		
		0.2998	0.391	0.238	0.191	0.484	0.2107	0.2909	0.3041	0.1636	0.1654	0.2207	0.2732		0.2264	0.333	0.1805	0.147	0.3472	0.1571	0.191	0.2297	0.1218	0.1203	0.1636	0.2013		
		0.2162	0.3117	0.1799	0.3229	0.1472	0.1718	0.1772	0.1784	0.4586	0.1785	0.1863	0.3771		0.1709	0.2693	0.1383	0.24	0.1186	0.1306	0.1138	0.1112	0.2788	0.1235	0.1412	0.2764		
		0.2975	0.2138	0.154	0.212	0.199	0.2495	0.2858	0.1815	0.1979	0.2274	0.1595	0.1723		0.1977	0.1395	0.0971	0.1596	0.1517	0.1565	0.1659	0.1314	0.1229	0.1721	0.1133	0.1203		
		
~End
Copyright © 2003 Molecular Devices. All rights reserved.
