##BLOCKS= 1          
Plate:	Plate#1	1.3	PlateFormat	Endpoint	Absorbance	Raw	FALSE	1						2	490 750	1	12	96	1	8	None	
	Temperature(¡C)	1	2	3	4	5	6	7	8	9	10	11	12		1	2	3	4	5	6	7	8	9	10	11	12		
	21.90	0.2803	1.046	0.2408	0.3183	0.2453	0.2687	0.2473	0.2165	0.2181	0.416	0.148	0.5895		0.1526	0.2941	0.136	0.1368	0.1429	0.1375	0.1164	0.1401	0.1282	0.153	0.111	0.1616		
		0.4643	0.1738	0.6605	0.2452	0.8063	0.2434	0.3939	0.1851	0.4312	0.199	0.1765	0.3665		0.3671	0.1265	0.2474	0.1201	0.2625	0.1213	0.1714	0.1467	0.1438	0.1085	0.1147	0.1284		
		0.4084	0.1366	0.2995	0.3241	0.625	0.2126	0.4999	0.2191	0.2077	0.2374	0.3654	0.5238		0.2342	0.107	0.1595	0.1419	0.2007	0.1133	0.2236	0.136	0.1187	0.121	0.1642	0.1606		
		0.3331	0.4742	0.261	0.3096	0.3118	0.2626	0.2161	0.5282	0.232	0.4596	0.3179	0.3105		0.1515	0.151	0.136	0.1417	0.1494	0.1447	0.1302	0.164	0.1307	0.1673	0.138	0.1371		
		0.2435	0.4308	0.2117	0.4931	0.1751	0.2308	0.6937	0.2923	0.7119	0.2901	0.3137	0.2474		0.1468	0.1592	0.138	0.163	0.1103	0.1208	0.1891	0.1358	0.1989	0.1285	0.1473	0.1187		
		0.2078	0.2003	0.2629	0.1999	0.191	0.1756	0.2818	0.2286	0.173	0.1993	0.1894	0.204		0.1801	0.1622	0.2083	0.1584	0.1506	0.1203	0.1358	0.1803	0.1252	0.1216	0.1312	0.1296		
		0.1952	0.2195	0.2032	0.2993	0.1351	0.288	0.2195	0.2675	0.5238	0.23	0.1879	0.2188		0.1464	0.1905	0.1611	0.2033	0.1093	0.2205	0.1226	0.1273	0.1907	0.1181	0.1366	0.1623		
		0.3204	0.2596	1.0767	0.2697	0.1973	0.4505	0.2157	0.1634	0.3153	0.2404	0.2234	0.2527		0.2251	0.137	0.7689	0.2068	0.1569	0.1576	0.1126	0.1264	0.124	0.1513	0.1165	0.1227		
		
~End
Copyright © 2003 Molecular Devices. All rights reserved.
