##BLOCKS= 1          
Plate:	Plate#1	1.3	PlateFormat	Endpoint	Absorbance	Raw	FALSE	1						2	490 750	1	12	96	1	8	None	
	Temperature(¡C)	1	2	3	4	5	6	7	8	9	10	11	12		1	2	3	4	5	6	7	8	9	10	11	12		
	21.90	0.2053	0.9359	0.2931	0.2991	0.1799	0.2788	0.3996	0.2036	0.204	0.223	0.1394	0.9596		0.1224	0.2801	0.1631	0.1431	0.1236	0.1492	0.14	0.1367	0.1316	0.1158	0.1037	0.2708		
		0.5063	0.2176	0.7556	0.241	0.5662	0.2508	0.5167	0.2566	0.3868	0.2119	0.1661	0.4436		0.4001	0.1511	0.2792	0.1335	0.2845	0.1287	0.2204	0.1997	0.148	0.1523	0.1115	0.1392		
		0.5476	0.1452	0.2582	0.2645	0.5149	0.428	0.3848	0.2506	0.2727	0.2817	0.4534	0.8586		0.2809	0.1125	0.1473	0.1382	0.2363	0.1592	0.2107	0.167	0.1496	0.2056	0.1944	0.2142		
		0.444	0.6381	0.3844	0.2933	0.3135	0.2109	0.3254	0.4874	0.2416	0.3049	0.3055	0.2884		0.1586	0.184	0.1742	0.1641	0.1674	0.1202	0.1406	0.1501	0.1401	0.143	0.129	0.1268		
		0.2675	0.4608	0.3854	0.3375	0.1907	0.2412	0.877	0.2431	0.482	0.3883	0.1877	0.4736		0.1474	0.1724	0.1802	0.1653	0.1224	0.1271	0.2308	0.1419	0.1578	0.2634	0.1148	0.2257		
		0.2503	0.1546	0.3067	0.2077	0.2322	0.2534	0.2474	0.2242	0.1685	0.2024	0.1632	0.3428		0.1746	0.1299	0.2438	0.1664	0.1842	0.1544	0.1279	0.1765	0.1259	0.1357	0.1235	0.2245		
		0.2515	0.3628	0.1949	0.2179	0.1418	0.1848	0.4273	0.2967	0.3368	0.4912	0.1744	0.2009		0.1392	0.3398	0.1549	0.1611	0.1143	0.1461	0.1749	0.1301	0.1682	0.1775	0.1339	0.1574		
		0.2002	0.2277	1.2081	0.2022	0.2371	0.3276	0.381	0.1609	0.4399	1.1014	0.2253	0.3563		0.1352	0.1192	1.0937	0.1616	0.1887	0.1373	0.1466	0.1213	0.1739	1.0086	0.1263	0.1615		
		
~End
Copyright © 2003 Molecular Devices. All rights reserved.
