##BLOCKS= 1          
Plate:	Plate#1	1.3	PlateFormat	Endpoint	Absorbance	Raw	FALSE	1						2	490 750	1	12	96	1	8	None	
	Temperature(¡C)	1	2	3	4	5	6	7	8	9	10	11	12		1	2	3	4	5	6	7	8	9	10	11	12		
	22.00	0.3323	1.3009	0.2963	0.4401	0.2261	0.4021	0.5407	0.1988	0.2037	0.302	0.1616	0.6988		0.1694	0.3366	0.1385	0.2116	0.1257	0.1689	0.1742	0.1357	0.1179	0.1342	0.1177	0.1863		
		0.2911	0.2075	1.5937	0.3532	0.8153	0.2875	0.4027	0.2131	0.4079	0.2563	0.1777	0.5747		0.2307	0.1508	0.4787	0.1469	0.2347	0.1272	0.1519	0.1656	0.1353	0.1282	0.1092	0.1522		
		0.7455	0.175	0.2558	0.2789	0.9571	0.4887	0.3929	0.3037	0.2803	0.3185	0.402	0.8544		0.2289	0.1367	0.1462	0.1319	0.3242	0.1754	0.2173	0.1553	0.1713	0.1875	0.1533	0.2132		
		0.5224	0.7756	0.6398	0.3087	0.348	0.3659	0.33	0.677	0.2804	0.3385	0.319	0.2931		0.2124	0.2078	0.2129	0.1389	0.1689	0.2085	0.1423	0.1722	0.1387	0.1772	0.129	0.1244		
		0.3803	0.9737	0.2223	0.4843	0.2182	0.3592	0.5848	0.3285	0.9089	0.4678	0.2072	0.4003		0.2179	0.3162	0.1391	0.1835	0.1237	0.1384	0.1882	0.1439	0.2344	0.177	0.1132	0.1542		
		0.2425	0.186	0.2178	0.3042	0.1971	0.1835	0.4179	0.2416	0.5532	0.224	0.1929	0.2309		0.1871	0.1484	0.1681	0.2441	0.154	0.1194	0.1796	0.187	0.2172	0.1448	0.1279	0.1413		
		0.2123	0.3554	0.1853	0.2975	0.1402	0.2102	0.2493	0.4784	0.3332	0.2389	0.189	0.4189		0.1272	0.3057	0.1505	0.2056	0.112	0.1639	0.1316	0.1684	0.1438	0.116	0.1277	0.3078		
		0.3047	0.3455	0.3452	0.2744	0.1995	0.3371	0.3533	0.1458	0.3484	0.4834	0.2596	0.2253		0.1812	0.1646	0.1415	0.2069	0.1573	0.1806	0.181	0.1143	0.1378	0.2695	0.1246	0.1241		
		
~End
Copyright © 2003 Molecular Devices. All rights reserved.
