##BLOCKS= 1          
Plate:	Plate#1	1.3	PlateFormat	Endpoint	Absorbance	Raw	FALSE	1						2	490 750	1	12	96	1	8	None	
	Temperature(¡C)	1	2	3	4	5	6	7	8	9	10	11	12		1	2	3	4	5	6	7	8	9	10	11	12		
	22.50	0.217	0.6877	0.2059	0.3912	0.2134	0.3531	0.3552	0.1961	0.303	0.2141	0.2669	0.4618		0.147	0.4653	0.1426	0.2484	0.1467	0.2491	0.2261	0.1348	0.2089	0.1427	0.181	0.321		
		0.3524	0.2152	0.9183	0.3383	0.5853	0.2386	0.4807	0.4964	0.4635	0.2578	0.1809	0.53		0.2753	0.1565	0.6296	0.2407	0.4048	0.1586	0.3363	0.354	0.3113	0.1744	0.1267	0.3829		
		0.2767	0.1494	0.2633	0.2689	0.6172	0.3166	0.5801	0.2254	0.231	0.4301	0.4413	0.5303		0.1821	0.1218	0.1758	0.1589	0.4182	0.2112	0.3218	0.1544	0.1592	0.3025	0.3013	0.365		
		0.3117	0.5756	0.5676	0.4037	0.2599	0.2901	0.2658	0.4098	0.4022	0.2831	0.441	0.2607		0.2263	0.4119	0.3921	0.2866	0.1799	0.2059	0.1756	0.2672	0.2705	0.1906	0.2913	0.179		
		0.3186	0.4481	0.1872	0.4895	0.3627	0.2769	0.614	0.2062	0.507	0.5176	0.2176	0.3721		0.2034	0.3046	0.1268	0.3242	0.2518	0.1834	0.4213	0.1342	0.3582	0.3521	0.1532	0.2585		
		0.4284	0.4731	0.6151	0.3401	0.4203	0.2795	0.3134	0.2541	0.2102	0.2095	0.5593	0.5157		0.2871	0.3407	0.3481	0.2411	0.2903	0.1948	0.1609	0.1737	0.1442	0.1407	0.2898	0.3074		
		0.3685	0.4633	0.2276	0.4398	0.157	0.2804	0.2142	0.2541	0.2306	0.2937	0.2721	0.4414		0.2086	0.4111	0.1707	0.2782	0.1264	0.1923	0.1329	0.1481	0.1279	0.1699	0.1792	0.2681		
		0.2544	0.3155	0.2027	0.3751	0.3534	0.254	0.2011	0.1701	0.2585	0.1682	0.1741	0.1894		0.1714	0.2151	0.1214	0.2541	0.2474	0.1556	0.1204	0.1183	0.1577	0.1199	0.12	0.1244		
		
~End
Copyright © 2003 Molecular Devices. All rights reserved.
