##BLOCKS= 1          
Plate:	Plate#1	1.3	PlateFormat	Endpoint	Absorbance	Raw	FALSE	1						2	490 750	1	12	96	1	8	None	
	Temperature(¡C)	1	2	3	4	5	6	7	8	9	10	11	12		1	2	3	4	5	6	7	8	9	10	11	12		
	22.10	0.1816	0.3211	0.2354	0.199	0.2336	0.203	0.3933	0.2412	0.2683	0.2304	0.5024	0.7997		0.1272	0.1858	0.1638	0.1424	0.1675	0.1458	0.2737	0.1703	0.1933	0.1563	0.3062	0.4335		
		0.4504	0.2053	0.7304	0.1691	0.4445	0.2066	0.1644	0.3425	0.652	0.2387	0.1725	0.5437		0.3739	0.1465	0.4221	0.1142	0.269	0.1533	0.125	0.2557	0.4804	0.1745	0.1158	0.385		
		0.1704	0.1349	0.2249	0.178	0.3199	0.2401	0.3158	0.2084	0.2259	0.235	0.3496	0.5812		0.1066	0.1081	0.1642	0.1162	0.2118	0.1607	0.2274	0.1494	0.1589	0.1658	0.2168	0.3758		
		0.1973	0.278	0.232	0.4397	0.1915	0.2115	0.23	0.631	0.2281	0.2203	0.299	0.2798		0.1405	0.1958	0.1606	0.2829	0.1387	0.1545	0.1541	0.4249	0.1626	0.159	0.1987	0.1978		
		0.2956	0.3986	0.1787	0.2608	0.1447	0.2444	0.2792	0.1712	0.5401	0.1908	0.2778	0.149		0.1726	0.2842	0.1296	0.1758	0.1081	0.1714	0.1885	0.1313	0.3576	0.138	0.193	0.1043		
		0.288	0.3447	0.6536	0.3099	0.3134	0.2017	0.1814	0.4238	0.1938	0.1772	0.2632	0.5485		0.2175	0.2646	0.3056	0.1884	0.1998	0.1541	0.1267	0.1905	0.1434	0.1336	0.1851	0.2479		
		0.1955	0.2303	0.4079	0.2139	0.1382	0.2312	0.1581	0.1747	0.1652	0.1695	0.3187	0.1788		0.1678	0.2002	0.2202	0.1572	0.1124	0.1683	0.116	0.1205	0.1117	0.1124	0.2161	0.1334		
		0.2419	0.1777	0.1788	0.5487	0.3033	0.1669	0.1793	0.2169	0.1936	0.1737	0.1989	0.1758		0.1652	0.119	0.1137	0.2237	0.2261	0.1114	0.1129	0.1436	0.1379	0.1304	0.145	0.1239		
		
~End
Copyright © 2003 Molecular Devices. All rights reserved.
