##BLOCKS= 1          
Plate:	Plate#1	1.3	PlateFormat	Endpoint	Absorbance	Raw	FALSE	1						2	490 750	1	12	96	1	8	None	
	Temperature(¡C)	1	2	3	4	5	6	7	8	9	10	11	12		1	2	3	4	5	6	7	8	9	10	11	12		
	22.10	0.2134	0.3616	0.1805	0.2181	0.1688	0.1841	0.4589	0.2311	0.301	0.2043	0.4077	0.7022		0.1401	0.2191	0.1319	0.156	0.1244	0.1331	0.3264	0.1605	0.2186	0.1417	0.2451	0.373		
		0.2901	0.1991	0.7751	0.1692	0.361	0.2035	0.1462	0.3644	0.4926	0.2316	0.1564	0.7355		0.2309	0.1462	0.479	0.1117	0.2348	0.1494	0.1103	0.2704	0.3524	0.1717	0.1062	0.5309		
		0.1791	0.1505	0.2234	0.1755	0.2778	0.2424	0.2864	0.2174	0.2092	0.1954	0.3342	0.533		0.1111	0.1222	0.1666	0.1299	0.1858	0.1601	0.2081	0.1548	0.1497	0.1407	0.2213	0.3533		
		0.1886	0.397	0.2671	0.5463	0.1949	0.2082	0.2389	0.5946	0.2327	0.1915	0.2374	0.2314		0.1304	0.2627	0.1823	0.3735	0.1427	0.1575	0.1637	0.4018	0.1691	0.1398	0.1757	0.1715		
		0.3357	0.4122	0.1894	0.2453	0.17	0.1994	0.2496	0.1754	0.6036	0.2167	0.1592	0.1627		0.1753	0.2974	0.1406	0.1697	0.1311	0.1426	0.1654	0.135	0.3917	0.1544	0.1175	0.1111		
		0.3202	0.3038	0.8541	0.3547	0.3248	0.2075	0.1949	0.4581	0.1902	0.1772	0.3186	0.7053		0.2209	0.2425	0.3747	0.2129	0.1933	0.1527	0.1339	0.2056	0.1422	0.135	0.213	0.2829		
		0.1732	0.2572	0.3656	0.2642	0.1177	0.2481	0.1788	0.2091	0.1573	0.1567	0.2894	0.2319		0.1334	0.2153	0.1979	0.1896	0.0962	0.1777	0.1275	0.1399	0.109	0.1084	0.2089	0.1725		
		0.2151	0.1816	0.1721	0.6826	0.284	0.1831	0.1609	0.2143	0.1747	0.1771	0.1651	0.2119		0.1531	0.1264	0.1067	0.2836	0.2102	0.1233	0.1079	0.1531	0.1253	0.1305	0.123	0.1497		
		
~End
Copyright © 2003 Molecular Devices. All rights reserved.
