##BLOCKS= 1          
Plate:	Plate#1	1.3	PlateFormat	Endpoint	Absorbance	Raw	FALSE	1						2	490 750	1	12	96	1	8	None	
	Temperature(¡C)	1	2	3	4	5	6	7	8	9	10	11	12		1	2	3	4	5	6	7	8	9	10	11	12		
	22.10	0.1912	0.3644	0.1825	0.1953	0.2181	0.1953	0.5292	0.2315	0.3134	0.1886	0.4319	0.7271		0.1309	0.2192	0.134	0.1381	0.1577	0.1413	0.3857	0.1613	0.2255	0.1344	0.2729	0.4045		
		0.5053	0.2174	0.8603	0.2065	0.48	0.2252	0.1623	0.3676	0.4564	0.2479	0.1495	0.5747		0.3958	0.1579	0.4995	0.1389	0.2962	0.1685	0.1234	0.2754	0.3281	0.183	0.1037	0.4051		
		0.1716	0.126	0.3337	0.3134	0.4374	0.2635	0.2435	0.2519	0.2437	0.2086	0.2701	0.4771		0.1064	0.1005	0.2117	0.2484	0.2897	0.1761	0.1783	0.1801	0.1734	0.1505	0.1863	0.3173		
		0.2129	0.2622	0.3505	0.4853	0.2161	0.1839	0.224	0.5301	0.2659	0.2191	0.2214	0.2186		0.1432	0.1852	0.2336	0.3215	0.1546	0.1372	0.1568	0.3536	0.1909	0.1631	0.1601	0.162		
		0.3784	0.4553	0.2728	0.252	0.1417	0.2137	0.3146	0.1607	0.6947	0.2266	0.1932	0.1669		0.2085	0.3232	0.1989	0.1782	0.1063	0.1532	0.2152	0.1244	0.4559	0.1606	0.1395	0.1135		
		0.3713	0.2492	0.9592	0.3011	0.2893	0.1886	0.198	0.4642	0.2001	0.1797	0.3862	0.6795		0.2655	0.1931	0.3239	0.1838	0.1783	0.1454	0.1359	0.2166	0.1472	0.1375	0.2429	0.2716		
		0.1737	0.3257	0.4387	0.2622	0.122	0.2436	0.1574	0.1795	0.1514	0.1669	0.3219	0.2836		0.1318	0.3005	0.2292	0.188	0.0994	0.1745	0.1123	0.1209	0.1033	0.1152	0.2277	0.2037		
		0.2091	0.2026	0.1889	0.5727	0.2529	0.1681	0.1697	0.2225	0.177	0.4618	0.175	0.1981		0.1446	0.1409	0.1235	0.243	0.1845	0.1179	0.1104	0.1585	0.1256	0.4149	0.1297	0.141		
		
~End
Copyright © 2003 Molecular Devices. All rights reserved.
