##BLOCKS= 1          
Plate:	Plate#1	1.3	PlateFormat	Endpoint	Absorbance	Raw	FALSE	1						2	490 750	1	12	96	1	8	None	
	Temperature(¡C)	1	2	3	4	5	6	7	8	9	10	11	12		1	2	3	4	5	6	7	8	9	10	11	12		
	22.90	0.3398	1.3793	0.265	2.7799	0.3419	1.2759	1.5787	0.5191	1.2703	0.5813	1.8936	1.949		0.2123	0.7355	0.164	1.2229	0.1769	0.7282	0.7522	0.3271	0.8412	0.4171	1.0585	1.2723		
		0.5149	0.3096	2.1188	1.6578	1.435	0.5781	1.4262	0.9721	1.8192	0.6193	0.1932	1.7601		0.393	0.2122	1.179	1.0763	0.9191	0.306	0.947	0.6033	1.1436	0.3411	0.1397	1.0471		
		0.4064	0.29	0.7148	1.7897	1.6598	1.1553	1.3747	1.3982	0.3315	2.0343	1.6137	1.7528		0.2501	0.1627	0.4124	1.0735	0.7791	0.7539	0.671	0.9044	0.1747	1.3442	0.9796	1.0792		
		2.1585	1.712	2.2922	1.818	1.6839	0.7698	0.9396	1.5476	1.9483	0.6334	2.0653	1.8327		1.3537	1.0324	1.2618	1.1077	1.033	0.3716	0.4782	0.9372	1.2066	0.3283	1.0986	0.9913		
		0.4634	2.1703	2.1889	2.2034	1.2574	1.6686	2.3685	0.4886	1.9169	2.4247	0.3625	2.045		0.2602	0.807	1.2	1.2086	0.7964	0.8689	1.2932	0.3142	1.1176	1.2491	0.1986	1.1986		
		0.4861	1.4838	1.6514	2.4747	2.6613	1.5197	0.9495	0.4026	0.3277	2.4175	1.7505	2.375		0.3189	0.5399	0.6698	0.9565	1.0402	0.5697	0.4565	0.2071	0.1951	0.7628	0.6441	1.1125		
		1.245	1.2893	0.7142	1.4599	0.5048	1.522	0.3481	0.2449	0.2666	0.3269	0.2869	0.2167		0.5114	0.7258	0.3596	0.5765	0.3168	0.508	0.2053	0.1487	0.1664	0.1873	0.1685	0.1408		
		0.2764	0.3563	0.1716	0.3759	0.2413	0.3679	0.264	0.2341	0.2141	0.191	0.2548	0.2791		0.1625	0.2154	0.1149	0.1991	0.1567	0.1984	0.1467	0.1399	0.1298	0.1248	0.1489	0.1557		
		
~End
Copyright © 2003 Molecular Devices. All rights reserved.
