##BLOCKS= 1          
Plate:	Plate#1	1.3	PlateFormat	Endpoint	Absorbance	Raw	FALSE	1						2	490 750	1	12	96	1	8	None	
	Temperature(¡C)	1	2	3	4	5	6	7	8	9	10	11	12		1	2	3	4	5	6	7	8	9	10	11	12		
	22.90	0.253	1.8187	0.2661	2.2821	0.3721	0.8872	1.1089	0.3997	1.0595	0.6673	1.8798	1.7607		0.172	0.8895	0.1632	1.0356	0.2114	0.4913	0.5032	0.238	0.6575	0.5088	1.1019	1.1324		
		0.462	0.3086	2.0114	1.4683	1.5182	0.4951	1.5142	0.8103	1.6838	0.4212	0.1543	2.0753		0.3928	0.2002	1.0977	0.9354	1.0134	0.2818	0.9877	0.4827	1.0448	0.2386	0.1116	1.1023		
		0.3721	0.2405	0.5797	1.7377	1.6635	1.4432	1.4529	1.1115	0.4479	1.3867	1.8127	1.8794		0.2451	0.1419	0.3309	1.0489	0.8493	0.9392	0.678	0.7306	0.2213	0.9709	1.0839	1.0958		
		1.9152	2.0526	2.0671	1.5098	1.3051	0.3386	0.5748	1.2353	1.409	0.4346	1.9541	1.4144		1.2615	1.2524	1.1757	0.9791	0.8052	0.1874	0.3013	0.8003	0.8735	0.2354	1.0183	0.8218		
		0.5193	1.6461	2.0378	2.2479	1.2434	1.3484	2.4247	0.2762	2.2761	1.958	0.4254	1.717		0.264	0.5441	1.0706	1.2004	0.7624	0.6751	1.2827	0.175	1.3236	0.9935	0.2345	1.0216		
		0.446	1.6418	1.0755	2.1732	2.4232	0.8888	1.0995	0.4346	0.2599	1.9755	1.6627	2.1935		0.3213	0.5799	0.4241	0.8138	0.8976	0.3982	0.5038	0.2465	0.1636	0.7149	0.5922	0.7824		
		1.8646	0.9979	0.6871	1.4556	0.16	1.7386	0.2832	0.2835	0.2085	0.2784	0.2556	0.2155		0.5822	0.5415	0.336	0.5609	0.1191	0.4531	0.1771	0.1571	0.1276	0.1674	0.155	0.1359		
		0.2597	0.3438	0.2227	0.3553	0.4683	0.4611	0.349	0.3019	0.2585	1.0383	0.2354	0.2729		0.1716	0.1987	0.1438	0.1846	0.2822	0.2392	0.1982	0.162	0.1432	0.9569	0.1485	0.1652		
		
~End
Copyright © 2003 Molecular Devices. All rights reserved.
