##BLOCKS= 1          
Plate:	Plate#1	1.3	PlateFormat	Endpoint	Absorbance	Raw	FALSE	1						2	490 750	1	12	96	1	8	None	
	Temperature(¡C)	1	2	3	4	5	6	7	8	9	10	11	12		1	2	3	4	5	6	7	8	9	10	11	12		
	23.50	0.6034	1.8339	0.3622	2.4985	0.3783	0.5026	1.707	0.4431	2.0876	0.8086	1.9735	2.4451		0.289	1.0866	0.2127	1.2	0.2351	0.3026	0.5902	0.3167	1.4034	0.555	1.1792	1.3713		
		0.6378	0.5092	2.6906	0.4011	2.6028	0.7464	2.3671	1.2229	2.636	0.5619	1.8227	2.7021		0.5057	0.3604	1.4843	0.2316	1.5233	0.3712	1.3756	0.9713	1.6598	0.3689	1.1396	1.5401		
		0.6587	0.1419	0.735	0.7681	2.4272	2.3123	2.2871	0.5884	0.7636	1.3023	2.3324	2.5395		0.3713	0.1128	0.4825	0.4025	1.0954	1.4536	0.918	0.4094	0.5698	0.9618	1.489	1.4433		
		2.153	2.505	2.4153	2.5721	0.3875	1.7452	0.4818	2.5113	2.0533	0.5216	2.5784	1.7407		1.3415	1.4893	1.5734	1.5193	0.2384	1.2368	0.2983	1.4493	1.2608	0.2947	1.3821	1.0609		
		0.4279	1.7397	0.2977	1.5669	1.0623	1.9	2.5041	0.524	2.8625	2.1177	0.4287	2.5612		0.2532	0.6135	0.1828	0.936	0.5134	1.2822	1.4738	0.3436	1.6613	1.1694	0.2543	1.4433		
		0.8029	1.058	0.8454	2.4104	2.3571	1.2723	0.9382	0.4024	0.4724	1.4087	1.0041	2.4359		0.6233	0.6518	0.6153	1.2439	0.8962	0.7354	0.4827	0.3045	0.3075	0.6974	0.5984	1.0889		
		1.5446	1.4965	0.4303	0.7217	1.4046	0.7421	0.6036	1.4679	0.4911	0.8495	0.7607	2.3299		0.7348	1.0657	0.3397	0.517	0.8744	0.5687	0.3207	0.8166	0.262	0.4779	0.4235	0.9743		
		0.5631	0.519	0.7368	0.4265	0.6913	0.5265	0.4669	0.3152	0.5118	0.3103	0.702	0.3595		0.3531	0.284	0.4356	0.3239	0.5264	0.281	0.2155	0.2059	0.2672	0.1955	0.3546	0.2092		
		
~End
Copyright © 2003 Molecular Devices. All rights reserved.
