##BLOCKS= 1          
Plate:	Plate#1	1.3	PlateFormat	Endpoint	Absorbance	Raw	FALSE	1						2	490 750	1	12	96	1	8	None	
	Temperature(¡C)	1	2	3	4	5	6	7	8	9	10	11	12		1	2	3	4	5	6	7	8	9	10	11	12		
	23.50	0.3008	2.2361	0.3191	2.7617	0.4182	0.4974	1.4515	0.382	2.06	0.7321	1.3469	2.684		0.1602	1.2749	0.1888	1.4762	0.2533	0.3152	0.5002	0.2715	1.3541	0.4847	0.9317	1.5277		
		0.5413	0.6239	2.4927	0.3637	2.4682	0.416	2.1315	1.1137	2.495	0.4902	1.7019	2.5977		0.4134	0.4514	1.4337	0.223	1.4471	0.2216	1.3435	0.8802	1.4856	0.3394	1.1091	1.5821		
		0.6212	0.1425	0.7531	0.7256	2.246	2.0597	2.4236	0.8732	0.6138	1.3408	2.2267	2.6677		0.2773	0.1132	0.5021	0.4175	1.0706	1.3671	0.9597	0.5236	0.4335	0.9175	1.4825	1.5411		
		1.7891	2.5977	2.1488	2.5706	0.3808	1.7653	0.4404	2.5749	2.2579	0.7889	2.6033	2.0803		1.0807	1.6144	1.3248	1.6109	0.2381	1.3009	0.2878	1.4879	1.5049	0.4157	1.4033	1.3545		
		0.4271	1.6843	0.3077	1.889	1.0955	1.8832	2.5253	0.4158	2.7456	2.5194	0.3535	2.5886		0.2548	0.6557	0.1931	1.2676	0.4961	1.2388	1.5008	0.2786	1.6001	1.537	0.2191	1.4831		
		0.8757	0.8522	0.924	2.4358	2.573	1.665	0.6976	0.4591	0.5233	2.3773	1.2468	2.2032		0.6247	0.5401	0.6385	1.2602	0.9727	0.8834	0.3689	0.3455	0.3568	0.9643	0.7877	1.029		
		1.2889	1.4534	0.49	0.813	1.1118	0.9008	0.71	1.0518	0.6049	1.2543	0.6883	1.9262		0.5879	1.0127	0.3852	0.5979	0.8001	0.6868	0.3928	0.6614	0.3049	0.667	0.4017	0.8188		
		0.5128	0.5296	0.7036	0.6411	1.6239	0.5272	0.3962	0.3869	0.519	0.2625	0.301	0.3482		0.3699	0.3073	0.421	0.4967	0.8205	0.2912	0.1986	0.2498	0.2685	0.1687	0.1776	0.207		
		
~End
Copyright © 2003 Molecular Devices. All rights reserved.
