##BLOCKS= 1          
Plate:	Plate#1	1.3	PlateFormat	Endpoint	Absorbance	Raw	FALSE	1						2	490 750	1	12	96	1	8	None	
	Temperature(¡C)	1	2	3	4	5	6	7	8	9	10	11	12		1	2	3	4	5	6	7	8	9	10	11	12		
	21.30	0.387	1.448	0.3652	1.6051	0.371	0.5516	0.3065	0.3453	1.0152	0.5972	0.9259	1.7826		0.2238	1.061	0.2128	1.0748	0.2267	0.3133	0.1613	0.228	0.701	0.3148	0.4306	1.2596		
		0.6457	1.4391	1.6121	1.537	1.4036	0.357	1.1109	0.28	1.6402	0.4002	0.2169	1.6201		0.5053	1.1939	1.1959	1.1664	1.0785	0.2143	0.7584	0.1991	1.0992	0.2639	0.1438	1.1014		
		0.5056	0.291	1.1219	1.0028	1.2348	0.9145	1.3145	1.6195	0.5733	1.576	0.9472	1.7341		0.272	0.1755	0.6664	0.6617	0.8594	0.5863	0.7667	1.2652	0.3487	1.2349	0.6284	1.3033		
		1.6592	1.6198	1.7331	1.5905	0.4785	1.1333	0.6197	1.6537	1.2929	0.4565	1.5591	1.4995		1.2842	1.1113	1.3406	1.1491	0.3067	0.8118	0.3741	1.1013	0.9551	0.2738	1.1045	1.142		
		0.5687	1.2972	2.1262	1.6763	1.0347	1.5773	1.9141	0.3947	1.803	1.6183	0.3928	2.4323		0.3308	0.489	1.5172	1.2079	0.7025	1.2096	1.3818	0.2381	1.1921	1.0283	0.2207	1.2744		
		0.9493	1.0209	2.0147	1.3062	0.4795	1.2474	0.7301	0.3405	0.4457	1.495	0.9676	1.9552		0.6105	0.5602	1.0465	0.895	0.3154	0.7141	0.4166	0.2428	0.3019	0.7659	0.4697	0.9585		
		1.3774	0.7915	0.4792	1.1362	1.0153	0.8068	0.3637	0.9672	0.5558	0.7527	0.759	1.1513		0.7928	0.5671	0.3461	0.6384	0.7095	0.411	0.2119	0.4689	0.283	0.4451	0.471	0.7157		
		0.4884	0.7367	0.6793	0.5911	0.4529	0.5852	0.3707	0.3183	0.3906	0.6379	0.3236	0.4004		0.3563	0.4382	0.3668	0.3882	0.3318	0.3296	0.2075	0.2216	0.2172	0.4999	0.1813	0.2108		
		
~End
Copyright © 2003 Molecular Devices. All rights reserved.
