##BLOCKS= 1          
Plate:	Plate#1	1.3	PlateFormat	Endpoint	Absorbance	Raw	FALSE	1						2	490 750	1	12	96	1	8	None	
	Temperature(¡C)	1	2	3	4	5	6	7	8	9	10	11	12		1	2	3	4	5	6	7	8	9	10	11	12		
	21.20	0.2667	1.6907	0.4367	1.6192	0.4012	0.7386	0.4379	0.3934	1.1014	0.8156	1.3265	1.9511		0.1673	1.1235	0.2163	1.019	0.2116	0.3498	0.1912	0.2415	0.7358	0.3906	0.7721	1.1696		
		0.623	1.5008	1.5304	1.8007	1.8281	0.5934	1.5037	0.6893	1.8009	0.5131	0.2162	1.9299		0.4818	1.2223	1.1182	1.3016	1.3098	0.3152	0.9247	0.4749	1.1063	0.3035	0.139	1.2749		
		0.6117	0.2683	1.1208	1.1956	1.537	1.0696	1.5953	1.5719	1.1256	1.5733	1.0192	1.7835		0.2547	0.1588	0.659	0.7712	0.9958	0.6436	0.9029	1.2025	0.734	1.1822	0.7018	1.3395		
		1.7607	1.9422	1.8109	1.466	0.5311	1.3859	0.7736	1.9073	1.4523	0.768	1.4031	1.4391		1.2807	1.2898	1.3153	0.9665	0.2958	0.9167	0.4307	1.178	1.0498	0.4554	0.9926	1.0559		
		0.6212	1.1713	1.7327	1.6105	1.2865	1.5744	1.7374	0.3543	1.8723	1.3102	0.4483	2.3681		0.344	0.4292	1.1693	1.1408	0.7964	1.1663	1.2301	0.2052	1.2098	0.8114	0.2445	1.2895		
		0.9097	0.9537	1.5858	1.3581	0.419	1.5452	1.2949	0.3408	0.3377	1.1765	1.2177	1.9681		0.6274	0.5337	0.8463	0.9286	0.2774	0.7661	0.7427	0.2394	0.2362	0.5997	0.6108	1.0159		
		1.3727	0.7798	0.5842	1.2891	1.0039	1.1202	0.643	1.1578	0.5141	0.5993	0.6975	0.8285		0.6961	0.559	0.4119	0.7046	0.6763	0.5644	0.3405	0.5669	0.2751	0.3112	0.4374	0.4574		
		0.5395	0.6041	0.7003	0.4408	0.3566	0.464	0.5211	0.2515	0.4741	0.501	0.4615	0.3008		0.359	0.376	0.3562	0.2734	0.2566	0.2757	0.2729	0.1831	0.2324	0.3017	0.239	0.1879		
		
~End
Copyright © 2003 Molecular Devices. All rights reserved.
