##BLOCKS= 1          
Plate:	Plate#1	1.3	PlateFormat	Endpoint	Absorbance	Raw	FALSE	1						2	490 750	1	12	96	1	8	None	
	Temperature(¡C)	1	2	3	4	5	6	7	8	9	10	11	12		1	2	3	4	5	6	7	8	9	10	11	12		
	21.40	0.398	1.2433	0.3904	1.7766	0.3803	0.6568	0.329	0.4546	0.8694	0.5488	0.8873	1.7722		0.2279	0.9427	0.2521	1.1892	0.2508	0.3673	0.179	0.3157	0.5916	0.3225	0.3952	1.3234		
		0.6424	1.4543	1.5027	1.6936	1.6656	0.3813	1.0182	0.34	1.4727	0.3852	0.2692	1.7221		0.5079	1.2235	1.1299	1.338	1.2606	0.2413	0.7132	0.2354	1.0219	0.2628	0.1921	1.2294		
		0.4896	0.2572	0.8791	1.2361	1.2466	1.2373	1.4334	1.5183	0.9346	1.5914	1.0237	1.7402		0.3391	0.16	0.5574	0.8516	0.8641	0.7804	0.8353	1.1908	0.6681	1.2903	0.7451	1.3505		
		1.4485	1.7027	1.8814	1.3322	0.3829	1.23	0.5024	1.284	1.4848	0.5515	1.5201	1.6999		1.0638	1.2157	1.4233	0.9368	0.252	0.8861	0.3237	0.8453	1.1742	0.365	1.0749	1.3518		
		0.5648	0.8135	1.8021	1.5919	1.2321	1.3034	1.8747	0.2997	1.8854	1.1319	0.362	2.4301		0.3078	0.3394	1.3334	1.1966	0.8254	0.9804	1.3621	0.1886	1.3034	0.7549	0.229	1.2303		
		0.9954	1.0644	1.3199	1.3439	0.5028	1.347	1.1464	0.2945	0.3291	1.296	1.3882	1.6759		0.6663	0.5962	0.7086	0.917	0.339	0.8337	0.6436	0.215	0.2259	0.675	0.6773	0.8608		
		1.1955	1.0702	0.4905	1.5284	1.1509	1.1012	0.4838	0.7612	0.5309	0.5347	0.7635	1.029		0.6571	0.7836	0.3596	0.8695	0.7736	0.5896	0.285	0.398	0.3038	0.3234	0.475	0.5891		
		0.5855	0.5917	0.6088	0.5608	0.3941	0.4524	0.2954	0.253	0.3206	0.3575	0.2728	0.2917		0.4754	0.3903	0.3365	0.4029	0.2895	0.2669	0.1931	0.1741	0.1991	0.2382	0.1641	0.1754		
		
~End
Copyright © 2003 Molecular Devices. All rights reserved.
