##BLOCKS= 1          
Plate:	Plate#1	1.3	PlateFormat	Endpoint	Absorbance	Raw	FALSE	1						2	490 750	1	12	96	1	8	None	
	Temperature(¡C)	1	2	3	4	5	6	7	8	9	10	11	12		1	2	3	4	5	6	7	8	9	10	11	12		
	22.80	0.3048	1.3059	0.3905	2.5198	0.3141	1.4233	0.9008	0.6118	1.4106	0.7798	1.3471	1.8379		0.1691	0.8682	0.2287	1.6127	0.193	1.0048	0.4554	0.4327	0.9519	0.4822	0.4772	1.1517		
		0.5443	1.8309	1.5914	1.7037	1.6028	0.6383	1.6312	1.0349	1.3999	0.7344	1.4608	1.4813		0.4159	1.4296	1.0894	1.2211	1.1517	0.4235	1.1731	0.5895	0.8535	0.4768	0.9855	0.8711		
		0.4923	0.2316	1.0875	1.1438	1.2452	1.2357	1.5613	1.1755	1.6321	1.5218	1.8136	1.5313		0.3584	0.1397	0.7305	0.7963	0.8125	0.884	0.9602	0.8005	1.1769	1.0939	1.3102	1.0475		
		1.93	1.6616	1.5346	1.7459	0.5185	1.7171	1.3596	1.4316	1.2824	0.4909	1.3606	1.6741		1.4467	1.1239	1.0192	1.2027	0.323	1.2294	0.9111	0.731	0.8392	0.2973	0.9127	1.1791		
		0.6814	0.8498	0.3712	2.1781	1.8559	1.7646	2.1062	0.3924	1.4576	2.0101	0.4531	1.7722		0.335	0.2958	0.2191	1.3386	1.2272	1.1903	1.4472	0.2446	0.8662	1.3811	0.2814	1.0367		
		1.2397	1.0031	1.7345	1.7277	0.9645	1.5625	1.2634	0.4154	0.3397	1.9794	0.9062	1.4645		0.8923	0.6138	0.9792	1.1746	0.6838	0.9492	0.6925	0.2795	0.2264	1.2831	0.4921	0.826		
		1.0876	1.4122	0.7255	1.2866	0.9877	1.5792	0.5329	1.2494	0.4328	0.4562	1.248	1.2367		0.6121	0.9894	0.5364	0.7295	0.6686	0.9102	0.3458	0.8344	0.2853	0.322	0.8352	0.7823		
		0.5025	0.692	0.4648	0.4539	0.425	0.3274	0.444	0.3444	0.2936	0.2551	0.3802	0.3538		0.3172	0.4991	0.3174	0.3355	0.2949	0.2121	0.2814	0.2385	0.1865	0.1646	0.2143	0.2147		
		
~End
Copyright © 2003 Molecular Devices. All rights reserved.
