##BLOCKS= 1          
Plate:	Plate#1	1.3	PlateFormat	Endpoint	Absorbance	Raw	FALSE	1						2	490 750	1	12	96	1	8	None	
	Temperature(¡C)	1	2	3	4	5	6	7	8	9	10	11	12		1	2	3	4	5	6	7	8	9	10	11	12		
	23.10	0.3084	1.2482	0.2678	2.0455	0.3066	0.3978	0.5866	1.0161	1.8157	0.6617	1.767	1.8421		0.1795	0.7714	0.1765	1.1682	0.2098	0.2467	0.2473	0.7509	1.4389	0.446	1.0733	1.3347		
		0.7003	1.892	1.7361	0.358	1.5765	1.0119	1.4397	1.0347	1.72	0.5187	1.8004	1.7615		0.5346	1.5634	1.269	0.218	1.1169	0.6453	1.0782	0.7516	1.2628	0.3451	1.3949	1.3111		
		0.9411	0.211	1.412	0.9894	1.4654	1.1112	0.3143	1.4872	1.49	1.4226	1.7766	1.6555		0.502	0.1557	0.6935	0.7266	1.0017	0.6918	0.2036	1.0141	1.076	0.999	1.3558	1.2643		
		2.0961	2.3412	0.351	1.7733	0.3788	0.8834	0.3182	1.6258	0.6299	0.4575	1.2232	1.7788		1.7225	1.8783	0.2099	1.3141	0.2419	0.5745	0.2014	1.1202	0.398	0.2837	0.6899	1.3706		
		1.7619	1.2838	0.2787	1.9999	1.5127	0.5156	1.972	0.3353	1.8116	2.0876	0.3944	2.2203		1.3645	0.5978	0.18	1.5564	1.0087	0.314	1.5129	0.2134	1.2629	1.4325	0.2378	1.1524		
		0.8333	1.7462	1.3305	1.0876	0.351	0.2807	1.0108	0.3739	0.3892	0.8219	1.1914	1.8328		0.5256	0.5996	0.6441	0.6813	0.2395	0.1845	0.5073	0.2442	0.2394	0.4865	0.5761	0.769		
		0.7102	0.8832	0.6542	1.4684	1.0737	0.309	0.7329	1.4725	0.4805	0.9047	0.8114	1.5457		0.3875	0.5937	0.4262	0.7479	0.6621	0.2076	0.4124	0.8121	0.2934	0.5882	0.518	0.8172		
		0.6887	1.1976	1.2828	1.1604	1.4374	1.2121	0.8877	0.2423	0.2405	0.2882	0.3055	0.2968		0.4391	0.7178	0.6815	0.5767	0.7684	0.6551	0.4783	0.1359	0.1599	0.194	0.2006	0.1746		
		
~End
Copyright © 2003 Molecular Devices. All rights reserved.
