##BLOCKS= 1          
Plate:	Plate#1	1.3	PlateFormat	Endpoint	Absorbance	Raw	FALSE	1						2	490 750	1	12	96	1	8	None	
	Temperature(¡C)	1	2	3	4	5	6	7	8	9	10	11	12		1	2	3	4	5	6	7	8	9	10	11	12		
	22.70	0.2647	1.2077	0.2906	1.9235	0.2254	0.4626	0.6284	0.5748	1.551	0.6566	2.6304	1.3947		0.1983	0.9565	0.2223	1.3024	0.1753	0.3551	0.2273	0.4422	1.2089	0.5371	1.2529	0.9376		
		0.5983	1.5628	1.4472	0.7567	1.1039	0.3102	1.1595	0.9034	0.9049	0.3379	0.1897	1.3567		0.471	1.337	1.0392	0.586	0.8419	0.2211	0.852	0.7186	0.6595	0.2466	0.1338	0.9153		
		0.743	0.2117	0.8318	0.5511	1.1047	1.2348	2.0528	0.8556	1.4048	1.1637	1.4157	1.5418		0.6214	0.1585	0.5772	0.4108	0.7327	0.9751	0.7169	0.6878	1.1973	0.9581	1.1178	1.1394		
		1.3192	1.5456	1.0903	1.3874	0.3464	0.6336	0.2507	1.1254	1.5046	0.3037	1.3754	0.9266		1.0267	1.1647	0.8483	1.0954	0.2622	0.5094	0.1875	0.7461	1.1372	0.2246	1.0698	0.6768		
		0.4787	0.7308	0.2971	1.7268	0.7839	1.2421	1.4924	0.3752	1.9159	1.2991	0.3315	1.1395		0.2886	0.4218	0.2254	1.1387	0.5765	0.9574	1.1444	0.2804	1.3501	0.9703	0.2544	0.8559		
		0.4895	0.8163	0.7085	1.0825	0.5439	0.87	0.9178	0.3445	0.303	0.8351	1.1552	2.1778		0.4306	0.6271	0.5486	0.8727	0.429	0.6571	0.6579	0.2608	0.2307	0.5739	0.9013	0.9544		
		1.1288	1.0788	0.3477	0.6103	0.8176	0.5806	0.5136	1.5075	0.3591	0.6507	0.5137	1.1111		0.6334	0.8327	0.2794	0.4746	0.5857	0.4491	0.3847	0.9201	0.2481	0.5065	0.4059	0.7997		
		0.3047	0.6492	0.7947	0.7319	0.7221	0.7667	0.2743	0.2242	0.3515	0.2653	0.2836	0.2243		0.2295	0.5228	0.5885	0.549	0.5638	0.5154	0.189	0.1656	0.2781	0.2023	0.2164	0.1627		
		
~End
Copyright © 2003 Molecular Devices. All rights reserved.
