##BLOCKS= 1          
Plate:	Plate#1	1.3	PlateFormat	Endpoint	Absorbance	Raw	FALSE	1						2	490 750	1	12	96	1	8	None	
	Temperature(¡C)	1	2	3	4	5	6	7	8	9	10	11	12		1	2	3	4	5	6	7	8	9	10	11	12		
	22.70	0.3381	1.2822	0.2749	1.8585	0.2288	0.4667	0.7335	0.4878	1.3033	0.6104	1.4155	1.2087		0.2508	1.0021	0.2167	1.3027	0.1755	0.3497	0.2506	0.374	1.0168	0.5142	0.5794	0.7474		
		0.4355	1.4744	1.518	0.5793	1.4072	0.3274	1.4345	0.7042	1.0767	0.3019	0.2836	1.2486		0.3796	1.2671	1.0868	0.4463	1.0914	0.2287	0.9978	0.5562	0.7459	0.2212	0.2026	0.8821		
		0.7859	0.1832	0.9755	0.6837	1.0252	1.3894	2.0935	0.8649	1.4412	1.381	1.4464	1.591		0.4502	0.1388	0.6747	0.4956	0.6788	1.091	0.792	0.6956	1.2284	1.1551	1.1476	1.1444		
		1.5108	1.1707	1.4089	1.6642	0.2659	0.555	0.2913	1.3004	1.258	0.2766	1.1819	1.229		1.1277	0.7926	1.1122	1.3172	0.1985	0.4371	0.2197	0.907	0.9363	0.2089	0.9205	0.9158		
		0.4086	0.9904	0.2974	1.7405	0.8128	1.4652	1.4341	0.3137	1.776	1.4619	0.3214	1.296		0.2352	0.5404	0.2279	1.1152	0.5951	1.1784	1.055	0.2338	1.2933	1.1368	0.241	0.9765		
		0.454	0.6692	0.7682	1.2343	0.6042	0.7863	0.7413	0.333	0.2865	0.7519	0.744	2.2133		0.3594	0.5248	0.6033	1.0026	0.4802	0.5749	0.5092	0.2537	0.2173	0.52	0.5724	0.9559		
		0.9494	0.8549	0.2782	0.5741	0.6447	0.6632	0.3973	1.238	0.4078	0.5467	0.5865	0.8421		0.5164	0.6362	0.2181	0.4466	0.4427	0.5251	0.2965	0.7292	0.283	0.4066	0.4573	0.583		
		0.263	0.6486	0.6713	0.6123	0.6384	0.7951	0.2736	0.2765	0.4106	0.2183	0.1982	0.2274		0.1955	0.49	0.4884	0.4505	0.4922	0.5471	0.1955	0.2035	0.3253	0.1635	0.1498	0.1642		
		
~End
Copyright © 2003 Molecular Devices. All rights reserved.
