##BLOCKS= 1          
Plate:	Plate#1	1.3	PlateFormat	Endpoint	Absorbance	Raw	FALSE	1						2	490 750	1	12	96	1	8	None	
	Temperature(¡C)	1	2	3	4	5	6	7	8	9	10	11	12		1	2	3	4	5	6	7	8	9	10	11	12		
	23.40	0.2724	1.307	0.2451	2.66	0.2578	0.8309	0.2194	0.6069	2.8328	0.3764	2.2382	2.1164		0.2097	0.9477	0.1877	1.9248	0.1931	0.5921	0.1591	0.4436	1.9466	0.2803	1.2378	1.5333		
		0.4645	2.6669	2.417	2.3021	2.7532	0.6776	2.6322	1.326	2.5569	0.4263	2.2896	1.9961		0.367	1.9419	1.5827	1.8003	1.7266	0.4879	1.767	0.9235	1.7262	0.31	1.5222	1.3394		
		0.4072	0.1349	0.533	0.7134	1.2957	2.0395	1.6798	2.3458	0.5635	2.3434	2.3974	2.3103		0.2921	0.1093	0.3675	0.5014	0.8671	1.2108	0.7336	1.633	0.4108	1.5311	1.502	1.4975		
		2.6484	2.4829	2.6232	2.3175	0.5469	2.8223	2.4425	2.1475	2.1525	0.39	2.4712	2.2069		1.8958	1.6007	1.6524	1.5093	0.4087	1.9614	1.6804	1.4751	1.3681	0.2695	1.4909	1.3922		
		1.52	1.2276	0.2657	2.5378	1.1929	2.4774	2.5065	0.2761	2.7751	2.1788	0.3169	2.3332		1.1022	0.8561	0.1967	1.6302	0.895	1.6426	1.5755	0.2038	1.8154	1.371	0.2375	1.3844		
		1.8491	0.7232	0.6525	1.7866	1.7242	2.0153	0.6485	0.3698	0.4038	0.7398	1.2235	1.392		1.1195	0.5006	0.4956	1.103	1.0268	1.4506	0.4444	0.2782	0.2992	0.5028	0.8451	0.8866		
		1.3297	1.995	1.2509	1.1997	1.3305	0.6452	0.5419	1.9156	0.8369	1.3165	0.6748	1.5351		0.7685	1.3086	0.8251	0.8553	0.6963	0.4644	0.3868	1.2278	0.5692	0.7335	0.4576	1.0897		
		0.3962	0.9886	1.2857	1.7854	0.3739	1.5381	0.3904	0.2261	1.4915	0.2813	0.3017	0.2809		0.2966	0.6856	0.937	1.2152	0.277	0.9576	0.3023	0.1546	0.9147	0.2221	0.2303	0.2156		
		
~End
Copyright © 2003 Molecular Devices. All rights reserved.
