##BLOCKS= 1          
Plate:	Plate#1	1.3	PlateFormat	Endpoint	Absorbance	Raw	FALSE	1						2	490 750	1	12	96	1	8	None	
	Temperature(¡C)	1	2	3	4	5	6	7	8	9	10	11	12		1	2	3	4	5	6	7	8	9	10	11	12		
	23.40	0.2431	1.4222	0.2869	2.5092	0.3279	0.7699	0.2943	0.5349	2.5688	0.4572	2.1294	2.4934		0.1995	1.0317	0.2188	1.8277	0.2466	0.5609	0.2058	0.3928	1.7718	0.3411	1.0728	1.772		
		0.4098	2.5283	2.5274	2.1557	2.6749	0.5919	2.435	1.2184	2.3373	0.453	2.6409	2.2768		0.3164	1.8333	1.686	1.698	1.6167	0.4316	1.6043	0.8419	1.588	0.3301	1.7781	1.4622		
		0.4066	0.1486	0.6009	0.6205	1.6804	1.5621	1.4952	1.9432	0.5548	2.7427	2.3193	2.1963		0.3129	0.1198	0.4135	0.439	1.1639	0.9949	0.6617	1.3901	0.4008	1.7973	1.4287	1.3843		
		2.4305	2.311	2.6227	2.4245	0.4858	2.7995	1.909	2.4335	2.0567	0.3037	2.4111	1.6736		1.7336	1.5439	1.6499	1.607	0.3556	1.9918	1.3434	1.6703	1.2739	0.2036	1.4385	1.1115		
		1.4181	1.1975	0.2788	2.6483	1.3164	2.3566	2.621	0.3526	2.5363	2.2192	0.3072	2.2309		0.9918	0.8274	0.2078	1.65	0.9878	1.5781	1.6378	0.2584	1.6664	1.389	0.228	1.3155		
		1.8972	0.7129	0.575	1.704	1.6474	1.5051	0.8131	0.3508	0.3138	0.7333	1.2509	1.2123		1.1619	0.4973	0.4124	1.0406	0.9743	1.0955	0.5772	0.2578	0.2356	0.484	0.8612	0.6837		
		1.1087	2.2896	1.1416	1.2699	1.2624	0.7033	0.422	1.9384	0.7235	1.4721	0.5959	1.466		0.6334	1.5457	0.7505	0.9144	0.6738	0.509	0.2835	1.2833	0.5041	0.7957	0.4103	1.0468		
		0.4321	1.2245	1.3997	1.9506	0.4438	1.648	0.2833	0.1995	1.4771	0.3586	0.2282	0.2595		0.3212	0.8503	1.0176	1.3365	0.3256	1.0436	0.2132	0.1406	0.9029	0.2971	0.1748	0.1984		
		
~End
Copyright © 2003 Molecular Devices. All rights reserved.
