##BLOCKS= 1          
Plate:	Plate#1	1.3	PlateFormat	Endpoint	Absorbance	Raw	FALSE	1						2	490 750	1	12	96	1	8	None	
	Temperature(¡C)	1	2	3	4	5	6	7	8	9	10	11	12		1	2	3	4	5	6	7	8	9	10	11	12		
	22.60	0.9111	2.2471	2.1058	2.1896	0.923	0.8529	1.0296	0.6447	2.5856	0.6924	1.5546	2.2121		0.2521	0.92	1.0188	1.2904	0.3164	0.332	0.3035	0.3273	1.2231	0.3655	0.6905	1.1221		
		0.5965	0.4292	2.4481	0.9101	2.3098	0.6154	2.3867	1.056	2.2842	1.29	0.1995	2.4324		0.4903	0.2687	1.3198	0.3331	1.307	0.2391	1.4273	0.6405	1.293	0.4664	0.1271	1.1703		
		0.4755	0.2606	1.1033	0.7776	1.7836	2.074	1.8265	2.3878	2.1584	2.6297	2.1798	2.4285		0.2495	0.1714	0.643	0.4076	0.9477	1.2592	0.844	1.4353	1.3555	1.4395	1.41	1.1591		
		1.523	2.37	2.1862	2.2148	0.7028	2.1762	1.7972	2.3611	2.5487	1.4064	2.3544	2.4069		0.731	1.2727	1.1676	1.3675	0.2962	1.2889	0.7601	1.2139	1.3121	0.5008	1.2477	1.2862		
		0.7498	1.1617	1.9481	2.1067	0.6899	1.9303	2.5134	0.8182	2.54	2.3824	1.3311	2.3976		0.2983	0.51	1.1244	1.2089	0.4709	0.971	1.3742	0.2888	1.2408	1.3254	0.4634	1.1596		
		0.7588	1.0886	2.3113	2.0049	0.9084	1.311	1.384	0.3002	0.756	1.8158	2.3723	2.4155		0.5636	0.7161	0.8707	0.8893	0.4852	0.5839	0.7213	0.2018	0.2532	0.9231	1.0122	1.2117		
		1.9381	1.8133	1.718	2.3791	0.8386	1.2171	0.7604	1.8933	0.5564	1.1288	1.0638	1.0752		1.017	1.1831	0.8945	0.9264	0.4693	0.8135	0.3028	0.9154	0.2085	0.5784	0.3922	0.4115		
		1.4401	0.67	0.611	0.6975	0.3342	0.917	0.9201	0.6069	0.7733	0.8746	0.5113	1.2319		0.3785	0.233	0.3388	0.3254	0.2448	0.3067	0.3023	0.2546	0.2855	0.3871	0.194	0.4277		
		
~End
Copyright © 2003 Molecular Devices. All rights reserved.
