##BLOCKS= 1          
Plate:	Plate#1	1.3	PlateFormat	Endpoint	Absorbance	Raw	FALSE	1						2	490 750	1	12	96	1	8	None	
	Temperature(¡C)	1	2	3	4	5	6	7	8	9	10	11	12		1	2	3	4	5	6	7	8	9	10	11	12		
	23.10	0.2718	1.3887	0.3197	0.4047	0.3326	0.6584	2.1713	0.5344	1.3236	0.7066	3.4697	1.9431		0.1417	0.6191	0.1624	0.2059	0.1651	0.2773	1.1634	0.2276	0.5297	0.2652	0.8777	1.0358		
		0.6199	0.457	1.9356	1.4125	1.5542	0.3641	1.3856	1.0326	2.0896	0.5092	1.3234	2.0266		0.4639	0.2769	0.893	0.5515	0.6959	0.1919	0.6408	0.5643	1.0649	0.2177	0.5336	1.0347		
		0.4164	0.1652	0.6003	0.9909	1.6774	1.35	0.5106	0.3598	0.3783	0.4646	0.6471	0.9939		0.2298	0.1258	0.2945	0.4316	0.7528	0.6473	0.2816	0.1831	0.1763	0.2126	0.2896	0.4041		
		0.8613	1.8607	0.3539	0.3576	0.4083	0.4269	0.38	1.7495	0.5608	0.7787	0.4625	2.1094		0.3861	0.9116	0.1556	0.1738	0.1913	0.1888	0.1751	0.892	0.2526	0.2583	0.2117	1.1166		
		0.4798	2.0753	0.3356	0.8756	0.2922	0.3581	1.5883	0.4152	1.9934	0.5984	0.5595	2.0449		0.1969	0.802	0.1631	0.3445	0.1962	0.1672	0.5733	0.1983	1.0669	0.2679	0.2438	0.993		
		0.493	1.3315	1.6177	1.0552	0.7503	0.3764	1.3866	0.3841	0.5976	0.5276	0.9409	2.8175		0.2026	0.5653	0.6668	0.53	0.3715	0.1823	0.5033	0.1722	0.2713	0.2445	0.3772	0.6793		
		1.005	1.1594	0.6736	1.4372	0.1581	0.344	0.3748	1.0952	0.3762	0.389	0.3756	0.6674		0.4551	0.8306	0.3127	0.5538	0.1317	0.1662	0.187	0.4317	0.1776	0.2038	0.1692	0.2673		
		0.3845	0.5633	0.4587	0.7207	1.3287	0.3183	0.2857	0.2033	0.3325	0.3049	0.299	0.319		0.1697	0.2741	0.2218	0.2814	0.5909	0.1619	0.1524	0.125	0.182	0.179	0.1624	0.1876		
		
~End
Copyright © 2003 Molecular Devices. All rights reserved.
