##BLOCKS= 1          
Plate:	Plate#1	1.3	PlateFormat	Endpoint	Absorbance	Raw	FALSE	1						2	490 750	1	12	96	1	8	None	
	Temperature(¡C)	1	2	3	4	5	6	7	8	9	10	11	12		1	2	3	4	5	6	7	8	9	10	11	12		
	22.30	0.2139	1.2467	0.2289	0.7688	0.2064	0.2895	0.6566	0.2629	0.6801	0.5315	1.1477	1.6499		0.155	0.8434	0.1664	0.509	0.1524	0.1974	0.3372	0.1805	0.4775	0.3131	0.4537	1.2677		
		0.619	0.2658	1.6939	0.2397	1.0251	0.3344	1.399	1.2697	1.7689	0.2553	0.182	1.7782		0.4654	0.1762	1.2023	0.1717	0.66	0.2323	0.9172	1.0391	1.3684	0.1823	0.1329	1.3798		
		0.2271	0.2001	0.2335	0.2042	1.4248	1.3171	1.2926	0.2698	0.2257	0.8844	1.6543	1.6907		0.165	0.1486	0.1717	0.1588	0.9013	0.7994	0.8841	0.1901	0.1618	0.6041	1.2923	1.3159		
		1.3614	1.8099	1.4679	1.0545	0.246	0.3146	0.3069	1.6214	0.7994	0.2921	1.2792	1.1849		0.9268	1.3431	1.103	0.7085	0.1773	0.2291	0.218	1.2242	0.5375	0.2097	0.9252	0.8448		
		1.6347	1.6909	0.2552	1.1528	0.836	0.2248	1.7336	0.2481	1.552	0.9855	0.2332	1.8086		1.2569	0.8162	0.1933	0.6961	0.5275	0.1639	1.3176	0.1994	1.171	0.656	0.1696	1.3159		
		0.3177	0.7928	0.7982	0.9054	0.8857	0.3359	0.462	0.3472	0.2702	0.3479	0.3762	0.9442		0.2409	0.5668	0.5526	0.674	0.5819	0.2233	0.3324	0.2441	0.1956	0.2431	0.2506	0.5431		
		0.889	0.434	0.5241	0.7162	0.3356	1.4778	0.342	0.3443	0.2999	0.246	0.3063	0.2934		0.6144	0.3498	0.3683	0.5051	0.249	1.0665	0.2386	0.2261	0.2128	0.1728	0.2097	0.1925		
		0.219	0.2652	0.2639	0.2552	0.2408	0.2878	0.2185	0.2262	0.2017	0.6896	0.1908	0.256		0.1626	0.1795	0.1848	0.1784	0.179	0.1973	0.1527	0.1557	0.1462	0.6445	0.1439	0.1795		
		
~End
Copyright © 2003 Molecular Devices. All rights reserved.
