##BLOCKS= 1          
Plate:	Plate#1	1.3	PlateFormat	Endpoint	Absorbance	Raw	FALSE	1						2	490 750	1	12	96	1	8	None	
	Temperature(¡C)	1	2	3	4	5	6	7	8	9	10	11	12		1	2	3	4	5	6	7	8	9	10	11	12		
	22.40	0.1977	0.7198	0.2724	1.8393	0.2324	0.2361	0.4786	0.3004	1.3693	0.2806	2.1396	1.9566		0.1464	0.505	0.2087	1.0268	0.1833	0.1828	0.28	0.2206	0.9525	0.2277	0.8504	1.3875		
		0.5708	0.7885	1.8178	0.3414	1.7762	0.2272	1.3315	1.1846	2.3378	0.3183	0.187	1.9158		0.4611	0.5476	1.152	0.2649	1.2838	0.1728	0.9681	0.8195	1.4198	0.2244	0.1282	1.244		
		0.6327	0.1565	0.5114	0.5887	1.0425	1.1726	1.322	2.0053	1.0463	1.0105	1.909	1.9992		0.4012	0.1202	0.344	0.3967	0.6637	0.8141	0.7791	1.3385	0.7724	0.7967	1.3533	1.2844		
		1.6059	2.1673	1.9926	2.1876	0.3214	1.2082	0.4421	2.0511	1.8618	1.1968	1.9053	1.6943		1.2189	1.3859	1.3652	1.3408	0.2234	0.8274	0.3133	1.3047	1.3133	0.8879	1.2821	1.0316		
		0.6103	1.4243	2.1705	0.6063	0.3514	1.4375	1.9158	0.3056	2.2386	1.9075	0.2298	2.1117		0.3078	0.7835	1.3765	0.4448	0.2626	1.0865	1.3517	0.229	1.3835	1.3107	0.1701	1.1938		
		0.7825	0.7911	1.3805	2.0487	0.9903	0.7546	0.6988	0.2933	0.3335	1.196	0.9444	1.7228		0.5494	0.4864	0.742	1.0357	0.5415	0.3748	0.4398	0.2074	0.2435	0.6753	0.4924	0.8367		
		1.1484	1.1314	0.523	1.1	1.1756	0.5807	0.3455	0.4733	0.4087	0.3162	0.4315	0.7204		0.4707	0.8716	0.372	0.6103	0.7647	0.3872	0.2637	0.3541	0.3094	0.2229	0.3005	0.5033		
		0.4267	0.3782	1.2613	0.8431	0.852	0.3225	0.242	0.2293	0.3054	0.2703	0.2434	0.2145		0.2907	0.2754	0.6981	0.5651	0.5416	0.234	0.185	0.1615	0.2231	0.2034	0.1792	0.1605		
		
~End
Copyright © 2003 Molecular Devices. All rights reserved.
