##BLOCKS= 1          
Plate:	Plate#1	1.3	PlateFormat	Endpoint	Absorbance	Raw	FALSE	1						2	490 750	1	12	96	1	8	None	
	Temperature(¡C)	1	2	3	4	5	6	7	8	9	10	11	12		1	2	3	4	5	6	7	8	9	10	11	12		
	22.50	0.2094	0.4761	0.193	0.3054	0.2195	0.3053	0.5457	0.2024	1.1292	0.3962	0.3467	1.1652		0.1537	0.3279	0.15	0.2305	0.1738	0.2389	0.3943	0.1429	0.8755	0.3188	0.2222	0.911		
		0.5005	0.2724	1.193	0.1579	0.7279	0.139	0.7729	1.0051	1.2321	0.2764	0.1777	1.2795		0.379	0.1862	0.9487	0.1175	0.5606	0.1087	0.6004	0.7233	1.0026	0.1903	0.124	0.9848		
		0.3808	0.141	0.243	0.2031	0.8763	0.3043	0.2547	0.6115	0.194	1.1428	1.1387	1.2524		0.2727	0.1125	0.1856	0.1351	0.662	0.2193	0.1958	0.4685	0.1465	0.9346	0.8991	1.0111		
		0.3241	1.4216	1.0238	0.9564	0.2161	0.2141	0.2477	1.1093	0.6677	0.1838	0.8967	0.9864		0.2497	1.151	0.7918	0.7183	0.1611	0.1706	0.1807	0.8918	0.5018	0.1436	0.6841	0.7104		
		0.3821	0.8126	0.1932	0.3704	0.3744	0.4784	1.2804	0.2252	0.7984	0.784	0.1853	0.953		0.1868	0.5681	0.1398	0.2697	0.2827	0.3534	1.07	0.174	0.6066	0.6007	0.1424	0.7182		
		0.5551	1.1766	0.7723	0.4225	0.198	0.2294	0.3307	0.31	0.199	0.4887	0.6454	1.2583		0.3876	0.7987	0.4933	0.3171	0.1547	0.1642	0.2341	0.2047	0.1535	0.3029	0.4383	0.7536		
		0.2943	0.3318	0.3439	0.8099	0.1545	0.6285	0.1925	0.167	0.2159	0.2243	0.2598	0.237		0.21	0.2832	0.2708	0.5589	0.1257	0.4737	0.1434	0.1254	0.1599	0.1635	0.1833	0.1606		
		0.3133	0.2313	0.2013	0.2866	0.2047	0.153	0.3274	0.1739	0.1567	0.1829	0.2599	0.5332		0.236	0.1759	0.1514	0.214	0.1534	0.1144	0.228	0.1289	0.1167	0.1385	0.2002	0.417		
		
~End
Copyright © 2003 Molecular Devices. All rights reserved.
