##BLOCKS= 1          
Plate:	Plate#1	1.3	PlateFormat	Endpoint	Absorbance	Raw	FALSE	1						2	490 750	1	12	96	1	8	None	
	Temperature(¡C)	1	2	3	4	5	6	7	8	9	10	11	12		1	2	3	4	5	6	7	8	9	10	11	12		
	22.60	0.1575	0.6186	0.2928	0.4094	0.2514	0.4979	0.7282	0.2618	0.6853	0.1594	0.4513	1.2875		0.1286	0.4243	0.2239	0.3072	0.1953	0.3994	0.5549	0.1924	0.4986	0.1231	0.2601	1.1239		
		0.6006	0.2639	1.2394	0.2344	0.6717	0.1772	0.6328	0.6571	1.1683	0.3917	0.194	1.3698		0.4367	0.1819	0.9625	0.1765	0.5042	0.1395	0.4826	0.4578	0.9411	0.2841	0.137	1.0772		
		0.355	0.1624	0.3906	0.232	1.4025	0.3206	0.323	0.7911	0.2613	1.1729	1.5146	1.433		0.2427	0.1272	0.2997	0.1715	1.1341	0.2367	0.2459	0.6027	0.1961	0.929	1.2133	1.178		
		0.6812	1.5659	1.3095	0.8852	0.2345	0.3118	0.2849	1.2838	1.275	0.1928	1.4561	1.0511		0.5545	1.2241	1.079	0.6473	0.1761	0.2412	0.2169	1.0205	0.9984	0.1443	1.1795	0.8234		
		0.4625	0.8279	0.2166	0.26	0.6709	0.3595	0.9552	0.222	0.7895	0.6014	0.2426	0.8584		0.2586	0.5632	0.1639	0.1953	0.5329	0.2708	0.7443	0.1729	0.5873	0.4558	0.1821	0.5946		
		0.3376	1.027	1.3835	0.7434	0.2827	0.2908	0.6106	0.3358	0.2426	0.6103	0.5431	1.7418		0.2275	0.685	1.018	0.5748	0.2225	0.2055	0.4058	0.2384	0.1854	0.3565	0.381	1.0115		
		0.1756	0.3421	0.349	0.8972	0.1662	0.4797	0.1863	0.2768	0.2438	0.29	0.2903	0.3488		0.1336	0.286	0.281	0.5785	0.1323	0.3567	0.1465	0.193	0.1783	0.2071	0.207	0.239		
		0.2383	0.2478	0.1997	0.3557	0.295	0.2024	0.184	0.1869	0.2146	0.195	0.2143	0.2835		0.1888	0.189	0.1477	0.2551	0.2195	0.1491	0.1347	0.1384	0.1579	0.1469	0.1652	0.2108		
		
~End
Copyright © 2003 Molecular Devices. All rights reserved.
