##BLOCKS= 1          
Plate:	Plate#1	1.3	PlateFormat	Endpoint	Absorbance	Raw	FALSE	1						2	490 750	1	12	96	1	8	None	
	Temperature(¡C)	1	2	3	4	5	6	7	8	9	10	11	12		1	2	3	4	5	6	7	8	9	10	11	12		
	22.80	0.2887	1.2536	0.2789	2.8919	0.2344	0.3965	1.3113	0.4085	1.9018	0.2855	3.0418	2.296		0.1851	0.8313	0.1764	1.2858	0.1619	0.2502	0.7153	0.2646	1.011	0.2178	0.9106	1.3164		
		0.5536	0.6884	2.0746	0.3721	2.4159	0.3463	1.8348	1.2708	2.3454	0.4212	0.3823	1.9104		0.4228	0.4437	1.1543	0.2093	1.266	0.2188	1.1067	0.7767	1.1154	0.2684	0.2501	1.0328		
		1.1017	0.1543	0.6292	0.9834	1.0721	1.7125	1.6336	2.748	1.9756	2.2705	2.2063	2.4568		0.6573	0.1167	0.3735	0.5125	0.5431	0.9284	0.7466	1.3106	1.32	1.3299	1.2224	1.3488		
		2.3954	2.5728	2.7573	2.6945	0.354	2.0883	0.7555	2.5538	2.4059	0.8261	2.602	1.8738		1.5471	1.3945	1.3989	1.3523	0.2287	1.2015	0.4642	1.3366	1.3142	0.4806	1.3239	0.995		
		0.6192	1.2291	0.2308	0.4411	0.4151	1.6555	2.26	0.7385	2.6934	2.2021	0.3453	2.0344		0.237	0.4926	0.1497	0.2788	0.2586	1.0072	1.1767	0.451	1.3671	1.2081	0.2274	1.0476		
		0.7137	1.0274	1.2658	2.2004	2.214	1.8095	1.0462	0.3988	0.3582	1.4034	1.7616	1.8857		0.427	0.5402	0.5038	1.0057	0.9052	0.5775	0.5574	0.2574	0.2308	0.7041	0.756	0.7199		
		1.1477	1.5285	0.5075	1.0221	1.3731	0.8003	0.385	0.9315	0.704	0.7098	0.9189	0.9249		0.4741	0.9873	0.329	0.412	0.7379	0.4574	0.2611	0.5588	0.4765	0.3811	0.5694	0.5953		
		0.3959	0.3452	1.7435	1.5019	0.9279	0.5801	0.2994	0.3016	0.2715	0.2314	0.2158	0.2684		0.2659	0.2416	0.9201	0.8893	0.545	0.345	0.1711	0.1963	0.1821	0.1567	0.1503	0.1764		
		
~End
Copyright © 2003 Molecular Devices. All rights reserved.
