##BLOCKS= 1          
Plate:	Plate#1	1.3	PlateFormat	Endpoint	Absorbance	Raw	FALSE	1						2	490 750	1	12	96	1	8	None	
	Temperature(¡C)	1	2	3	4	5	6	7	8	9	10	11	12		1	2	3	4	5	6	7	8	9	10	11	12		
	22.80	0.2662	1.1598	0.2499	2.8378	0.2858	0.3947	1.023	0.3467	2.2266	0.2998	2.6896	2.4383		0.1797	0.7749	0.1628	1.2663	0.1934	0.2497	0.4783	0.2153	1.1303	0.2306	0.6994	1.3319		
		0.5821	0.6331	1.9804	0.322	2.0314	0.4121	1.7667	1.1965	2.3522	0.4619	0.2015	2.0304		0.4728	0.4169	1.1148	0.2135	1.0709	0.2699	1.1244	0.7109	1.1171	0.2959	0.1296	1.1148		
		1.1267	0.1541	0.7089	1.0506	1.485	1.8455	1.5364	2.6387	1.7914	2.2297	2.3105	2.2775		0.6373	0.1177	0.4115	0.6011	0.7539	0.9844	0.6649	1.2986	1.2544	1.3054	1.3899	1.2623		
		2.0724	2.5041	2.4527	2.5361	0.4146	2.1541	0.5599	2.2184	2.246	0.9364	2.5962	1.8914		1.2979	1.4037	1.3188	1.3268	0.2596	1.285	0.3483	1.0894	1.1693	0.5203	1.2627	0.9856		
		0.7538	2.2368	0.4352	0.4992	0.5384	1.5402	2.2546	0.7923	2.8513	2.2229	0.307	1.8704		0.2907	0.9471	0.2906	0.3252	0.3406	0.9296	1.177	0.482	1.451	1.1484	0.1951	0.9453		
		1.1616	0.9245	1.7143	2.3083	1.8238	1.6139	1.091	0.3314	0.3822	1.2963	1.5863	1.6696		0.731	0.4815	0.7088	1.0076	0.7832	0.6266	0.6158	0.2196	0.2466	0.675	0.7192	0.5798		
		1.346	1.645	0.4957	1.8132	1.4663	0.9119	0.4588	1.0777	0.8047	0.6796	0.5285	0.62		0.4037	1.0346	0.3216	0.6816	0.7809	0.5715	0.3107	0.7046	0.554	0.4174	0.3196	0.368		
		0.6078	0.4427	1.4046	1.2454	0.8181	0.386	0.2628	0.3286	0.3244	0.2043	0.2367	0.2436		0.4003	0.2948	0.7643	0.6981	0.503	0.2312	0.1591	0.2008	0.2197	0.1438	0.1592	0.1599		
		
~End
Copyright © 2003 Molecular Devices. All rights reserved.
