##BLOCKS= 1          
Plate:	Plate#1	1.3	PlateFormat	Endpoint	Absorbance	Raw	FALSE	1						2	490 750	1	12	96	1	8	None	
	Temperature(¡C)	1	2	3	4	5	6	7	8	9	10	11	12		1	2	3	4	5	6	7	8	9	10	11	12		
	22.90	0.3466	1.2415	0.3509	2.8911	0.2604	0.3238	0.875	0.3277	1.7135	0.2902	2.9863	2.5225		0.2227	0.8491	0.2112	1.2599	0.1718	0.2091	0.4411	0.2088	0.8884	0.2152	0.7937	1.3974		
		0.6497	0.7013	1.9559	0.2478	2.1521	0.2535	1.8745	1.1518	2.527	0.4433	0.2749	1.9459		0.5175	0.4456	1.1177	0.1569	1.1295	0.1681	1.1721	0.6661	1.2912	0.2825	0.1717	1.043		
		1.1263	0.1471	0.7581	1.0527	1.3746	1.7329	1.4921	2.6783	1.7146	1.9985	2.1152	2.3685		0.6508	0.1128	0.484	0.5501	0.6989	0.9347	0.6884	1.2804	1.2188	1.1076	1.3147	1.288		
		2.1822	2.5605	2.468	2.6673	0.3461	2.2283	0.6433	2.198	1.7468	1.023	2.4106	1.9283		1.385	1.4579	1.2679	1.3486	0.2177	1.3448	0.3853	1.104	0.9632	0.5667	1.1942	1.0447		
		0.676	1.4306	0.2979	0.5522	0.426	1.5864	2.4272	0.6321	2.791	2.4742	0.3184	2.3363		0.2842	0.6326	0.1889	0.3576	0.2622	0.9632	1.3065	0.3895	1.4472	1.3834	0.2087	1.157		
		1.0903	1.0375	1.3998	1.9912	1.6483	1.7461	1.0528	0.3963	0.3901	0.9371	1.2979	1.8821		0.7583	0.5524	0.5549	0.8597	0.7071	0.716	0.5775	0.2605	0.2507	0.4607	0.5499	0.6869		
		1.683	1.6202	0.5462	1.3952	1.7152	0.7365	0.3945	0.8536	0.7409	0.4311	1.1086	0.794		0.5898	1.0559	0.3556	0.5709	0.9345	0.471	0.2584	0.552	0.5066	0.2357	0.7149	0.5083		
		0.5278	0.4404	1.2038	0.7747	0.6907	0.6634	0.2581	0.2678	0.2546	0.2385	0.2429	0.3379		0.3352	0.2781	0.6757	0.4585	0.4299	0.4277	0.1611	0.1699	0.1677	0.1699	0.1639	0.2116		
		
~End
Copyright © 2003 Molecular Devices. All rights reserved.
