##BLOCKS= 1          
Plate:	Plate#1	1.3	PlateFormat	Endpoint	Absorbance	Raw	FALSE	1						2	490 750	1	12	96	1	8	None	
	Temperature(¡C)	1	2	3	4	5	6	7	8	9	10	11	12		1	2	3	4	5	6	7	8	9	10	11	12		
	21.90	0.3325	1.8197	0.3239	2.6739	0.3465	0.7243	0.8554	0.4885	2.2216	1.4053	2.3172	1.9139		0.2169	0.887	0.2006	1.3801	0.2112	0.4383	0.4239	0.2691	1.1936	1.0386	0.9734	1.2912		
		0.506	1.8326	2.0583	1.6447	2.019	0.5243	1.8728	0.9692	2.0576	0.4992	2.0671	1.8983		0.3846	1.46	1.231	1.1836	1.4176	0.3044	1.1972	0.6609	1.3057	0.3059	1.1838	1.2449		
		0.341	0.3819	0.7758	2.3711	1.6829	2.2407	2.3343	2.13	1.6256	1.019	0.813	2.1179		0.216	0.2265	0.4472	1.4191	1.0047	1.1921	0.9584	1.3423	1.1074	0.6134	0.5019	1.3109		
		2.1799	2.1782	1.9394	2.3593	0.6019	2.0028	0.4994	2.1467	0.6237	0.4721	2.0975	2.4571		1.3898	1.3438	1.2887	1.4148	0.3607	1.3173	0.2825	1.3439	0.353	0.2847	1.1779	1.1761		
		0.7446	1.9069	2.1911	2.2032	2.1655	2.0802	2.2853	0.3778	1.2511	1.8096	0.3311	1.9213		0.3278	0.71	1.3676	1.2599	1.2209	1.3625	1.3462	0.2276	0.7484	0.9939	0.1933	1.0826		
		0.4751	1.3097	2.2715	2.1761	2.186	3.1247	1.8667	0.3812	0.4976	1.6857	1.8418	1.8035		0.3068	0.5394	0.8256	0.9698	0.9713	1.0466	0.6946	0.2685	0.2849	0.6484	0.6003	0.7197		
		1.6067	1.2488	0.5333	1.9483	1.7563	1.846	0.3898	0.6026	0.4456	0.5147	0.5701	0.5944		0.6864	0.8075	0.3103	0.6404	0.8221	0.8657	0.258	0.3695	0.2819	0.304	0.2994	0.3125		
		0.3781	0.4622	0.8007	0.4417	0.4062	0.4978	0.374	0.3732	0.3627	0.2879	0.3195	0.2969		0.2094	0.2707	0.4476	0.2421	0.2874	0.2613	0.2162	0.2454	0.2119	0.1765	0.1877	0.1796		
		
~End
Copyright © 2003 Molecular Devices. All rights reserved.
