##BLOCKS= 1          
Plate:	Plate#1	1.3	PlateFormat	Endpoint	Absorbance	Raw	FALSE	1						2	490 750	1	12	96	1	8	None	
	Temperature(¡C)	1	2	3	4	5	6	7	8	9	10	11	12		1	2	3	4	5	6	7	8	9	10	11	12		
	22.00	0.3502	1.8384	0.3138	2.5007	0.3002	0.5564	0.8684	0.5408	2.194	1.3234	2.4407	1.973		0.1964	0.8903	0.1873	1.2079	0.1808	0.3336	0.4391	0.3027	1.1857	0.9618	0.9784	1.3379		
		0.6714	1.8252	2.0992	1.5433	1.9409	0.425	1.776	1.0409	2.0892	0.4155	2.1051	1.8998		0.522	1.4586	1.2692	1.0971	1.346	0.2405	1.1339	0.7101	1.3031	0.2531	1.1992	1.2401		
		0.3139	0.3139	0.7381	2.3235	1.7444	2.4014	2.2445	2.0673	1.5168	0.9821	0.8013	2.218		0.1835	0.1783	0.4149	1.3769	1.0039	1.2552	0.9138	1.3268	0.9897	0.5772	0.4932	1.3722		
		2.1642	2.1349	1.9309	2.309	0.556	2.0074	0.4887	2.013	0.6325	0.5731	2.2011	2.4437		1.3427	1.3024	1.2606	1.3443	0.3285	1.3167	0.265	1.2592	0.3565	0.3473	1.2693	1.1768		
		0.5956	2.0308	2.1276	2.2643	2.2093	2.0204	2.392	0.3286	1.2753	1.624	0.3499	2.0389		0.2611	0.7267	1.3245	1.2968	1.2337	1.3063	1.4045	0.1984	0.7529	0.8631	0.1981	1.1233		
		0.4521	1.2998	2.0108	2.4176	2.0589	3.2134	1.5308	0.3651	0.3602	2.1952	1.9838	2.3457		0.3014	0.5074	0.6732	1.1073	0.8542	1.1121	0.5248	0.2491	0.2145	0.8084	0.6754	0.9013		
		1.5269	1.2683	0.5907	1.9398	1.8222	1.794	0.3827	0.6358	0.4485	0.4759	0.5707	0.5804		0.5989	0.8224	0.3484	0.6204	0.8447	0.8489	0.2464	0.3844	0.2836	0.2723	0.3068	0.303		
		0.4134	0.4956	0.68	0.4496	0.3641	0.4848	0.3641	0.314	0.3386	0.2917	0.3054	0.3331		0.2173	0.284	0.3749	0.2368	0.2585	0.2542	0.21	0.1878	0.2005	0.1869	0.1825	0.2027		
		
~End
Copyright © 2003 Molecular Devices. All rights reserved.
