##BLOCKS= 1          
Plate:	Plate#1	1.3	PlateFormat	Endpoint	Absorbance	Raw	FALSE	1						2	490 750	1	12	96	1	8	None	
	Temperature(¡C)	1	2	3	4	5	6	7	8	9	10	11	12		1	2	3	4	5	6	7	8	9	10	11	12		
	22.00	0.3684	1.8737	0.3626	2.6237	0.3411	0.6405	0.8825	0.5413	2.0691	1.4655	2.0564	2.0111		0.222	0.888	0.2132	1.3339	0.205	0.3844	0.4299	0.2968	1.1204	1.0857	0.8358	1.3514		
		0.6282	1.873	2.1757	1.6924	1.9652	0.4673	1.9373	1.0467	2.1725	0.4255	2.0532	2.0397		0.4994	1.4768	1.3019	1.2315	1.3693	0.2654	1.2767	0.7278	1.4004	0.2588	1.1957	1.3739		
		0.3427	0.4242	0.8244	2.4122	1.822	2.2859	2.0292	2.1709	1.4942	1.002	0.843	2.3414		0.2138	0.2353	0.4512	1.4158	1.0379	1.2056	0.8172	1.3833	1.015	0.6285	0.5157	1.4367		
		2.2256	2.2062	1.9999	2.4414	0.5854	2.006	0.5066	1.9357	0.6328	0.5211	2.2886	2.3767		1.3496	1.3948	1.3191	1.4145	0.3476	1.3095	0.2841	1.2316	0.356	0.3137	1.303	1.1884		
		0.7324	1.8498	2.1251	2.3878	2.0636	2.1456	2.3945	0.3265	1.3046	1.7395	0.3304	2.2179		0.3101	0.6498	1.3082	1.3232	1.1431	1.3923	1.398	0.1945	0.7703	0.9657	0.1942	1.2186		
		0.4364	1.3241	2.1477	2.3507	2.2036	3.2043	1.4605	0.3871	0.4045	1.7392	1.833	1.9627		0.2411	0.5394	0.7534	1.0785	0.9511	1.13	0.5333	0.2661	0.2321	0.6848	0.6223	0.7771		
		1.7784	1.3614	0.5635	1.8203	1.6834	1.8984	0.4178	0.636	0.45	0.4214	0.6326	0.5676		0.7436	0.9022	0.3362	0.5945	0.8203	0.8079	0.2663	0.3883	0.2795	0.2543	0.3248	0.2988		
		0.4151	0.4707	0.6267	0.4315	0.3154	0.5321	0.3479	0.3671	0.3367	0.2952	0.2984	0.3206		0.2397	0.2711	0.3529	0.2244	0.2249	0.2754	0.2071	0.2129	0.203	0.186	0.1791	0.2055		
		
~End
Copyright © 2003 Molecular Devices. All rights reserved.
