##BLOCKS= 1          
Plate:	Plate#1	1.3	PlateFormat	Endpoint	Absorbance	Raw	FALSE	1						2	490 750	1	12	96	1	8	None	
	Temperature(¡C)	1	2	3	4	5	6	7	8	9	10	11	12		1	2	3	4	5	6	7	8	9	10	11	12		
	23.00	0.4038	1.4697	0.2718	1.7843	0.185	0.6549	1.1019	0.2315	0.9763	0.2821	0.6132	1.4588		0.2493	0.9796	0.197	1.1458	0.1511	0.476	0.7531	0.173	0.7257	0.2168	0.3672	1.1154		
		0.6104	0.2864	1.5852	1.2774	0.9453	0.4287	1.978	0.9049	1.3132	0.2516	0.8684	1.5164		0.464	0.2113	1.2419	0.8641	0.7074	0.2942	1.0279	0.6739	1.0086	0.191	0.6485	1.1775		
		0.2531	0.1652	1.5208	0.6802	1.5425	0.6585	2.0093	0.7855	0.4618	2.4019	1.6717	1.9551		0.1564	0.1274	0.6375	0.5207	1.0461	0.4456	0.8772	0.5545	0.3336	1.4089	1.2196	1.3662		
		0.5442	1.7724	1.3562	1.2978	0.3388	0.3454	0.4139	2.4577	1.83	0.2821	1.7782	1.7868		0.4264	1.4178	1.032	0.9835	0.2424	0.2551	0.2802	1.353	1.5109	0.2073	1.2588	1.3633		
		0.3139	1.1724	0.2796	1.2434	0.47	1.6061	1.4225	0.3903	1.6216	1.5219	0.3029	1.5303		0.1921	0.9163	0.2007	1.0068	0.3746	1.1322	1.0361	0.2884	1.3113	1.285	0.2109	1.2241		
		0.7284	0.62	0.4988	0.7412	0.5588	0.8442	0.4846	0.4808	0.2893	0.2578	0.3788	1.9164		0.55	0.4463	0.3599	0.5838	0.4595	0.6046	0.3123	0.3611	0.2183	0.1853	0.2869	0.6404		
		0.3626	0.5409	0.5152	0.5463	0.2527	0.84	0.5024	1.0984	1.0334	0.3697	0.4207	1.5727		0.2234	0.4481	0.4033	0.3987	0.1839	0.5125	0.3352	0.6005	0.5102	0.2521	0.2758	0.9575		
		0.4974	0.3951	0.6481	0.4871	0.5105	0.7085	0.2497	0.1768	0.4668	0.2778	0.329	0.289		0.3407	0.2843	0.4242	0.3518	0.4012	0.431	0.1559	0.1335	0.3155	0.1974	0.2311	0.193		
		
~End
Copyright © 2003 Molecular Devices. All rights reserved.
