##BLOCKS= 1          
Plate:	Plate#1	1.3	PlateFormat	Endpoint	Absorbance	Raw	FALSE	1						2	490 750	1	12	96	1	8	None	
	Temperature(¡C)	1	2	3	4	5	6	7	8	9	10	11	12		1	2	3	4	5	6	7	8	9	10	11	12		
	23.00	0.2531	1.7419	0.3657	1.6051	0.1803	1.5644	1.1384	0.3595	1.0702	0.2961	1.1541	1.3244		0.1864	1.0803	0.2714	1.0241	0.147	1.2673	0.8321	0.2921	0.8207	0.2227	0.7807	1.041		
		0.5754	0.2993	1.4841	1.9815	1.5292	0.3616	2.4599	1.1422	1.3825	0.2703	1.5693	1.2994		0.4511	0.2313	1.1014	1.4988	1.1838	0.2631	1.3893	0.8747	1.0792	0.2022	1.2192	0.9472		
		0.3842	0.1691	1.9012	0.621	1.4998	1.2041	1.5416	0.8561	0.3937	1.9028	2.2008	1.5539		0.2192	0.1298	0.8839	0.4449	0.9802	0.8848	0.6337	0.6268	0.2826	1.3482	1.6561	1.1735		
		0.7585	1.3424	1.5968	1.6778	0.3479	0.4184	0.3734	1.4413	1.7415	0.277	2.0289	1.7536		0.5429	1.0458	1.1772	1.2268	0.2554	0.3376	0.2615	1.1066	1.4176	0.1947	1.5516	1.3475		
		0.3031	0.9331	0.2248	1.7569	0.6178	1.549	1.8373	0.177	2.0484	1.6465	0.2844	1.3892		0.2095	0.7037	0.1656	1.3392	0.5154	1.1041	1.3874	0.1395	1.6248	1.3392	0.1979	1.1041		
		0.4339	0.6853	0.4592	0.9724	0.4051	0.757	0.3048	0.6049	0.3314	0.2932	0.3669	2.1333		0.3358	0.5036	0.3421	0.7732	0.3186	0.4784	0.1809	0.4665	0.2384	0.21	0.2688	0.7698		
		0.7526	0.7183	0.3485	0.6054	0.5124	0.7388	0.9827	1.3535	0.8385	0.3359	0.4306	0.7742		0.6039	0.6083	0.2739	0.4594	0.4193	0.4313	0.7418	0.7938	0.4266	0.2265	0.2943	0.3917		
		0.5142	0.3598	0.4459	0.4779	0.5722	0.9117	0.3106	0.2959	0.7544	0.9862	0.3328	0.3015		0.3535	0.2482	0.2963	0.3461	0.4505	0.5089	0.1837	0.2359	0.613	0.9236	0.2459	0.2114		
		
~End
Copyright © 2003 Molecular Devices. All rights reserved.
