##BLOCKS= 1          
Plate:	Plate#1	1.3	PlateFormat	Endpoint	Absorbance	Raw	FALSE	1						2	490 750	1	12	96	1	8	None	
	Temperature(¡C)	1	2	3	4	5	6	7	8	9	10	11	12		1	2	3	4	5	6	7	8	9	10	11	12		
	21.40	0.4299	1.3725	0.4566	1.4883	0.3587	0.8726	0.4415	0.6397	1.5871	0.7806	1.1599	1.6355		0.2553	0.9859	0.2873	0.9609	0.2219	0.5674	0.2714	0.4322	1.1868	0.5417	0.3302	1.228		
		0.5525	1.0346	1.4819	0.5949	1.5323	0.3586	1.4592	1.1674	1.6139	0.5016	0.3404	1.6469		0.4434	0.7935	1.1317	0.387	1.1506	0.2354	1.1756	0.8866	1.2587	0.3461	0.2301	1.2512		
		0.815	0.1371	1.0159	0.6654	1.1094	1.1199	1.2589	1.5984	1.2394	1.3652	1.5516	1.4727		0.4687	0.1069	0.6986	0.4479	0.778	0.8533	0.7801	1.284	0.9619	1.0218	1.2569	1.1155		
		1.6919	2.0387	1.7724	1.4736	0.8461	1.4923	0.5175	1.4355	1.4509	0.5067	1.9378	1.8961		1.2539	1.5771	1.3167	1.1664	0.5952	1.2077	0.3584	1.0284	1.111	0.3197	1.4673	1.4251		
		0.3863	0.8636	0.3416	1.5081	0.6952	1.2212	1.3883	0.373	1.5829	1.6206	0.3479	1.4233		0.2179	0.3823	0.2142	1.1185	0.5664	0.9598	1.0319	0.2542	1.2519	1.2791	0.2305	1.0888		
		0.5588	1.0107	1.5464	1.5721	0.2069	0.8259	1.4275	0.3073	0.3891	0.8925	1.6464	1.7581		0.4076	0.639	0.6556	0.9885	0.1529	0.5561	0.6802	0.218	0.2691	0.49	0.7375	0.7159		
		1.3629	0.6404	0.7354	1.8114	0.5421	0.2619	0.4126	1.4718	0.4643	0.4755	0.5502	1.0206		0.6626	0.5831	0.538	0.8656	0.3923	0.1874	0.2742	0.9786	0.2689	0.2821	0.3321	0.6449		
		0.3047	0.7394	0.4553	0.5111	0.4143	0.4395	0.2611	0.3324	0.4836	0.254	0.3756	0.3474		0.2247	0.5125	0.3105	0.3671	0.3177	0.301	0.1886	0.2052	0.2591	0.1669	0.2214	0.2189		
		
~End
Copyright © 2003 Molecular Devices. All rights reserved.
