##BLOCKS= 1          
Plate:	Plate#1	1.3	PlateFormat	Endpoint	Absorbance	Raw	FALSE	1						2	490 750	1	12	96	1	8	None	
	Temperature(¡C)	1	2	3	4	5	6	7	8	9	10	11	12		1	2	3	4	5	6	7	8	9	10	11	12		
	21.50	0.3448	1.0896	0.3333	1.4275	0.3875	0.9678	0.5061	0.5617	1.7181	0.6789	1.3067	1.6929		0.2084	0.7871	0.2175	0.9185	0.253	0.6499	0.305	0.3824	1.2733	0.4809	0.4308	1.278		
		0.688	0.9214	1.5922	0.5846	1.4814	0.3368	1.5775	0.9951	1.4024	0.4752	0.6643	1.8624		0.5328	0.6917	1.2243	0.3936	1.1202	0.2302	1.2808	0.7351	1.0306	0.3296	0.5046	1.4406		
		1.0369	0.1456	0.9658	0.8079	1.1935	1.1198	1.1793	1.7573	1.2038	1.5412	1.7049	1.6108		0.65	0.1146	0.6601	0.5376	0.8713	0.8506	0.7268	1.4166	0.9497	1.2021	1.3952	1.21		
		1.6701	1.7433	1.5004	1.7192	0.7019	1.6414	0.5334	1.378	1.8498	0.3605	1.5741	1.8776		1.23	1.3368	1.1157	1.3723	0.5007	1.3417	0.3674	1.0107	1.4776	0.2429	1.1097	1.4013		
		0.4878	0.7326	0.3136	1.6611	0.5164	1.1543	1.5236	0.2951	1.7161	1.2884	0.3334	1.4876		0.301	0.3285	0.2046	1.2405	0.4211	0.8987	1.1676	0.2036	1.3439	0.981	0.2242	1.1463		
		0.5504	0.9325	2.1558	1.4775	0.2402	0.7614	1.1882	0.2884	0.3507	1.2807	1.6838	1.9157		0.4061	0.6178	0.8777	0.8971	0.1771	0.5121	0.576	0.2052	0.2424	0.677	0.7632	0.8396		
		1.3844	0.8043	0.5622	1.0465	0.6226	0.3118	0.4957	1.2481	0.4488	0.4499	0.5952	0.9851		0.788	0.6779	0.4114	0.5332	0.4819	0.2231	0.3289	0.7857	0.2799	0.2828	0.3559	0.5243		
		0.3185	0.5404	0.5565	0.5336	0.3271	0.4401	0.2828	0.2452	0.4676	0.2599	0.2424	0.3542		0.2155	0.4323	0.3883	0.3781	0.2443	0.3073	0.204	0.1549	0.2577	0.1771	0.1604	0.2212		
		
~End
Copyright © 2003 Molecular Devices. All rights reserved.
