##BLOCKS= 1          
Plate:	Plate#1	1.3	PlateFormat	Endpoint	Absorbance	Raw	FALSE	1						2	490 750	1	12	96	1	8	None	
	Temperature(¡C)	1	2	3	4	5	6	7	8	9	10	11	12		1	2	3	4	5	6	7	8	9	10	11	12		
	21.60	0.5257	1.2524	0.283	1.5682	0.4423	0.9057	0.3734	0.6469	1.8058	0.5378	1.3221	1.7366		0.2843	0.8808	0.192	1.0325	0.2811	0.5514	0.2375	0.4446	1.3112	0.3902	0.459	1.3412		
		0.7008	1.0048	1.4358	0.695	1.4905	0.4047	1.2161	1.0332	1.5284	0.3955	0.5659	1.6374		0.5056	0.7731	1.0856	0.4578	1.1193	0.2741	0.9537	0.7678	1.1493	0.2762	0.42	1.264		
		1.0795	0.1461	0.9333	0.8099	1.0155	1.1451	1.4054	1.7162	1.2955	1.7234	1.5401	1.5699		0.6444	0.1161	0.6485	0.5611	0.7453	0.8532	0.8056	1.3888	1.0294	1.3656	1.2646	1.2047		
		1.8463	1.6975	1.8653	1.7611	0.9998	1.8151	0.7034	1.4497	1.6472	0.5627	1.474	1.8747		1.3942	1.3185	1.4288	1.4052	0.7393	1.5088	0.4852	1.1006	1.3054	0.3493	1.0938	1.4173		
		0.3579	0.9841	0.4422	1.6011	0.4519	1.1804	1.3738	0.3017	1.7097	1.4969	0.4331	1.5182		0.2027	0.4305	0.286	1.188	0.3565	0.9063	1.0241	0.21	1.3508	1.1533	0.2764	1.1595		
		0.5024	0.9722	1.9064	1.5748	0.2124	0.7201	0.9335	0.2724	0.4788	0.8768	1.9177	1.9988		0.3425	0.6545	0.8054	0.988	0.1588	0.4801	0.4733	0.1971	0.3289	0.4933	0.8563	0.931		
		1.6326	0.6276	0.4159	1.7746	0.5655	0.2835	0.5746	1.1488	0.4115	0.558	0.5293	0.8555		0.8005	0.5002	0.3022	0.8807	0.3843	0.2009	0.396	0.7418	0.2587	0.3607	0.3034	0.481		
		0.4184	0.6612	1.1265	0.48	0.4256	0.4022	0.2554	0.2945	0.3208	0.3232	0.3234	0.438		0.2953	0.4771	0.8593	0.3421	0.3121	0.2807	0.1862	0.1847	0.1922	0.2168	0.2052	0.2652		
		
~End
Copyright © 2003 Molecular Devices. All rights reserved.
