##BLOCKS= 1          
Plate:	Plate#1	1.3	PlateFormat	Endpoint	Absorbance	Raw	FALSE	1						2	490 750	1	12	96	1	8	None	
	Temperature(¡C)	1	2	3	4	5	6	7	8	9	10	11	12		1	2	3	4	5	6	7	8	9	10	11	12		
	23.40	0.269	1.4201	0.3032	1.6391	0.3341	0.818	0.4119	0.5009	1.3934	0.3529	0.1773	1.9818		0.1935	0.988	0.2158	1.1328	0.2425	0.5874	0.256	0.3628	1.0079	0.2714	0.1278	1.4115		
		0.5313	1.0179	1.9825	0.8943	1.5709	0.6984	1.4958	2.118	1.7586	0.8316	0.2162	1.4998		0.4214	0.687	1.3686	0.6258	1.1565	0.4873	1.1002	1.6176	1.3249	0.5856	0.1629	1.0977		
		0.2678	0.142	1.0485	0.2223	1.899	0.7033	1.6481	0.8096	0.6667	1.4098	1.706	2.2253		0.2132	0.1118	0.7116	0.1692	1.1471	0.4565	1.0575	0.5632	0.4766	1.0725	1.2861	1.7192		
		1.7724	2.0354	1.9985	1.8713	0.5489	1.5646	0.7005	1.7863	1.8358	0.3335	1.5202	0.9917		1.3385	1.4586	1.4844	1.2975	0.3862	1.1639	0.477	1.3099	1.3441	0.2312	1.1608	0.6942		
		0.6308	1.9925	0.2893	1.3356	0.2083	1.3857	1.6676	0.3704	1.8519	1.9234	0.5065	1.7786		0.4043	1.3933	0.2064	0.9737	0.1669	1.0454	1.145	0.2652	1.3563	1.3833	0.3461	1.266		
		1.0661	0.8902	1.5068	0.8001	0.9593	0.7028	0.7923	0.3093	0.4964	1.0841	1.0576	1.2953		0.7118	0.6439	1.0235	0.5864	0.7088	0.4815	0.5044	0.2179	0.3407	0.6143	0.711	0.8261		
		0.2417	0.5057	0.8176	1.2397	0.2162	1.0445	0.7237	1.0153	0.5895	0.4927	1.1447	0.7933		0.1808	0.4628	0.6075	0.8133	0.1667	0.7389	0.4544	0.7157	0.4031	0.351	0.779	0.5037		
		0.4438	0.9353	0.2764	1.011	0.98	0.6863	0.3174	0.2106	0.4339	0.2817	0.3057	0.2686		0.2999	0.6643	0.2069	0.7096	0.6548	0.4444	0.2202	0.1525	0.2822	0.2071	0.2225	0.189		
		
~End
Copyright © 2003 Molecular Devices. All rights reserved.
