##BLOCKS= 1          
Plate:	Plate#1	1.3	PlateFormat	Endpoint	Absorbance	Raw	FALSE	1						2	490 750	1	12	96	1	8	None	
	Temperature(¡C)	1	2	3	4	5	6	7	8	9	10	11	12		1	2	3	4	5	6	7	8	9	10	11	12		
	23.40	0.5072	1.2664	0.3446	1.7949	0.3964	1.011	0.3226	0.4493	1.5542	0.3046	0.1957	1.5809		0.3264	0.8723	0.2459	1.2821	0.2845	0.7312	0.2116	0.3205	1.1285	0.228	0.1357	1.1548		
		0.6757	1.0353	2.0704	0.7788	1.7523	0.6538	1.1231	1.3264	2.112	0.7325	0.1712	2.0673		0.5058	0.705	1.5193	0.5577	1.3066	0.4717	0.7886	0.9909	1.6243	0.5062	0.1285	1.5333		
		0.3061	0.1572	1.0257	0.2396	2.0315	0.9028	1.6066	0.6925	0.4659	1.4808	1.4989	2.4246		0.2396	0.1254	0.6907	0.1803	1.2996	0.5969	1.0192	0.4712	0.3263	1.1225	1.1345	1.841		
		1.8235	1.8692	1.6725	1.7698	0.5307	1.5817	0.5298	1.7595	1.5969	0.479	1.8515	1.1034		1.365	1.3573	1.2735	1.3216	0.3739	1.1325	0.3603	1.2866	1.1751	0.3423	1.4181	0.7864		
		0.7636	1.5905	0.3357	1.639	0.2163	1.4564	1.9552	0.3871	2.1299	1.8254	0.5429	1.5782		0.507	1.1037	0.2416	1.1749	0.1741	1.0874	1.3933	0.2789	1.6321	1.3668	0.3699	1.0322		
		1.1233	0.8539	0.9877	0.7927	0.9712	0.649	0.4513	0.3721	0.8417	1.0595	0.9348	1.0525		0.7103	0.6006	0.6534	0.5732	0.706	0.4432	0.2973	0.2621	0.5631	0.5987	0.609	0.6161		
		0.2542	0.4903	0.721	1.4225	0.3864	1.2247	0.459	1.1658	0.4547	0.468	0.6408	0.8748		0.182	0.4422	0.5337	0.9575	0.3136	0.8747	0.2901	0.8242	0.3132	0.332	0.4211	0.5608		
		0.4756	0.5539	0.2656	1.0088	0.8925	0.6442	0.2733	0.2271	0.4958	0.2411	0.3429	0.2863		0.3249	0.3921	0.2058	0.681	0.6124	0.4186	0.1992	0.1559	0.3112	0.1824	0.2472	0.2023		
		
~End
Copyright © 2003 Molecular Devices. All rights reserved.
