##BLOCKS= 1          
Plate:	Plate#1	1.3	PlateFormat	Endpoint	Absorbance	Raw	FALSE	1						2	490 750	1	12	96	1	8	None	
	Temperature(¡C)	1	2	3	4	5	6	7	8	9	10	11	12		1	2	3	4	5	6	7	8	9	10	11	12		
	23.60	0.2324	1.8298	0.2343	1.9911	0.2462	0.3128	0.3884	0.6582	1.5671	0.5147	1.0253	1.6549		0.1757	1.0977	0.1772	1.2653	0.1892	0.2409	0.2639	0.4903	1.0376	0.3315	0.6888	1.252		
		0.6628	0.3628	1.6408	0.3587	1.6245	0.6378	1.1993	1.2953	1.5401	0.9067	2.0906	1.3911		0.5383	0.2464	1.1854	0.2422	1.2457	0.4806	0.9463	0.8719	1.1805	0.6313	1.3791	1.067		
		0.4093	0.1492	0.8838	0.5387	1.0906	0.5915	0.3801	0.8134	0.5977	1.4363	1.4964	1.6308		0.2576	0.1128	0.6905	0.3656	0.8084	0.4486	0.2716	0.4752	0.4166	0.9831	0.9054	1.1636		
		0.3515	1.538	2.1723	1.7781	0.3747	0.6259	0.3524	1.5374	1.6202	0.4393	1.8673	1.7975		0.2821	1.1595	1.5542	1.2415	0.2742	0.4461	0.2323	1.2089	1.1261	0.3191	1.2494	1.1848		
		0.4837	2.1926	0.2891	0.3475	0.2084	1.7052	1.8559	0.368	2.0793	2.0652	0.6328	2.2084		0.3202	0.9652	0.214	0.2594	0.1589	1.1098	1.3529	0.2512	1.509	1.5076	0.4616	1.4163		
		0.9437	0.6333	1.565	0.3496	0.886	0.4971	0.6606	0.3941	0.3272	1.285	1.5881	1.7417		0.7018	0.4173	0.8568	0.2641	0.6462	0.3344	0.4465	0.2764	0.2437	0.6264	0.931	0.8782		
		1.3892	0.311	2.1271	1.2685	1.4647	0.9164	0.326	0.5066	0.2965	0.681	0.579	0.9108		0.7652	0.2414	1.1625	0.688	0.8563	0.5987	0.2287	0.3779	0.2052	0.4837	0.4361	0.6474		
		0.35	0.2916	0.3268	0.2627	0.9614	0.2513	0.2314	0.2993	0.2446	0.227	0.2194	0.2391		0.2428	0.2058	0.2032	0.1963	0.7592	0.1844	0.164	0.2172	0.1821	0.1714	0.1665	0.1775		
		
~End
Copyright © 2003 Molecular Devices. All rights reserved.
