##BLOCKS= 1          
Plate:	Plate#1	1.3	PlateFormat	Endpoint	Absorbance	Raw	FALSE	1						2	490 750	1	12	96	1	8	None	
	Temperature(¡C)	1	2	3	4	5	6	7	8	9	10	11	12		1	2	3	4	5	6	7	8	9	10	11	12		
	23.60	0.2497	1.6849	0.2324	1.9304	0.266	0.3437	0.3215	0.5737	1.6601	0.5517	0.8304	1.4758		0.1939	0.9771	0.1768	1.1072	0.2049	0.2605	0.2119	0.4169	1.113	0.3639	0.5602	1.1247		
		0.5223	0.251	1.7551	0.3558	1.6473	0.6024	1.2869	1.1964	1.581	0.793	2.3888	1.5169		0.4371	0.1947	1.2673	0.2159	1.2515	0.4458	1.0267	0.8477	1.2458	0.5117	1.6411	1.1379		
		0.3143	0.151	0.9694	0.4408	1.2903	0.5489	0.3755	0.8396	0.5805	1.4495	1.5292	1.5586		0.2057	0.1155	0.7504	0.3077	0.9647	0.3979	0.2673	0.495	0.3898	0.9562	0.9344	1.1272		
		0.4425	1.507	2.0192	1.8361	0.3229	0.9475	0.3361	1.4841	1.8002	0.4336	1.9513	1.8429		0.3517	1.1249	1.4156	1.2991	0.2406	0.7004	0.2055	1.1438	1.2497	0.3207	1.314	1.2015		
		0.5132	2.0696	0.289	0.4514	0.2128	1.4926	1.7564	0.372	2.2439	2.0732	0.4976	2.2603		0.338	0.9312	0.2142	0.3406	0.1632	0.9513	1.2766	0.2537	1.5677	1.496	0.352	1.4141		
		0.9235	0.6604	1.7372	0.3444	0.9488	0.6098	0.7113	0.3471	0.342	1.5415	1.2456	1.5687		0.7201	0.4347	0.8839	0.2584	0.6678	0.391	0.4758	0.2449	0.2541	0.714	0.6748	0.749		
		1.2364	0.2874	2.1578	1.1376	1.1374	0.9706	0.3477	0.5178	0.3126	0.685	0.4734	0.9373		0.6732	0.2253	1.1095	0.5872	0.6838	0.6214	0.2431	0.3805	0.2165	0.4762	0.3459	0.6817		
		0.3222	0.402	0.3985	0.2669	0.9597	0.3159	0.246	0.2234	0.2545	0.2154	0.2205	0.2306		0.241	0.2966	0.2458	0.2027	0.7445	0.231	0.1678	0.1603	0.19	0.1636	0.1658	0.1699		
		
~End
Copyright © 2003 Molecular Devices. All rights reserved.
