##BLOCKS= 1          
Plate:	Plate#1	1.3	PlateFormat	Endpoint	Absorbance	Raw	FALSE	1						2	490 750	1	12	96	1	8	None	
	Temperature(¡C)	1	2	3	4	5	6	7	8	9	10	11	12		1	2	3	4	5	6	7	8	9	10	11	12		
	23.50	0.1982	1.055	0.5335	0.4468	0.4586	0.5307	0.5374	0.3458	0.3024	0.3915	0.2455	0.6714		0.1116	0.379	0.2194	0.1642	0.2194	0.207	0.1877	0.1782	0.1472	0.1762	0.1214	0.2466		
		0.5286	0.4267	0.4441	0.3829	0.2407	0.2474	0.3145	0.5706	0.3578	0.2411	0.2053	0.4891		0.4007	0.178	0.2368	0.1501	0.1251	0.12	0.1476	0.4372	0.144	0.1316	0.1149	0.2181		
		0.268	0.1384	0.2204	0.6492	0.227	0.2871	0.4212	0.2878	0.308	0.288	0.487	0.4735		0.1518	0.1036	0.1246	0.2148	0.1197	0.1334	0.2094	0.1394	0.1365	0.1389	0.1896	0.1913		
		0.4904	0.2989	0.5039	0.5158	0.281	0.3788	0.3763	0.4621	0.3443	0.3239	0.4817	0.4233		0.1895	0.1371	0.2052	0.1893	0.1356	0.158	0.1563	0.1757	0.1534	0.1486	0.1935	0.171		
		0.2091	0.5091	0.3068	0.5454	0.3112	0.3441	0.4394	0.2186	0.4166	0.3923	0.3384	0.4142		0.117	0.1276	0.1488	0.1991	0.1433	0.147	0.169	0.1205	0.1696	0.1648	0.1439	0.1822		
		0.236	0.2018	0.3517	0.1928	0.5087	0.3811	0.3235	0.1924	0.2289	0.2415	0.3577	0.2534		0.1963	0.1549	0.1832	0.1523	0.1952	0.1827	0.1478	0.1465	0.118	0.137	0.1807	0.1406		
		0.3836	0.4639	0.2049	0.3545	0.1359	0.2487	0.2532	0.3545	0.2057	0.2188	0.5143	0.7536		0.2291	0.3715	0.1633	0.1613	0.1037	0.142	0.1386	0.1684	0.1164	0.1144	0.2207	0.3539		
		0.4174	0.2792	0.2809	0.2852	0.1639	0.2966	0.2121	0.4049	0.2216	0.2534	0.2017	0.2935		0.2071	0.1509	0.1443	0.1421	0.1288	0.1434	0.1194	0.1801	0.1196	0.1295	0.1111	0.1474		
		
~End
Copyright © 2003 Molecular Devices. All rights reserved.
