##BLOCKS= 1          
Plate:	Plate#1	1.3	PlateFormat	Endpoint	Absorbance	Raw	FALSE	1						2	490 750	1	12	96	1	8	None	
	Temperature(¡C)	1	2	3	4	5	6	7	8	9	10	11	12		1	2	3	4	5	6	7	8	9	10	11	12		
	23.60	0.4838	0.896	0.5301	0.3203	0.4698	0.7359	0.3442	0.4202	0.4249	0.2688	0.2216	0.3793		0.2466	0.3182	0.209	0.1377	0.2015	0.299	0.1422	0.1867	0.2048	0.1333	0.119	0.1758		
		0.4714	0.3204	0.5317	0.2203	0.3218	0.2366	0.3061	0.5782	0.3823	0.1971	0.1964	0.4277		0.3923	0.1524	0.2983	0.1142	0.1617	0.1203	0.147	0.4462	0.1819	0.1188	0.1116	0.2044		
		0.2945	0.1367	0.2894	0.3104	0.2619	0.2177	0.1806	0.5742	0.4351	0.3418	0.5371	0.5652		0.1432	0.1043	0.1468	0.1356	0.1315	0.118	0.1109	0.2897	0.1856	0.1586	0.2292	0.2139		
		0.3186	0.5835	0.3731	0.3797	0.2853	0.6675	0.3284	0.3605	0.3523	0.3714	0.3356	0.3435		0.1323	0.2801	0.1623	0.1674	0.1338	0.2709	0.1494	0.1502	0.1593	0.1777	0.1444	0.141		
		0.2477	0.517	0.2872	0.3628	0.4642	0.2666	0.3978	0.2844	0.3975	0.389	0.4605	0.4375		0.1375	0.1434	0.1391	0.1446	0.2057	0.127	0.1807	0.1388	0.1932	0.1759	0.1805	0.2032		
		0.2943	0.2163	0.292	0.2333	0.287	0.3371	0.2889	0.1891	0.3511	0.3347	0.2007	0.3382		0.2127	0.1756	0.1845	0.1842	0.1374	0.1422	0.1456	0.1425	0.1599	0.1826	0.1164	0.1517		
		0.2676	0.4207	0.1643	0.5005	0.1307	0.1709	0.242	0.3945	0.4349	0.4772	0.44	0.4104		0.1345	0.3588	0.1304	0.2391	0.1011	0.13	0.1279	0.1731	0.1847	0.2058	0.1934	0.229		
		0.4389	0.2687	0.2181	0.2284	0.1829	0.3512	0.2439	0.2935	0.2922	0.3489	0.2058	0.3443		0.2463	0.1273	0.1146	0.1567	0.1449	0.1611	0.1222	0.1506	0.1424	0.1675	0.1133	0.1669		
		
~End
Copyright © 2003 Molecular Devices. All rights reserved.
