##BLOCKS= 1          
Plate:	Plate#1	1.3	PlateFormat	Endpoint	Absorbance	Raw	FALSE	1						2	490 750	1	12	96	1	8	None	
	Temperature(¡C)	1	2	3	4	5	6	7	8	9	10	11	12		1	2	3	4	5	6	7	8	9	10	11	12		
	21.90	0.2595	0.4988	0.2479	1.3219	0.1686	0.2695	0.2158	0.2707	0.3703	0.1988	0.1744	1.0357		0.1594	0.3004	0.1902	0.7932	0.1302	0.1952	0.1532	0.2027	0.2609	0.1593	0.1244	0.8015		
		0.6434	0.2528	1.6295	0.1486	0.891	0.268	0.7232	1.0835	1.5315	0.2831	0.1699	1.4245		0.5066	0.182	1.2577	0.1141	0.633	0.1799	0.4506	0.8288	1.2503	0.191	0.1292	1.1475		
		0.1569	0.1918	0.252	0.162	0.8658	0.4072	0.6775	0.2461	0.3186	0.6635	0.4049	1.4501		0.1209	0.156	0.1727	0.1189	0.6071	0.2426	0.426	0.1763	0.2195	0.5116	0.3009	1.1985		
		0.4533	1.3209	0.7449	1.4401	0.2804	0.2189	0.2668	0.9282	1.0105	0.278	0.7824	0.3471		0.3397	0.9962	0.5589	1.1592	0.1945	0.1616	0.1848	0.6785	0.7476	0.1981	0.5878	0.2486		
		0.3892	1.1127	0.2157	0.833	0.2012	0.5378	0.9778	0.1841	0.2788	1.4357	0.1762	1.1549		0.2676	0.8633	0.1611	0.4815	0.1499	0.3636	0.7594	0.1424	0.2024	1.0853	0.1345	0.8949		
		1.2597	0.6623	0.61	0.8674	1.4305	0.2936	0.203	0.3156	0.2547	0.1736	0.1912	0.5844		0.8026	0.4092	0.3534	0.6238	0.9471	0.2061	0.1478	0.2264	0.1779	0.1285	0.1387	0.3657		
		0.317	0.4092	0.4605	0.2896	0.1657	0.7506	0.1542	0.2823	0.2556	0.2977	0.2252	0.4176		0.1909	0.3687	0.3611	0.2119	0.1314	0.4844	0.1224	0.1888	0.1813	0.2093	0.1519	0.2521		
		0.2675	0.4873	0.6537	0.5489	0.38	0.6978	0.1681	0.1466	0.2266	0.2213	0.2468	0.2354		0.2041	0.3158	0.4712	0.3263	0.2976	0.3834	0.1264	0.1137	0.1618	0.1665	0.1841	0.1643		
		
~End
Copyright © 2003 Molecular Devices. All rights reserved.
