##BLOCKS= 1          
Plate:	Plate#1	1.3	PlateFormat	Endpoint	Absorbance	Raw	FALSE	1						2	490 750	1	12	96	1	8	None	
	Temperature(¡C)	1	2	3	4	5	6	7	8	9	10	11	12		1	2	3	4	5	6	7	8	9	10	11	12		
	23.30	0.3041	1.5114	0.2569	1.0856	0.3407	1.944	0.2647	0.6005	2.9879	0.7682	2.2831	2.5735		0.2321	0.9004	0.1842	0.7847	0.2387	1.3609	0.177	0.4391	2.0834	0.5693	0.6062	1.6069		
		0.4675	2.4434	1.9497	3.1911	2.4275	0.5407	1.5416	0.2295	3.0075	0.5973	2.0322	2.3622		0.3526	1.7124	1.2014	2.3179	1.6728	0.3859	0.9711	0.1722	2.1092	0.411	1.3834	1.4416		
		1.2567	0.1823	0.8662	1.9164	1.2831	1.9183	1.7107	0.6597	0.9029	2.1345	2.917	2.6158		0.9748	0.1293	0.6573	1.3715	0.8128	1.3387	1.1873	0.4786	0.6573	1.466	1.7696	1.6787		
		2.9453	2.5185	2.1906	3.2944	0.7588	1.0549	1.8628	1.3118	2.8966	0.5037	2.7108	3.2347		2.0002	1.5302	1.2945	2.1479	0.5351	0.7544	1.324	0.8573	1.8963	0.3651	1.6391	2.0848		
		0.5544	0.5772	0.3653	1.6312	1.1235	2.0345	3.1612	0.4422	2.6608	2.6381	0.4446	2.9815		0.3578	0.296	0.2481	1.1993	0.8236	1.3641	2.191	0.309	1.6281	1.5997	0.3033	1.7621		
		1.2538	1.0137	2.0084	1.4231	0.5202	0.7773	1.0515	0.5409	0.5959	1.3229	1.554	1.7973		0.9331	0.5759	1.2957	1.0079	0.3707	0.4924	0.7154	0.3941	0.4109	0.8195	1.0289	0.8477		
		1.7168	1.8847	0.7705	0.8446	1.2814	1.463	0.561	1.1845	0.8721	0.8873	0.6516	1.2098		0.9817	1.3383	0.5454	0.4194	0.797	0.9989	0.3968	0.9047	0.5678	0.5725	0.4254	0.8524		
		0.6756	0.846	0.8258	0.4538	0.7826	0.554	0.2666	0.5379	0.957	0.409	0.3052	0.2883		0.4462	0.5769	0.5035	0.313	0.5441	0.3506	0.1821	0.3234	0.6603	0.2824	0.2131	0.1959		
		
~End
Copyright © 2003 Molecular Devices. All rights reserved.
