##BLOCKS= 1          
Plate:	Plate#1	1.3	PlateFormat	Endpoint	Absorbance	Raw	FALSE	1						2	490 750	1	12	96	1	8	None	
	Temperature(¡C)	1	2	3	4	5	6	7	8	9	10	11	12		1	2	3	4	5	6	7	8	9	10	11	12		
	23.30	0.2959	1.6408	0.3145	1.534	0.4687	1.9005	0.2688	0.6216	2.2098	0.7018	2.3032	1.6131		0.1884	1.0222	0.2274	1.1054	0.3265	1.3724	0.1752	0.4495	1.4751	0.5257	0.6631	1.0545		
		0.6149	2.1615	2.0273	2.2949	3.1752	0.45	1.8197	0.2513	2.1529	0.4605	1.9208	1.5606		0.4675	1.4906	1.2405	1.5481	2.1441	0.3184	1.1837	0.1921	1.4973	0.3162	1.2867	0.8942		
		1.3359	0.2082	0.7407	1.9475	1.6013	1.8292	1.0148	0.6249	0.9412	2.2163	2.2316	1.8707		0.9332	0.1472	0.5473	1.4201	1.0247	1.2976	0.6967	0.4491	0.6946	1.5463	1.3575	1.1248		
		3.0018	2.8245	1.9553	1.6901	0.6933	1.7706	0.6502	1.6622	2.3892	0.419	1.7944	2.67		2.0206	1.7324	1.1412	1.1126	0.4941	1.3159	0.4522	1.1026	1.4443	0.304	1.0452	1.9065		
		0.5848	0.4414	0.2804	1.4233	1.1403	1.9021	2.15	0.4541	1.8223	2.1092	0.5597	3.2423		0.3652	0.2338	0.19	1.0771	0.8563	1.2042	1.2733	0.313	1.0763	1.241	0.3886	2.2616		
		0.9499	1.0185	1.4277	1.255	0.5475	0.8345	1.1185	0.5028	0.6232	1.489	1.3881	2.6579		0.7348	0.5912	0.9294	0.8925	0.3869	0.5194	0.7382	0.3669	0.4097	0.9361	0.9241	1.6153		
		1.4265	1.1133	0.9339	0.9212	1.0977	1.3119	0.4939	1.051	0.7651	1.0562	0.5747	1.345		0.7011	0.7076	0.6754	0.5191	0.644	0.8552	0.3469	0.7626	0.4773	0.7013	0.3688	0.983		
		0.5651	0.9546	1.3402	0.5905	1.2096	0.7504	0.358	0.3938	1.4108	0.4016	0.2434	0.3573		0.4111	0.6234	0.8864	0.4091	0.8721	0.487	0.2525	0.2301	0.9684	0.2753	0.1691	0.2448		
		
~End
Copyright © 2003 Molecular Devices. All rights reserved.
