##BLOCKS= 1          
Plate:	Plate#1	1.3	PlateFormat	Endpoint	Absorbance	Raw	FALSE	1						2	490 750	1	12	96	1	8	None	
	Temperature(¡C)	1	2	3	4	5	6	7	8	9	10	11	12		1	2	3	4	5	6	7	8	9	10	11	12		
	23.00	0.5863	1.9373	0.3657	1.5197	0.3415	0.7063	0.6846	0.561	1.098	0.3885	0.9795	1.918		0.28	1.145	0.2078	0.9242	0.1938	0.4233	0.395	0.3279	0.7643	0.2265	0.7075	1.4412		
		0.6251	0.7475	1.7468	0.7206	1.5518	0.626	1.2663	1.0551	1.6313	0.3901	0.1698	2.1109		0.476	0.526	1.266	0.415	1.097	0.2938	0.9534	0.816	1.2599	0.243	0.113	1.5842		
		0.6822	0.1464	1.2068	1.2073	1.2679	1.3634	1.5279	1.0959	0.5407	0.8263	1.1271	1.8433		0.3439	0.1157	0.8735	0.7547	0.815	0.9276	0.9166	0.7738	0.3492	0.5364	0.767	1.372		
		0.8326	1.8821	1.9397	1.92	0.512	1.3444	0.5129	1.8772	1.9436	0.5867	1.8246	1.4602		0.5935	1.4668	1.4212	1.4362	0.287	0.9946	0.277	1.4687	1.4921	0.3305	1.3502	1.0969		
		0.4026	1.2699	1.7039	0.4565	0.4919	1.6762	2.1179	0.5228	1.8356	2.0302	0.4842	1.6768		0.239	0.8587	1.2996	0.2599	0.2451	1.2576	1.5485	0.2807	1.3746	1.4624	0.2752	1.1795		
		0.258	1.0429	1.2449	1.2225	0.3451	0.9706	0.8067	0.4698	0.3274	1.551	1.5639	2.4718		0.1913	0.6592	0.5376	0.7717	0.2343	0.5756	0.3976	0.3447	0.1994	0.8014	0.6293	1.4872		
		2.293	0.9158	1.282	1.9518	0.4188	0.3264	0.6997	0.7632	0.8416	0.8305	0.5091	0.4249		1.1629	0.6941	0.5557	1.0224	0.2604	0.2391	0.3773	0.4309	0.3808	0.4046	0.3132	0.2814		
		0.3779	0.5678	0.6665	0.3865	0.2576	0.5551	0.3601	0.2877	0.9254	0.2454	0.4456	0.5925		0.2397	0.3077	0.373	0.2622	0.1971	0.2872	0.1828	0.1826	0.4359	0.1609	0.2106	0.3245		
		
~End
Copyright © 2003 Molecular Devices. All rights reserved.
