##BLOCKS= 1          
Plate:	Plate#1	1.3	PlateFormat	Endpoint	Absorbance	Raw	FALSE	1						2	490 750	1	12	96	1	8	None	
	Temperature(¡C)	1	2	3	4	5	6	7	8	9	10	11	12		1	2	3	4	5	6	7	8	9	10	11	12		
	23.40	0.4516	1.0382	0.3475	1.954	0.2894	0.4831	0.9037	0.5256	2.4041	0.4553	0.8701	1.6913		0.2676	0.6689	0.2348	1.3346	0.203	0.3354	0.5159	0.3432	1.7337	0.3129	0.4506	1.2311		
		0.5978	0.2744	1.7573	0.4132	1.8813	0.5906	1.7488	0.961	1.6414	0.5395	1.1282	1.8922		0.4692	0.1998	1.2065	0.2966	1.3539	0.4019	1.2439	0.6998	1.1057	0.3864	0.8442	1.2789		
		0.3274	0.1438	1.4825	0.5349	1.4401	1.8334	1.2562	1.4802	0.4978	1.8891	1.8475	1.83		0.2265	0.1113	1.0595	0.3849	0.9415	1.1369	0.8832	1.0246	0.3479	1.4392	1.3188	1.2891		
		1.4236	1.7096	2.0513	2.0335	0.373	0.8191	0.7029	1.4741	1.9172	0.6441	1.5497	1.8953		1.1199	1.1378	1.2076	1.4578	0.2584	0.6229	0.5203	0.9595	1.5042	0.4592	1.2795	1.2968		
		2.0389	1.4343	0.2597	2.4088	1.6631	0.4502	1.8383	0.3226	1.8951	1.8553	0.5425	1.566		1.2689	0.4934	0.1841	1.4742	1.1043	0.3133	1.1055	0.236	1.41	1.4093	0.3939	1.0508		
		0.3713	0.8875	1.0979	1.5811	0.8384	0.7778	0.7137	0.384	0.5105	1.5946	0.9592	1.4972		0.2723	0.6102	0.7538	1.046	0.5979	0.4325	0.4606	0.2672	0.349	1.0811	0.6938	0.8687		
		0.9061	1.473	0.5972	1.0442	0.3102	1.8921	0.3242	0.3333	0.3211	0.2949	0.2775	0.3379		0.647	0.9747	0.4473	0.7309	0.1902	1.0136	0.2282	0.2278	0.227	0.2044	0.1855	0.23		
		0.3209	0.3186	0.3891	0.2664	0.7307	0.2638	0.244	0.1979	0.2959	0.2894	0.2842	0.29		0.2502	0.2157	0.2619	0.1835	0.5568	0.1903	0.1749	0.1501	0.208	0.2113	0.2061	0.1975		
		
~End
Copyright © 2003 Molecular Devices. All rights reserved.
