##BLOCKS= 1          
Plate:	Plate#1	1.3	PlateFormat	Endpoint	Absorbance	Raw	FALSE	1						2	490 750	1	12	96	1	8	None	
	Temperature(¡C)	1	2	3	4	5	6	7	8	9	10	11	12		1	2	3	4	5	6	7	8	9	10	11	12		
	21.70	0.1685	0.3324	0.1557	0.1468	0.1432	0.1535	0.1899	0.1464	0.1459	0.1396	0.1527	0.1479		0.1182	0.1037	0.1246	0.1155	0.1147	0.1248	0.14	0.1142	0.114	0.1123	0.1169	0.1184		
		0.6308	0.1367	0.2768	0.1627	0.1532	0.148	0.1602	0.1494	0.1568	0.1551	0.1717	0.1479		0.4973	0.1071	0.1785	0.1204	0.1216	0.1132	0.1249	0.1247	0.1251	0.1203	0.1247	0.1182		
		0.2103	0.1421	0.1327	0.1474	0.1748	0.1641	0.147	0.155	0.1462	0.1537	0.1571	0.15		0.1309	0.1143	0.1083	0.1164	0.1242	0.121	0.1213	0.1185	0.1126	0.1198	0.1238	0.1235		
		0.179	0.157	0.1744	0.1655	0.1601	0.1566	0.1701	0.153	0.1617	0.1546	0.1586	0.1477		0.1246	0.1222	0.1299	0.1277	0.1244	0.129	0.1327	0.1239	0.1302	0.1281	0.1263	0.1183		
		0.2005	0.1577	0.1403	0.1533	0.1483	0.1574	0.163	0.1445	0.166	0.159	0.1475	0.1676		0.1212	0.1208	0.1113	0.1165	0.1182	0.1181	0.1262	0.1192	0.1286	0.1243	0.115	0.1262		
		0.1506	0.1688	0.1443	0.142	0.1324	0.1494	0.1759	0.1475	0.1508	0.1577	0.1489	0.1541		0.1271	0.1401	0.1169	0.1181	0.1104	0.1195	0.1278	0.1215	0.1194	0.1222	0.1184	0.1241		
		0.147	0.3581	0.1499	0.1447	0.1381	0.1519	0.1474	0.205	0.1689	0.1706	0.1582	0.1791		0.1175	0.3228	0.125	0.1168	0.1165	0.1257	0.1141	0.1449	0.1246	0.1242	0.1161	0.1305		
		0.1552	0.1815	0.1558	0.1392	0.1403	0.1721	0.1805	0.1439	0.1771	0.157	0.1478	0.156		0.1218	0.1277	0.1181	0.1157	0.117	0.1264	0.1248	0.1177	0.1243	0.1215	0.1136	0.1188		
		
~End
Copyright © 2003 Molecular Devices. All rights reserved.
