##BLOCKS= 1          
Plate:	Plate#1	1.3	PlateFormat	Endpoint	Absorbance	Raw	FALSE	1						2	490 750	1	12	96	1	8	None	
	Temperature(¡C)	1	2	3	4	5	6	7	8	9	10	11	12		1	2	3	4	5	6	7	8	9	10	11	12		
	22.00	0.2034	0.1735	0.1525	0.163	0.1581	0.1554	0.172	0.1865	0.174	0.1564	0.1837	0.1516		0.1521	0.1149	0.1261	0.132	0.1309	0.1269	0.1375	0.1375	0.1284	0.127	0.1323	0.1235		
		0.4756	0.239	0.2671	0.1649	0.1576	0.1583	0.1684	0.1438	0.1637	0.1604	0.1828	0.1588		0.3877	0.241	0.1865	0.1307	0.128	0.1291	0.1357	0.116	0.1325	0.1319	0.1374	0.1279		
		0.1573	0.1733	0.1587	0.1806	0.1781	0.1852	0.1823	0.1641	0.1613	0.1776	0.1868	0.2146		0.1282	0.1388	0.1279	0.1457	0.1353	0.152	0.1445	0.1347	0.1315	0.1475	0.1569	0.1688		
		0.1714	0.175	0.1526	0.1635	0.1644	0.1675	0.167	0.165	0.1559	0.157	0.1562	0.1603		0.1404	0.1443	0.1266	0.1315	0.1346	0.1363	0.1365	0.1339	0.127	0.1245	0.1268	0.1329		
		0.2478	0.1581	0.152	0.1627	0.1621	0.1745	0.1632	0.1702	0.1515	0.1756	0.1627	0.1899		0.1494	0.1273	0.1247	0.132	0.1292	0.142	0.134	0.1372	0.1241	0.1407	0.1328	0.1347		
		0.1587	0.1589	0.1772	0.1681	0.1571	0.1829	0.1787	0.1614	0.161	0.1632	0.1552	0.1985		0.1335	0.1321	0.15	0.1368	0.1297	0.1403	0.1325	0.1306	0.1322	0.1324	0.1273	0.1587		
		0.1471	0.4735	0.1532	0.167	0.1559	0.1489	0.1626	0.1667	0.1496	0.1566	0.1519	0.1557		0.1174	0.3957	0.128	0.1391	0.1262	0.1239	0.1337	0.133	0.1232	0.1267	0.1255	0.1283		
		0.1552	0.178	0.1633	0.1518	0.1579	0.1536	0.167	0.2082	0.1768	0.1776	0.1525	0.1652		0.1287	0.1366	0.1274	0.1264	0.1268	0.1232	0.1288	0.1459	0.1307	0.1457	0.1225	0.1284		
		
~End
Copyright © 2003 Molecular Devices. All rights reserved.
