##BLOCKS= 1          
Plate:	Plate#1	1.3	PlateFormat	Endpoint	Absorbance	Raw	FALSE	1						2	490 750	1	12	96	1	8	None	
	Temperature(¡C)	1	2	3	4	5	6	7	8	9	10	11	12		1	2	3	4	5	6	7	8	9	10	11	12		
	27.40	0.6401	1.1838	0.5219	0.3372	0.5311	1.8886	0.3764	0.5396	1.2198	0.3014	0.3804	1.4964		0.3071	0.5846	0.2117	0.1532	0.252	1.3031	0.1506	0.2774	0.8876	0.1604	0.1274	1.0939		
		0.5221	0.4956	1.3409	0.2107	0.3174	0.2834	0.8178	0.7115	0.8199	0.2575	0.2392	0.8516		0.4304	0.2906	1.0194	0.1215	0.1606	0.1471	0.5987	0.5159	0.5479	0.1684	0.1225	0.5658		
		0.3927	0.1361	0.3494	0.3622	0.2838	0.4851	0.3585	0.684	0.4828	0.4033	1.1293	1.082		0.2386	0.1054	0.2013	0.1915	0.1487	0.3478	0.2614	0.392	0.2163	0.234	0.7718	0.6981		
		0.3229	1.1464	0.3732	0.7398	0.2559	0.7105	0.3633	0.5328	0.9058	0.4262	0.4546	0.4734		0.181	0.8302	0.1632	0.49	0.1291	0.3562	0.1673	0.2696	0.6513	0.2372	0.1859	0.2136		
		0.4019	0.5819	0.3532	0.4492	0.8225	0.2827	0.6627	0.3051	0.8906	0.3958	0.5796	1.0774		0.1943	0.1552	0.196	0.2255	0.6017	0.1334	0.3389	0.1619	0.6179	0.1981	0.2686	0.7091		
		0.8464	0.9548	0.5956	1.6113	0.7953	1.1099	0.2972	0.2996	0.5244	0.3806	0.2183	0.7271		0.6504	0.6773	0.3713	1.128	0.4361	0.4806	0.1565	0.2033	0.2802	0.2248	0.1249	0.351		
		0.4837	0.9781	0.8414	0.8239	0.1967	0.2738	0.4159	0.4315	0.7339	0.6842	0.586	0.7441		0.3204	0.5404	0.5092	0.5577	0.1452	0.1816	0.247	0.2019	0.4354	0.3809	0.3349	0.5083		
		0.591	0.6567	0.3363	1.063	0.5336	0.3733	0.3794	0.301	0.322	0.4656	0.2108	0.3872		0.3645	0.3781	0.1767	0.5192	0.4025	0.1821	0.2356	0.1595	0.1691	0.2604	0.1146	0.2066		
		
~End
Copyright © 2003 Molecular Devices. All rights reserved.
