##BLOCKS= 1          
Plate:	Plate#1	1.3	PlateFormat	Endpoint	Absorbance	Raw	FALSE	1						2	490 750	1	12	96	1	8	None	
	Temperature(¡C)	1	2	3	4	5	6	7	8	9	10	11	12		1	2	3	4	5	6	7	8	9	10	11	12		
	27.40	0.4085	0.6845	0.3848	0.3605	0.3	1.2463	0.4663	0.4687	1.59	0.7622	0.452	1.3309		0.206	0.2592	0.1722	0.1662	0.155	0.9555	0.242	0.2502	1.1453	0.4289	0.1471	0.8769		
		0.5884	1.7513	0.9642	0.3959	0.5101	0.2582	1.3887	0.8543	0.5804	0.2629	0.4694	0.8339		0.4079	1.2916	0.6661	0.1904	0.3837	0.1287	1.0796	0.545	0.36	0.174	0.3146	0.5715		
		0.3516	0.1534	0.2857	0.5715	1.3408	1.171	0.8703	0.5173	0.4046	0.3217	1.2161	0.5408		0.1629	0.122	0.1751	0.3538	0.981	0.8518	0.5966	0.2699	0.2057	0.166	0.8298	0.2993		
		0.6864	0.7425	0.924	1.1307	0.446	0.5288	0.4058	1.1057	1.5523	0.4995	0.6493	0.6981		0.4071	0.5772	0.6925	0.8699	0.2095	0.2733	0.2129	0.8269	1.1362	0.2445	0.4061	0.3866		
		0.3814	0.9581	0.2607	0.8434	0.7047	0.8512	0.3902	0.3159	1.0845	0.3149	0.4027	1.2868		0.1958	0.2583	0.1366	0.5441	0.4964	0.6685	0.1862	0.1959	0.8001	0.161	0.1979	0.8878		
		0.7443	0.6775	0.9557	1.0092	1.4204	1.3962	0.2931	0.4204	0.3322	0.2885	0.2761	0.5537		0.5214	0.4718	0.4873	0.7153	0.7955	0.6484	0.1819	0.2612	0.182	0.1596	0.1505	0.3884		
		0.5543	2.1468	0.5263	0.6903	0.1838	0.4197	0.2616	0.4002	0.23	0.3032	0.6275	0.5618		0.3801	1.087	0.3282	0.3804	0.128	0.2393	0.1438	0.2295	0.1273	0.1789	0.3384	0.3205		
		0.4179	0.4705	0.4405	0.8455	0.7188	0.4417	1.116	0.3782	0.3206	0.4045	0.2598	0.2735		0.1773	0.3104	0.2499	0.5537	0.5269	0.2116	0.8327	0.1946	0.161	0.1778	0.1252	0.1374		
		
~End
Copyright © 2003 Molecular Devices. All rights reserved.
