##BLOCKS= 1          
Plate:	Plate#1	1.3	PlateFormat	Endpoint	Absorbance	Raw	FALSE	1						2	490 750	1	12	96	1	8	None	
	Temperature(¡C)	1	2	3	4	5	6	7	8	9	10	11	12		1	2	3	4	5	6	7	8	9	10	11	12		
	27.50	0.2876	0.8403	0.3802	1.4248	0.2503	0.6985	0.2739	0.54	1.088	0.2723	0.2984	0.2907		0.185	0.5538	0.3065	1.0375	0.1883	0.5851	0.2107	0.4401	0.7701	0.2279	0.1729	0.2315		
		0.4352	0.2104	1.2721	0.8249	0.9801	0.3087	0.2105	1.6887	0.6653	0.425	0.2071	0.5843		0.3688	0.1515	0.9028	0.7119	0.8339	0.2306	0.1685	0.9179	0.5676	0.3221	0.1429	0.4725		
		0.383	0.162	0.5489	0.3837	0.3296	1.4427	1.3765	0.1865	0.2129	0.5505	1.2221	1.3836		0.2282	0.1369	0.4298	0.2863	0.234	1.067	0.8643	0.1408	0.1631	0.4746	1.0197	1.1271		
		1.571	0.8963	1.359	0.8598	0.2898	0.2318	0.831	0.8207	1.0156	0.6341	0.9363	0.6381		1.4348	0.7346	1.033	0.6829	0.2029	0.1712	0.6064	0.6739	0.8225	0.5114	0.7168	0.4861		
		0.5095	0.2004	0.2415	1.3744	0.1651	1.2561	1.2687	0.5652	0.9804	0.8764	1.2682	1.1218		0.2035	0.1613	0.1775	0.9728	0.1365	0.9995	1.0542	0.4561	0.7648	0.6859	0.9683	0.7266		
		0.958	1.1391	0.9771	1.5615	0.1621	0.3367	0.414	0.5379	0.5119	0.4777	0.4538	1.9845		0.5965	0.6166	0.6864	1.0544	0.1342	0.238	0.1921	0.4153	0.3815	0.3487	0.3364	0.928		
		0.3408	0.1493	0.347	0.6326	0.1513	0.2431	0.3642	0.6614	0.4097	0.5519	0.3734	0.6666		0.2439	0.1234	0.262	0.3707	0.1282	0.1669	0.243	0.4336	0.2886	0.3866	0.2364	0.4272		
		0.3219	0.7055	0.3188	0.2985	0.7437	0.608	0.2661	0.2094	0.4342	0.1905	0.2473	0.1948		0.2127	0.4701	0.2522	0.1976	0.492	0.4422	0.1934	0.1445	0.2717	0.1389	0.1859	0.1375		
		
~End
Copyright © 2003 Molecular Devices. All rights reserved.
