##BLOCKS= 1          
Plate:	Plate#1	1.3	PlateFormat	Endpoint	Absorbance	Raw	FALSE	1						2	490 750	1	12	96	1	8	None	
	Temperature(¡C)	1	2	3	4	5	6	7	8	9	10	11	12		1	2	3	4	5	6	7	8	9	10	11	12		
	27.50	0.2081	0.6683	0.2163	1.1878	0.2253	0.7663	0.1841	0.7363	2.0091	0.2941	0.2586	0.3859		0.1372	0.5666	0.1614	0.8462	0.1713	0.6459	0.1329	0.6138	1.5902	0.2442	0.1426	0.3041		
		0.5987	0.2316	0.5931	0.7275	1.0986	0.2401	0.2116	1.1795	0.8394	0.3916	0.2104	0.8916		0.4779	0.166	0.4284	0.6	0.8845	0.1735	0.1512	0.6716	0.717	0.2868	0.1359	0.7006		
		0.2628	0.147	0.3543	0.1682	0.4578	0.8733	0.8704	0.273	0.223	0.7993	1.4793	1.5825		0.1895	0.1194	0.2687	0.1376	0.3008	0.663	0.5713	0.1764	0.1571	0.6762	1.2976	1.294		
		0.9926	1.7827	0.468	0.9247	0.2728	0.211	0.8735	1.5384	0.8633	0.6582	1.2449	1.1283		0.7767	1.5975	0.3008	0.7102	0.2007	0.1636	0.6271	1.2335	0.6781	0.5424	0.9395	0.859		
		0.6336	0.1532	0.2535	1.3601	0.2456	1.6981	0.9722	0.7043	1.576	0.7949	1.2783	1.2849		0.2599	0.1298	0.1797	0.8851	0.205	1.3153	0.7732	0.5602	1.2352	0.682	0.9825	0.9595		
		0.785	1.2752	0.9571	1.2504	0.1664	0.3636	0.3686	0.5376	0.3858	0.4893	0.8415	2.3779		0.3892	0.6093	0.658	0.7149	0.1392	0.2602	0.1671	0.3446	0.2815	0.362	0.6362	1.3159		
		0.4564	0.1562	0.5017	0.8409	0.1433	0.2241	0.4585	0.6861	0.4011	0.6288	0.366	0.8863		0.4181	0.1264	0.36	0.4417	0.1218	0.1593	0.2963	0.4187	0.2933	0.4248	0.2097	0.5252		
		0.2802	1.262	0.2592	0.4376	0.6846	0.7123	0.2689	0.2405	0.2871	0.2332	0.2287	0.2543		0.2547	0.8334	0.1972	0.2523	0.429	0.4581	0.1891	0.148	0.1697	0.1696	0.1621	0.1594		
		
~End
Copyright © 2003 Molecular Devices. All rights reserved.
