##BLOCKS= 1          
Plate:	Plate#1	1.3	PlateFormat	Endpoint	Absorbance	Raw	FALSE	1						2	490 750	1	12	96	1	8	None	
	Temperature(¡C)	1	2	3	4	5	6	7	8	9	10	11	12		1	2	3	4	5	6	7	8	9	10	11	12		
	27.50	0.2429	1.2208	0.2314	1.7096	0.287	0.8144	0.2664	0.5513	1.8534	0.62	0.2536	0.5909		0.1588	0.8911	0.1723	1.2251	0.2308	0.679	0.1802	0.4524	1.4437	0.5215	0.1353	0.501		
		0.4929	0.2108	0.951	1.2191	0.7565	0.3269	0.2227	1.2086	0.4994	0.2487	0.206	1.1294		0.4227	0.1546	0.6562	1.0171	0.6065	0.2327	0.1764	0.7742	0.4117	0.1896	0.1374	0.92		
		0.3102	0.1603	0.318	0.4507	0.4325	0.7847	1.3163	0.248	0.2311	1.0781	0.3553	1.4454		0.2337	0.1343	0.2414	0.3623	0.3172	0.5551	0.8505	0.1734	0.1624	0.8965	0.2808	1.1217		
		1.0099	1.6284	0.677	2.0415	0.2838	0.2468	0.8318	0.8705	1.4377	0.7094	1.7507	1.0108		0.9994	1.2559	0.4467	1.5163	0.1962	0.188	0.5743	0.7235	1.244	0.5706	1.3922	0.7911		
		0.6265	0.1827	0.3507	1.9715	0.2019	0.8909	0.7448	0.7391	1.1076	0.9169	1.3713	1.4763		0.2544	0.1545	0.238	1.42	0.1666	0.6791	0.5846	0.5708	0.8651	0.7327	1.0106	1.1014		
		1.0801	0.9297	0.5621	1.4111	0.1788	0.3298	0.4662	0.3226	0.3281	0.839	0.5499	1.6194		0.5674	0.5239	0.4027	0.8494	0.148	0.231	0.2265	0.2402	0.2338	0.617	0.4372	0.6796		
		0.7564	0.1545	0.3034	0.7194	0.1537	0.2365	0.5289	0.6642	0.4814	0.6853	0.2966	0.3039		0.4709	0.1299	0.2226	0.4332	0.1295	0.1597	0.3372	0.4059	0.3234	0.4523	0.1857	0.1704		
		0.331	0.5431	0.2416	0.4151	0.8997	0.5892	0.2576	0.2254	0.2991	0.254	0.2587	0.2312		0.1892	0.3324	0.1828	0.2727	0.5341	0.385	0.1547	0.1766	0.1959	0.1929	0.1563	0.1429		
		
~End
Copyright © 2003 Molecular Devices. All rights reserved.
