##BLOCKS= 1          
Plate:	Plate#1	1.3	PlateFormat	Endpoint	Absorbance	Raw	FALSE	1						2	490 750	1	12	96	1	8	None	
	Temperature(¡C)	1	2	3	4	5	6	7	8	9	10	11	12		1	2	3	4	5	6	7	8	9	10	11	12		
	27.60	0.2286	0.3519	0.1873	0.216	0.191	1.4869	0.2429	0.1692	0.5311	0.7535	0.3488	0.6446		0.1473	0.2766	0.1437	0.1677	0.1465	1.2726	0.1673	0.1266	0.4463	0.6547	0.1586	0.5572		
		0.405	0.1579	0.5771	0.6548	0.9818	0.2266	0.1994	0.5836	2.4842	0.2996	0.2267	0.8171		0.367	0.1201	0.4499	0.5387	0.8298	0.1566	0.1421	0.4563	1.6404	0.2297	0.1508	0.6902		
		0.2176	0.1903	0.1618	0.5172	0.209	0.2985	0.2251	0.1847	0.1802	0.4063	0.2291	0.3346		0.1535	0.1454	0.1269	0.4265	0.1457	0.2192	0.1879	0.1433	0.136	0.3356	0.1747	0.2746		
		0.3062	0.3499	0.2045	0.2357	0.2318	0.2213	0.2402	0.9035	0.4294	0.2388	0.5076	0.3455		0.1842	0.2609	0.1468	0.162	0.1599	0.1554	0.1705	0.7662	0.3495	0.193	0.4232	0.2747		
		0.2156	0.2414	0.1702	0.2509	0.2755	0.2542	1.31	0.1903	0.6539	0.1935	0.224	0.1716		0.1377	0.1713	0.1289	0.1899	0.2221	0.1851	1.0732	0.154	0.5505	0.1515	0.164	0.1177		
		0.3333	1.1356	0.4848	0.7219	0.1866	0.3248	0.3161	0.364	0.1812	0.2111	0.2815	0.3708		0.2715	0.858	0.3844	0.5555	0.1445	0.2454	0.1787	0.2774	0.1404	0.1542	0.2158	0.2755		
		0.1703	0.2144	0.3123	0.2382	0.1519	0.1653	0.2445	0.2243	0.2084	0.2212	0.4256	0.2811		0.1296	0.1854	0.2556	0.1933	0.1215	0.1351	0.1735	0.1504	0.144	0.1573	0.3044	0.1971		
		0.1965	0.222	0.1611	0.2515	0.9765	0.2848	0.3004	0.2117	0.2592	0.1942	0.2116	0.1796		0.1504	0.1496	0.1223	0.2051	0.7759	0.2027	0.2065	0.1538	0.1707	0.1437	0.1438	0.1211		
		
~End
Copyright © 2003 Molecular Devices. All rights reserved.
