##BLOCKS= 1          
Plate:	Plate#1	1.3	PlateFormat	Endpoint	Absorbance	Raw	FALSE	1						2	490 750	1	12	96	1	8	None	
	Temperature(¡C)	1	2	3	4	5	6	7	8	9	10	11	12		1	2	3	4	5	6	7	8	9	10	11	12		
	27.60	0.2227	0.3824	0.1966	0.1803	0.2135	1.3198	0.3264	0.1636	0.2388	0.6828	0.4395	0.9782		0.1467	0.2745	0.149	0.1353	0.1642	1.1223	0.2433	0.1229	0.1863	0.5909	0.2317	0.8501		
		0.6289	0.1645	0.595	0.6191	0.9838	0.1956	0.2264	0.7105	1.4125	0.2084	0.2335	0.673		0.518	0.1183	0.4486	0.5066	0.8632	0.1428	0.1606	0.5471	1.2195	0.1537	0.1568	0.5643		
		0.3505	0.1702	0.1627	0.2789	0.212	0.2712	0.2835	0.211	0.1949	0.2447	0.2033	0.769		0.2224	0.1308	0.1274	0.2058	0.152	0.1987	0.2391	0.1564	0.1386	0.1842	0.1554	0.6702		
		0.2407	0.6657	0.2365	0.2076	0.2195	0.1826	0.2878	0.9429	0.4443	0.2454	0.5373	0.2589		0.1576	0.5113	0.1669	0.1447	0.1537	0.1423	0.2192	0.8164	0.3714	0.1952	0.4354	0.2108		
		0.2239	0.5744	0.1556	0.2032	0.3164	0.2303	1.3607	0.1815	0.6714	0.2132	0.2043	0.1994		0.1291	0.4279	0.1201	0.1521	0.2553	0.1677	1.1225	0.1415	0.5549	0.1598	0.1542	0.1407		
		0.3688	0.9478	0.6433	0.499	0.1761	0.2746	0.3024	0.3555	0.1889	0.1986	0.1946	0.4539		0.2618	0.7618	0.5006	0.3812	0.1396	0.194	0.1727	0.2764	0.145	0.1459	0.1471	0.3394		
		0.1883	0.1948	0.3349	0.4467	0.1567	0.2709	0.204	0.272	0.2173	0.228	0.204	0.3042		0.1468	0.1611	0.2779	0.3829	0.1268	0.2283	0.1515	0.1842	0.1536	0.161	0.138	0.2217		
		0.2015	0.3142	0.192	0.2327	0.5347	0.2504	0.398	0.2314	0.252	0.192	0.2393	0.1994		0.1525	0.2195	0.1489	0.1893	0.3996	0.1788	0.2959	0.1856	0.1687	0.14	0.1846	0.1437		
		
~End
Copyright © 2003 Molecular Devices. All rights reserved.
