##BLOCKS= 1          
Plate:	Plate#1	1.3	PlateFormat	Endpoint	Absorbance	Raw	FALSE	1						2	490 750	1	12	96	1	8	None	
	Temperature(¡C)	1	2	3	4	5	6	7	8	9	10	11	12		1	2	3	4	5	6	7	8	9	10	11	12		
	27.60	0.2043	0.3731	0.3035	0.1902	0.1673	1.0192	0.2132	0.1754	0.4874	0.4944	0.3335	0.5406		0.132	0.2707	0.2427	0.1427	0.1333	0.8618	0.1527	0.1326	0.4086	0.4189	0.1476	0.4501		
		0.506	0.1599	0.602	0.776	1.1568	0.2569	0.2087	0.8896	1.4883	0.227	0.2174	1.4238		0.4728	0.1216	0.445	0.6342	1.0069	0.1792	0.1497	0.6925	1.2588	0.1704	0.1456	1.2595		
		0.354	0.1676	0.174	0.3441	0.2127	0.3645	0.2389	0.1978	0.2024	0.2583	0.2775	0.6515		0.2332	0.1297	0.1343	0.2661	0.1518	0.2716	0.1993	0.1454	0.1484	0.1986	0.21	0.5589		
		0.2486	0.4858	0.2633	0.2275	0.2384	0.1922	0.2288	1.3687	0.359	0.3192	0.4966	0.5479		0.186	0.3677	0.2052	0.1592	0.1643	0.1501	0.1788	1.1838	0.2841	0.2432	0.4035	0.4671		
		0.2262	0.3028	0.188	0.3133	0.3781	0.2542	1.2148	0.2088	0.6238	0.2127	0.1847	0.1772		0.1349	0.24	0.1496	0.2472	0.3092	0.1861	0.9847	0.1664	0.5167	0.1663	0.1375	0.1231		
		0.2764	0.82	0.676	0.7562	0.1874	0.2804	0.3113	0.4047	0.2014	0.2031	0.1825	0.4047		0.2152	0.6365	0.5127	0.6023	0.1499	0.1918	0.1755	0.3063	0.1596	0.1496	0.1433	0.2928		
		0.1535	0.2614	0.3141	0.2121	0.151	0.2701	0.2115	0.2546	0.2619	0.2011	0.1955	0.3151		0.1175	0.2325	0.2557	0.1726	0.1213	0.2273	0.154	0.1689	0.1707	0.1423	0.1341	0.2187		
		0.1928	0.2813	0.1867	0.1857	0.898	0.3061	0.2467	0.2177	0.2209	0.1659	0.1648	0.1937		0.1371	0.194	0.144	0.1484	0.688	0.2156	0.1622	0.1563	0.1452	0.1219	0.1268	0.1344		
		
~End
Copyright © 2003 Molecular Devices. All rights reserved.
