##BLOCKS= 1          
Plate:	Plate#1	1.3	PlateFormat	Endpoint	Absorbance	Raw	FALSE	1						2	490 750	1	12	96	1	8	None	
	Temperature(¡C)	1	2	3	4	5	6	7	8	9	10	11	12		1	2	3	4	5	6	7	8	9	10	11	12		
	27.50	0.158	0.1701	0.1635	0.2738	0.1736	0.1595	0.1723	0.2189	0.1935	0.1956	0.2974	0.1712		0.1291	0.1139	0.1356	0.2233	0.1432	0.1306	0.1381	0.1592	0.1349	0.1529	0.1467	0.1314		
		0.5502	0.1833	0.269	0.1728	0.1655	0.1628	0.1765	0.1519	0.1689	0.1697	0.2124	0.1644		0.4359	0.1484	0.2014	0.1384	0.1372	0.133	0.1438	0.1199	0.1356	0.1392	0.1461	0.1288		
		0.1853	0.1935	0.1889	0.1827	0.1795	0.1862	0.1903	0.1698	0.1687	0.1851	0.2361	0.2201		0.1418	0.1653	0.1426	0.1445	0.1369	0.1553	0.1513	0.1386	0.1368	0.1519	0.1945	0.1706		
		0.2693	0.1652	0.1679	0.1657	0.1653	0.1693	0.1727	0.1782	0.1661	0.1611	0.1604	0.2177		0.2482	0.1339	0.1479	0.1339	0.1343	0.1411	0.142	0.1436	0.1371	0.1296	0.1303	0.1652		
		0.3046	0.2343	0.1605	0.1697	0.1671	0.1919	0.1978	0.1799	0.1617	0.1838	0.2254	0.3128		0.1488	0.1888	0.1312	0.1377	0.1341	0.1706	0.1668	0.1456	0.1331	0.1465	0.1787	0.221		
		0.2608	0.1792	0.1799	0.1794	0.1713	0.2279	0.2904	0.18	0.1777	0.1701	0.1644	0.1847		0.1817	0.1455	0.1503	0.1426	0.1422	0.1487	0.1667	0.1401	0.1465	0.1387	0.1352	0.148		
		0.1622	1.1917	0.1665	0.1708	0.1649	0.1642	0.1645	0.166	0.1749	0.1671	0.1703	0.2629		0.1332	0.745	0.1407	0.1425	0.1321	0.1369	0.1285	0.1358	0.134	0.13	0.1401	0.2112		
		0.1809	0.1745	0.1649	0.1631	0.1853	0.2156	0.188	0.1968	0.1887	0.2065	0.151	0.2069		0.1506	0.1425	0.1358	0.1364	0.1448	0.1736	0.1493	0.142	0.1405	0.1673	0.1219	0.1623		
		
~End
Copyright © 2003 Molecular Devices. All rights reserved.
