##BLOCKS= 1          
Plate:	Plate#1	1.3	PlateFormat	Endpoint	Absorbance	Raw	FALSE	1						2	490 750	1	12	96	1	8	None	
	Temperature(¡C)	1	2	3	4	5	6	7	8	9	10	11	12		1	2	3	4	5	6	7	8	9	10	11	12		
	27.40	0.2902	0.1571	0.1625	0.1846	0.1961	0.1655	0.1554	0.1834	0.2948	0.1664	0.3078	0.1835		0.2257	0.109	0.1349	0.1528	0.1621	0.135	0.1234	0.1352	0.2177	0.135	0.1507	0.1414		
		0.6273	0.1728	0.2517	0.1656	0.1637	0.1653	0.1616	0.149	0.1663	0.1828	0.2092	0.1737		0.462	0.1309	0.1778	0.1347	0.1345	0.1371	0.1326	0.1151	0.1328	0.1471	0.1435	0.1336		
		0.1866	0.1735	0.1794	0.1847	0.1782	0.1755	0.1959	0.1769	0.1591	0.1874	0.1634	0.1982		0.1515	0.1404	0.1441	0.1454	0.1334	0.1439	0.1564	0.146	0.1308	0.1501	0.1333	0.1553		
		0.1771	0.1657	0.1779	0.1755	0.1672	0.1713	0.1715	0.1723	0.1668	0.1812	0.2136	0.1502		0.1627	0.137	0.1479	0.145	0.1372	0.1411	0.1433	0.1415	0.138	0.1435	0.1737	0.1228		
		0.2562	0.1597	0.1728	0.168	0.174	0.1735	0.177	0.1723	0.1741	0.1703	0.1723	0.2113		0.1478	0.131	0.1408	0.1368	0.1394	0.1415	0.1466	0.1397	0.1429	0.1367	0.14	0.1381		
		0.1736	0.1853	0.169	0.1756	0.1699	0.2216	0.3043	0.1757	0.1795	0.1771	0.1636	0.3594		0.183	0.146	0.1398	0.1406	0.1415	0.1462	0.1685	0.1353	0.1482	0.1467	0.1333	0.3001		
		0.1703	0.9951	0.1647	0.1742	0.168	0.1565	0.1697	0.1604	0.1885	0.1827	0.1683	0.1715		0.1348	0.6201	0.1399	0.1438	0.1349	0.1304	0.1358	0.1308	0.1459	0.1399	0.1382	0.1396		
		0.2178	0.1746	0.1624	0.165	0.1692	0.251	0.418	0.1952	0.1946	0.1604	0.1805	0.1783		0.2127	0.1437	0.1274	0.1367	0.133	0.2004	0.3505	0.1447	0.1406	0.1253	0.1428	0.1395		
		
~End
Copyright © 2003 Molecular Devices. All rights reserved.
