##BLOCKS= 1          
Plate:	Plate#1	1.3	PlateFormat	Endpoint	Absorbance	Raw	FALSE	1						2	490 750	1	12	96	1	8	None	
	Temperature(¡C)	1	2	3	4	5	6	7	8	9	10	11	12		1	2	3	4	5	6	7	8	9	10	11	12		
	23.70	0.3259	1.4545	0.2652	2.6445	0.3102	0.806	1.3994	0.3779	0.783	0.3719	1.7314	1.9107		0.2107	0.8283	0.1678	0.9681	0.1711	0.4551	0.7018	0.2428	0.5026	0.2602	0.9751	1.3177		
		0.5164	0.2631	2.0164	1.2029	0.8682	0.3052	1.0966	0.9646	1.774	0.5297	0.1666	1.7268		0.3961	0.1824	1.1458	0.801	0.5002	0.1731	0.7028	0.6282	1.2156	0.2934	0.1213	1.0782		
		0.2952	0.2603	0.4178	1.4042	1.6675	1.0361	1.0757	1.2066	0.3003	1.7846	0.893	1.6691		0.1939	0.1596	0.2456	0.9438	0.8263	0.7402	0.5565	0.8219	0.1657	1.1848	0.5035	1.148		
		2.036	1.5933	2.2427	1.4557	1.2087	0.6426	0.5537	1.0366	1.8237	0.5926	1.7149	1.7716		1.3639	1.0816	1.3027	0.8708	0.6705	0.3268	0.2885	0.5885	1.2525	0.3243	0.8281	1.017		
		0.3701	2.1683	2.0138	1.4432	0.7714	0.821	2.3132	0.2804	1.8625	2.3493	0.3297	1.7149		0.224	0.9787	1.2152	0.8147	0.5129	0.4115	1.3187	0.1845	1.1832	1.2959	0.193	1.229		
		0.4692	1.4183	1.4733	2.4252	2.332	1.1049	0.4904	0.3401	0.2654	0.9215	1.2521	2.3417		0.3204	0.548	0.5558	0.9429	0.9052	0.4838	0.2763	0.1902	0.1782	0.3786	0.4793	1.164		
		1.1919	0.5166	0.5124	1.5195	0.2117	1.5036	0.2806	0.2223	0.2375	0.262	0.2632	0.2092		0.4832	0.4022	0.2947	0.6138	0.1597	0.5129	0.18	0.1425	0.1561	0.1598	0.1629	0.1408		
		0.2461	0.3001	0.1573	0.3112	0.2087	0.3153	0.2321	0.1984	0.183	0.1789	0.2416	0.2601		0.1543	0.1936	0.1121	0.1854	0.1462	0.1868	0.1382	0.133	0.1196	0.1226	0.1414	0.1496		
		
~End
Copyright © 2003 Molecular Devices. All rights reserved.
