##BLOCKS= 1          
Plate:	Plate#1	1.3	PlateFormat	Endpoint	Absorbance	Raw	FALSE	1						2	490 750	1	12	96	1	8	None	
	Temperature(¡C)	1	2	3	4	5	6	7	8	9	10	11	12		1	2	3	4	5	6	7	8	9	10	11	12		
	23.70	0.2462	1.8274	0.2579	2.1542	0.3289	0.5049	0.9583	0.2965	0.6854	0.4142	1.4567	1.7316		0.1695	0.9385	0.1627	0.8725	0.201	0.2978	0.4501	0.182	0.4242	0.3143	0.6923	1.1637		
		0.4758	0.2701	1.9674	0.9667	1.0599	0.2881	1.182	0.7852	1.7102	0.3627	0.1437	2.0647		0.4037	0.1768	1.1015	0.6216	0.6829	0.175	0.761	0.4773	1.1716	0.2108	0.1057	1.1665		
		0.2597	0.2218	0.3761	1.4738	1.6665	1.1815	1.2005	0.7138	0.4014	0.9453	1.2887	1.7557		0.1889	0.1407	0.222	0.9989	0.9135	0.8321	0.5793	0.4506	0.2107	0.6075	0.767	1.1595		
		1.7854	1.8638	2.0141	1.2525	0.7543	0.2867	0.3083	0.6321	1.1646	0.3773	1.6127	1.0745		1.2614	1.3156	1.208	0.8393	0.4166	0.168	0.171	0.3857	0.8038	0.2222	0.7939	0.6905		
		0.4436	1.6775	1.9183	1.6019	0.6371	0.869	2.3327	0.2302	2.2125	1.9134	0.3841	1.2249		0.246	0.6984	1.107	0.8404	0.4162	0.4298	1.2933	0.1613	1.3789	1.0286	0.2265	0.8351		
		0.4228	1.6086	1.0321	2.0505	2.0057	0.6413	0.7707	0.4037	0.2214	0.8808	1.6042	2.2151		0.3115	0.6001	0.4018	0.7473	0.7529	0.3101	0.3871	0.2422	0.152	0.3801	0.5846	0.8198		
		1.8589	0.3895	0.4896	1.5641	0.1468	1.7259	0.2692	0.2564	0.1781	0.2354	0.2201	0.1974		0.5967	0.2941	0.2748	0.6258	0.1143	0.4558	0.18	0.1492	0.117	0.1512	0.1426	0.1321		
		0.2382	0.3138	0.1978	0.2884	0.3641	0.3458	0.2867	0.2336	0.2164	1.1885	0.2206	0.2583		0.1643	0.1902	0.1372	0.1697	0.2515	0.1958	0.1773	0.143	0.1299	1.114	0.1422	0.1611		
		
~End
Copyright © 2003 Molecular Devices. All rights reserved.
