##BLOCKS= 1          
Plate:	Plate#1	1.3	PlateFormat	Endpoint	Absorbance	Raw	FALSE	1						2	490 750	1	12	96	1	8	None	
	Temperature(¡C)	1	2	3	4	5	6	7	8	9	10	11	12		1	2	3	4	5	6	7	8	9	10	11	12		
	23.80	0.293	1.2069	0.2887	1.2999	0.3309	0.3261	0.5078	0.6498	1.037	0.6589	1.5396	1.5584		0.2017	0.8772	0.2029	0.9249	0.2323	0.2237	0.3138	0.4331	0.7616	0.4779	0.9048	1.2637		
		0.6847	0.3128	1.4003	0.3254	0.7726	0.7721	1.113	0.8554	1.3453	0.3581	1.0553	1.5117		0.5551	0.2237	1.0771	0.2222	0.5128	0.5164	0.842	0.6687	1.0882	0.2436	0.7764	1.2261		
		1.2295	0.3214	0.7344	0.9917	1.2793	0.9328	1.0084	1.2721	1.1643	0.3989	1.1575	1.196		0.8394	0.2265	0.4699	0.7624	0.9223	0.6287	0.6436	0.9576	0.8778	0.2713	0.8847	0.9265		
		1.4786	1.7149	0.3495	1.3033	0.3355	0.415	0.2997	1.3774	0.3046	0.413	1.31	1.2282		1.1698	1.3903	0.2412	0.912	0.2314	0.2905	0.2067	1.0117	0.202	0.2765	0.9545	0.8922		
		1.3135	1.0092	0.3198	0.626	0.5493	1.0638	1.8671	0.3227	1.7632	0.322	0.2967	1.6635		0.9598	0.6526	0.2222	0.4163	0.41	0.7204	1.4126	0.2214	1.2161	0.2149	0.1963	0.9374		
		0.5499	0.8913	0.8053	0.8176	0.5733	0.6733	1.0811	0.3582	0.4023	0.5151	0.7756	1.5603		0.3709	0.6195	0.5233	0.5979	0.4011	0.4355	0.625	0.2475	0.2716	0.358	0.4904	0.891		
		0.7526	0.8897	0.7175	0.8609	0.7909	0.3136	0.4741	1.5015	0.5715	0.774	0.4997	1.0019		0.4901	0.6806	0.5162	0.5193	0.544	0.2272	0.317	0.9775	0.3823	0.5557	0.3292	0.6978		
		0.6745	1.1139	1.168	1.1204	1.0768	0.872	0.5211	0.3348	0.3193	0.2804	0.2478	0.3094		0.4397	0.6873	0.7364	0.6804	0.7359	0.5704	0.344	0.2192	0.2138	0.1945	0.1715	0.202		
		
~End
Copyright © 2003 Molecular Devices. All rights reserved.
