##BLOCKS= 1          
Plate:	Plate#1	1.3	PlateFormat	Endpoint	Absorbance	Raw	FALSE	1						2	490 750	1	12	96	1	8	None	
	Temperature(¡C)	1	2	3	4	5	6	7	8	9	10	11	12		1	2	3	4	5	6	7	8	9	10	11	12		
	23.80	0.321	1.3354	0.268	1.2123	0.3014	0.3935	0.5994	0.6659	1.1126	0.6168	1.7084	1.3984		0.206	0.9822	0.1845	0.8635	0.2105	0.2731	0.3774	0.445	0.8294	0.4418	1.0244	1.113		
		0.6564	0.275	1.4417	0.3203	0.6331	0.8419	1.0801	0.8442	1.3698	0.3939	1.1025	1.482		0.5301	0.2004	1.1269	0.2169	0.4092	0.5696	0.7993	0.6545	1.1033	0.2657	0.8009	1.2009		
		1.1788	0.2945	0.7426	1.043	1.2307	0.8388	0.9952	1.2426	1.0725	0.4159	1.2179	1.1956		0.8078	0.2053	0.4793	0.8005	0.8696	0.55	0.6415	0.9206	0.7808	0.281	0.9203	0.9136		
		1.3558	1.5912	0.3046	1.3592	0.3421	0.4441	0.3338	1.4552	0.3028	0.4074	1.2276	1.3448		1.0934	1.2636	0.21	0.9434	0.2353	0.3115	0.2314	1.0404	0.2044	0.2747	0.8558	0.8965		
		1.2832	1.0607	0.3229	0.69	0.4511	1.0894	1.659	0.3167	1.8882	0.3662	0.3352	1.7015		0.9374	0.6756	0.2241	0.4621	0.3309	0.7368	1.2563	0.2186	1.2807	0.2442	0.2215	0.9494		
		0.4905	0.9027	0.7219	0.789	0.5849	0.7979	0.9109	0.3273	0.3798	0.6704	0.7268	1.2866		0.35	0.6233	0.4639	0.5539	0.4096	0.5254	0.5053	0.2259	0.2542	0.4705	0.4405	0.7097		
		0.746	0.9491	0.8371	0.9501	0.8901	0.316	0.4319	1.4741	0.5743	0.8006	0.5098	1.0236		0.4535	0.741	0.5976	0.5868	0.6038	0.2326	0.2838	0.9201	0.388	0.5654	0.3383	0.7157		
		0.7126	1.0403	1.0288	1.0145	0.985	0.7791	0.5386	0.3707	0.2786	0.2553	0.2456	0.3128		0.4926	0.6467	0.6085	0.615	0.6671	0.4923	0.3585	0.245	0.1896	0.1799	0.1683	0.2156		
		
~End
Copyright © 2003 Molecular Devices. All rights reserved.
