##BLOCKS= 1          
Plate:	Plate#1	1.3	PlateFormat	Endpoint	Absorbance	Raw	FALSE	1						2	490 750	1	12	96	1	8	None	
	Temperature(¡C)	1	2	3	4	5	6	7	8	9	10	11	12		1	2	3	4	5	6	7	8	9	10	11	12		
	23.80	0.2887	1.185	0.2656	1.2938	0.2842	0.3398	0.6328	0.5908	0.9647	0.5696	1.5671	1.5222		0.202	0.8634	0.1839	0.9245	0.1981	0.232	0.4162	0.3866	0.7049	0.4008	0.9203	1.236		
		0.6533	0.3052	1.4563	0.2958	0.7529	0.8772	1.1859	0.793	1.3438	0.3322	1.077	1.4293		0.5403	0.2232	1.1398	0.1975	0.5138	0.5935	0.8921	0.6082	1.0764	0.2269	0.7969	1.145		
		1.0806	0.317	0.737	1.0916	1.1385	0.8836	0.82	1.1905	1.057	0.45	1.5546	1.232		0.7423	0.2217	0.474	0.8419	0.7984	0.5868	0.5199	0.8824	0.7702	0.3259	1.2186	0.9496		
		1.2458	1.4491	0.305	1.4063	0.3518	0.3596	0.331	1.4102	0.3217	0.4067	1.3078	1.3549		0.962	1.1332	0.2108	0.9873	0.2471	0.2468	0.2297	1.0118	0.2192	0.2748	0.9383	0.9436		
		1.3225	1.1052	0.3263	0.5937	0.45	1.1049	1.8567	0.2952	1.7365	0.3424	0.3335	1.6105		0.9782	0.7081	0.2276	0.3904	0.3328	0.7412	1.4151	0.202	1.1742	0.2268	0.2224	0.9049		
		0.4662	0.8149	0.9308	0.7739	0.7245	0.7241	1.0342	0.3152	0.3432	0.6066	0.8222	1.2525		0.3467	0.563	0.6175	0.5486	0.5116	0.4731	0.6032	0.216	0.2296	0.4289	0.5108	0.6803		
		0.7365	0.9077	0.6885	1.0143	0.7761	0.2907	0.4275	1.4376	0.5796	0.8823	0.4635	0.9979		0.4782	0.6836	0.4851	0.6446	0.5271	0.2087	0.281	0.9296	0.3902	0.6314	0.3043	0.6879		
		0.6751	1.0241	1.03	1.1574	1.1388	0.8406	0.5254	0.2637	0.2622	0.4193	0.2685	0.3062		0.4622	0.6167	0.6411	0.7154	0.7767	0.5299	0.3529	0.1748	0.1819	0.3085	0.1845	0.2031		
		
~End
Copyright © 2003 Molecular Devices. All rights reserved.
