##BLOCKS= 1          
Plate:	Plate#1	1.3	PlateFormat	Endpoint	Absorbance	Raw	FALSE	1						2	490 750	1	12	96	1	8	None	
	Temperature(¡C)	1	2	3	4	5	6	7	8	9	10	11	12		1	2	3	4	5	6	7	8	9	10	11	12		
	23.70	0.5183	1.245	0.2936	0.4885	0.2911	0.3418	1.7004	0.252	0.8169	0.3794	1.3964	1.796		0.2397	0.601	0.1644	0.2887	0.168	0.1841	0.5958	0.1667	0.5587	0.2102	0.6576	0.7751		
		0.6219	0.2994	2.4812	0.2961	1.9225	0.4883	1.4098	1.1001	2.5641	0.3243	0.5936	2.3357		0.4924	0.2076	1.1464	0.1591	0.8686	0.2047	0.5802	0.8978	1.183	0.1973	0.2614	1.0457		
		0.4402	0.1358	0.3508	0.4983	2.2829	1.312	2.1296	0.3093	0.2895	0.3524	0.8818	2.1056		0.1968	0.1065	0.2009	0.2139	0.859	0.5095	0.6762	0.1953	0.1781	0.2489	0.5623	0.9727		
		0.7036	1.5853	0.9539	2.0783	0.2922	0.3341	0.3281	1.9016	1.0783	0.4049	1.7976	0.6663		0.3667	0.6897	0.5283	0.9271	0.1642	0.2019	0.1804	0.8416	0.5762	0.2082	0.6922	0.3646		
		0.3067	1.7926	0.2472	0.5386	0.7232	0.5935	1.8254	0.3234	2.4794	1.1181	0.3251	1.8098		0.1868	0.6906	0.1461	0.3028	0.2532	0.3538	0.6962	0.1933	1.0385	0.4446	0.1804	0.6327		
		0.3983	0.8914	0.4383	0.6661	0.3239	0.3309	0.7332	0.3647	0.2873	0.8992	0.2696	2.2232		0.3044	0.5388	0.3117	0.5296	0.2558	0.2074	0.3181	0.2879	0.1723	0.3448	0.1743	0.7913		
		1.3467	0.5892	0.2915	0.2964	0.3253	0.3611	0.4878	0.5884	0.3327	0.3739	0.3758	1.8684		0.5096	0.4896	0.2332	0.2025	0.2551	0.2813	0.2349	0.2617	0.1564	0.173	0.2173	0.5502		
		0.3343	0.3071	0.3561	0.2346	0.3555	0.331	0.3584	0.2446	0.3471	0.2608	0.5396	0.3108		0.2025	0.1536	0.1679	0.1838	0.2744	0.1617	0.1678	0.1624	0.1709	0.1668	0.2603	0.1749		
		
~End
Copyright © 2003 Molecular Devices. All rights reserved.
