##BLOCKS= 1          
Plate:	Plate#1	1.3	PlateFormat	Endpoint	Absorbance	Raw	FALSE	1						2	490 750	1	12	96	1	8	None	
	Temperature(¡C)	1	2	3	4	5	6	7	8	9	10	11	12		1	2	3	4	5	6	7	8	9	10	11	12		
	22.30	0.3656	0.5751	0.3442	0.7827	0.3368	0.5513	0.3064	0.4013	0.5636	0.4466	0.678	1.1149		0.2086	0.3506	0.233	0.5099	0.2319	0.307	0.1695	0.2876	0.3956	0.2466	0.3248	0.8249		
		0.6157	0.3554	1.1263	0.8375	1.1346	0.3273	0.7584	0.4417	1.0569	0.2777	0.1873	1.2065		0.4897	0.2541	0.8596	0.5779	0.858	0.2145	0.5262	0.3359	0.7535	0.1973	0.1358	0.8698		
		0.4105	0.2127	0.3217	0.4625	0.9338	0.7094	0.7011	0.5946	0.3054	0.6322	0.3081	1.0364		0.2722	0.142	0.2241	0.2885	0.6571	0.4575	0.4929	0.4313	0.2077	0.4425	0.2083	0.7603		
		0.7395	1.0817	1.0007	0.8819	0.2676	0.4429	0.2792	0.8589	0.5239	0.4366	0.7608	0.6024		0.5097	0.785	0.7125	0.591	0.1741	0.2926	0.1824	0.5672	0.3519	0.3044	0.5105	0.4204		
		0.4179	0.8167	1.0467	0.7619	0.5847	0.5077	1.0677	0.2465	1.2397	0.4133	0.3252	0.7154		0.2333	0.3951	0.7421	0.5275	0.343	0.343	0.771	0.1655	0.9125	0.2912	0.2064	0.5237		
		0.409	0.7969	0.7427	0.6225	0.2514	0.5078	0.6406	0.2569	0.2629	0.3495	0.9193	0.8661		0.2896	0.5192	0.4435	0.4642	0.1912	0.2819	0.3833	0.1932	0.186	0.2404	0.4902	0.4649		
		0.59	0.4835	0.328	0.8332	0.2153	0.6721	0.3786	0.5135	0.3996	0.3385	0.4824	0.6387		0.3563	0.4161	0.2493	0.5629	0.1734	0.4095	0.2229	0.3297	0.2384	0.2131	0.3419	0.4108		
		0.4356	0.4	0.2699	0.3821	0.3094	0.2851	0.2495	0.2003	0.2925	0.3687	0.2609	0.2762		0.3432	0.2651	0.172	0.2982	0.2342	0.1814	0.1677	0.1427	0.1803	0.2601	0.1572	0.1685		
		
~End
Copyright © 2003 Molecular Devices. All rights reserved.
