##BLOCKS= 1          
Plate:	Plate#1	1.3	PlateFormat	Endpoint	Absorbance	Raw	FALSE	1						2	490 750	1	12	96	1	8	None	
	Temperature(¡C)	1	2	3	4	5	6	7	8	9	10	11	12		1	2	3	4	5	6	7	8	9	10	11	12		
	23.40	0.2384	0.9993	0.4053	0.699	0.3642	0.6168	0.4003	0.3507	0.7116	0.702	1.0118	1.4069		0.1506	0.5417	0.202	0.3692	0.1943	0.2681	0.1769	0.2181	0.4697	0.2986	0.6707	0.7396		
		0.5822	0.3877	1.043	0.9155	1.0804	0.5166	1.0665	0.6239	1.3463	0.382	0.179	1.3086		0.4555	0.2439	0.7369	0.52	0.6876	0.2703	0.6041	0.4747	0.7664	0.2251	0.125	0.7821		
		0.5032	0.2324	0.4452	0.5008	1.0268	0.5739	0.7636	0.5827	0.5085	0.531	0.3441	0.8955		0.2004	0.1405	0.2696	0.2636	0.6119	0.3138	0.5211	0.3759	0.2753	0.296	0.1942	0.5985		
		0.8275	1.3346	0.8193	0.9453	0.3966	0.63	0.5347	1.3855	0.5512	0.6079	0.6116	0.6417		0.5166	0.8589	0.5059	0.5682	0.2058	0.3516	0.2748	0.796	0.3095	0.3606	0.3943	0.4187		
		0.4673	1.1766	0.9792	0.7624	0.6881	0.8175	0.9266	0.2974	1.189	0.6266	0.4104	0.8256		0.2693	0.4982	0.5838	0.4623	0.3561	0.5611	0.6048	0.1769	0.7242	0.3624	0.2203	0.5889		
		0.3866	0.6428	0.8463	0.6826	0.2043	0.6278	0.8443	0.2857	0.2653	0.3438	0.9592	1.0606		0.2945	0.444	0.5006	0.5145	0.1535	0.3836	0.5103	0.2113	0.1926	0.2362	0.5022	0.5641		
		0.6758	0.3852	0.3679	0.7222	0.1961	0.6779	0.5474	0.7488	0.4295	0.3821	0.4575	0.6255		0.3775	0.3055	0.2736	0.4537	0.1565	0.4161	0.2708	0.4384	0.2135	0.1961	0.3162	0.3817		
		0.3869	0.4197	0.4005	0.2966	0.2901	0.3159	0.4543	0.2139	0.4258	0.4467	0.4539	0.2674		0.2589	0.2575	0.2293	0.2115	0.2172	0.2002	0.233	0.1628	0.2019	0.2682	0.2386	0.1692		
		
~End
Copyright © 2003 Molecular Devices. All rights reserved.
