##BLOCKS= 1          
Plate:	Plate#1	1.3	PlateFormat	Endpoint	Absorbance	Raw	FALSE	1						2	490 750	1	12	96	1	8	None	
	Temperature(¡C)	1	2	3	4	5	6	7	8	9	10	11	12		1	2	3	4	5	6	7	8	9	10	11	12		
	23.00	1.1356	2.6225	1.281	2.7431	0.5731	1.4754	1.6232	0.806	2.1223	1.2799	2.7828	2.7501		0.2842	1.0186	0.333	1.3565	0.1895	0.471	0.4757	0.3699	1.3826	0.4011	1.0764	1.4237		
		0.5473	0.8134	2.5334	1.9313	2.3225	0.7508	2.3579	1.4806	2.3935	0.8367	1.5887	2.7765		0.4214	0.5213	1.3985	0.8201	1.212	0.2478	1.2523	1.0401	1.2919	0.3274	0.7395	1.4574		
		1.1325	0.2572	1.1603	1.393	2.7289	2.1934	2.2956	2.4232	1.4749	2.7708	2.3223	2.8055		0.5226	0.1542	0.4911	0.6991	1.2056	1.0831	0.998	1.413	0.531	1.4554	0.9951	1.4426		
		2.7618	2.8486	2.7537	2.7032	1.3527	2.6619	2.1852	2.6683	2.7655	0.9002	2.8704	2.3103		1.6964	1.5233	1.5024	1.5224	0.3818	1.396	0.5777	1.4268	1.4248	0.2582	1.2994	1.2513		
		0.6191	1.9812	2.5077	2.7014	1.2758	2.5569	2.8347	1.348	3.0128	2.586	2.0495	2.7386		0.34	0.7616	1.407	1.3968	0.5754	1.1865	1.5406	0.408	1.4743	1.4873	0.5237	1.4232		
		0.7301	0.9415	2.8981	2.4244	0.26	1.1845	1.8815	0.3282	0.3404	1.3401	2.3698	2.2003		0.4504	0.5709	1.0194	0.9597	0.1847	0.5981	0.6486	0.2446	0.1949	0.6968	0.7446	0.7905		
		1.6893	1.0976	1.2593	2.7016	2.2584	2.4467	0.4796	1.3557	1.0634	1.6062	0.4301	1.1003		0.8742	0.7599	0.8222	0.9602	1.1158	1.1543	0.2009	0.634	0.3555	0.5858	0.3098	0.8384		
		0.5364	1.2813	1.0341	0.3692	0.3507	1.0194	0.7628	0.1988	1.0979	1.0064	1.0028	0.851		0.2447	0.4922	0.616	0.2617	0.267	0.2923	0.227	0.1462	0.3042	0.3593	0.2522	0.2619		
		
~End
Copyright © 2003 Molecular Devices. All rights reserved.
