##BLOCKS= 1          
Plate:	Plate#1	1.3	PlateFormat	Endpoint	Absorbance	Raw	FALSE	1						2	490 750	1	12	96	1	8	None	
	Temperature(¡C)	1	2	3	4	5	6	7	8	9	10	11	12		1	2	3	4	5	6	7	8	9	10	11	12		
	23.00	1.1099	2.1414	0.8504	2.613	0.9351	1.5116	1.9583	0.745	1.9495	1.0046	2.2055	2.9296		0.3119	1.025	0.2418	1.2444	0.2705	0.4836	0.5469	0.3514	1.2623	0.3484	0.7036	1.5455		
		0.6786	0.7392	2.3225	1.9598	2.5815	0.7277	1.984	1.2322	2.589	0.6023	1.8458	2.7781		0.5276	0.4911	1.2749	0.918	1.437	0.2707	1.0767	0.8437	1.4079	0.2796	0.8194	1.3945		
		1.2343	0.3193	1.7311	1.3754	2.3889	2.2014	2.4832	2.4105	1.2502	2.8476	2.2388	2.5614		0.5314	0.1663	0.734	0.7346	1.0727	1.1268	1.1849	1.4559	0.4775	1.4926	1.0896	1.3189		
		2.7738	2.8551	2.7709	2.7665	0.9825	2.6802	1.9406	2.7282	2.7418	0.872	2.8374	2.5116		1.5508	1.499	1.5633	1.5304	0.3165	1.4378	0.522	1.3784	1.367	0.2782	1.5748	1.392		
		0.7734	2.4699	2.3703	2.7215	0.7939	2.1144	2.9436	1.0167	2.9435	2.7	1.099	2.8083		0.4188	0.9313	1.3856	1.5647	0.3522	1.08	1.43	0.3031	1.5671	1.4337	0.306	1.4857		
		0.5652	1.22	2.5152	2.6068	0.315	0.9672	2.3349	0.3747	0.6613	1.2176	2.1376	2.4184		0.3511	0.6927	0.7864	1.1792	0.2273	0.4812	1.056	0.2772	0.2948	0.5943	0.4943	0.8978		
		1.6289	1.2882	0.901	2.6234	2.0469	1.7497	0.9578	1.8736	1.182	0.9381	0.4903	0.8585		0.7843	0.9029	0.57	0.9231	0.9619	0.7434	0.3185	0.7656	0.3237	0.3786	0.3397	0.5668		
		0.9431	1.3237	1.26	0.3827	0.2529	1.7431	0.8989	0.2504	1.2881	0.6263	1.064	0.69		0.334	0.554	0.5703	0.1992	0.1989	0.4402	0.2459	0.1754	0.3143	0.2053	0.2494	0.215		
		
~End
Copyright © 2003 Molecular Devices. All rights reserved.
