##BLOCKS= 1          
Plate:	Plate#1	1.3	PlateFormat	Endpoint	Absorbance	Raw	FALSE	1						2	490 750	1	12	96	1	8	None	
	Temperature(¡C)	1	2	3	4	5	6	7	8	9	10	11	12		1	2	3	4	5	6	7	8	9	10	11	12		
	23.00	0.6719	2.6214	0.6353	2.7032	1.0501	1.0595	2.167	0.5866	2.1807	1.2296	2.138	2.9265		0.1952	1.1689	0.2205	1.2846	0.2819	0.36	0.9078	0.3011	1.4145	0.3928	0.6813	1.6008		
		0.6522	0.9121	2.1773	2.3612	2.8373	0.5501	1.78	1.1356	2.504	0.6019	1.7625	2.7459		0.4762	0.6027	1.2918	0.9693	1.5398	0.226	1.1125	0.7679	1.3883	0.3033	0.8807	1.4041		
		1.1241	0.314	1.5309	1.5252	2.5905	2.4199	2.5928	2.5106	1.3378	2.5218	2.4121	2.8203		0.5149	0.1764	0.7375	0.8721	1.1014	1.2046	1.2129	1.6199	0.4655	1.433	1.2397	1.4788		
		2.6363	2.877	2.7342	2.7575	1.4149	2.5162	1.2484	2.6509	2.8634	0.8836	2.8458	2.5707		1.4825	1.7026	1.5136	1.5279	0.4346	1.4672	0.3457	1.4094	1.5358	0.2992	1.4718	1.4604		
		0.8429	2.7329	2.0518	2.7583	1.3215	2.5649	2.8757	1.0838	2.9415	2.7294	1.2662	2.7551		0.5009	1.0898	1.2192	1.5924	0.5682	1.2768	1.5325	0.3071	1.6023	1.5082	0.3215	1.3706		
		0.501	1.2861	2.7732	2.9713	0.3004	1.2413	2.1773	0.3567	0.6762	1.7223	2.1297	2.7351		0.3526	0.77	0.9356	1.5761	0.2165	0.6165	0.7908	0.2665	0.3067	0.9839	0.6417	1.211		
		1.1347	1.1623	1.2241	2.5958	2.5869	1.8843	1.4603	2.1648	1.0076	1.2538	0.7782	0.7511		0.6188	0.8155	0.7936	0.8436	1.2782	0.8451	0.5433	1.0671	0.3284	0.5369	0.5612	0.5061		
		0.7037	1.0512	1.2931	0.3429	0.2879	0.7553	0.769	0.2813	1.9164	0.7759	1.0173	0.9939		0.2992	0.4191	0.5836	0.2341	0.2218	0.2146	0.228	0.1704	0.4835	0.2482	0.2446	0.2926		
		
~End
Copyright © 2003 Molecular Devices. All rights reserved.
