##BLOCKS= 1          
Plate:	Plate#1	1.3	PlateFormat	Endpoint	Absorbance	Raw	FALSE	1						2	490 750	1	12	96	1	8	None	
	Temperature(¡C)	1	2	3	4	5	6	7	8	9	10	11	12		1	2	3	4	5	6	7	8	9	10	11	12		
	23.50	0.2894	1.153	0.3377	1.8008	0.2962	0.7453	0.5606	0.6719	1.0964	0.9404	1.1127	1.7439		0.1879	0.7626	0.2044	1.1594	0.1825	0.4631	0.207	0.4366	0.7878	0.5877	0.392	1.1164		
		0.476	1.4281	1.4766	1.2501	1.5576	0.3983	1.0922	1.2084	1.5378	0.5106	1.1104	1.6507		0.3743	1.1855	1.0205	0.9143	1.0765	0.26	0.7613	0.7443	1.0619	0.3417	0.7729	1.0527		
		0.2891	0.2448	0.8951	0.7903	1.281	0.8714	1.546	1.633	1.3085	1.4466	1.1579	1.9334		0.2052	0.1501	0.6217	0.5447	0.8717	0.6322	0.9592	1.2658	0.969	1.1304	0.8461	1.4052		
		1.6891	1.7173	1.5555	1.5579	0.385	0.9594	0.8608	1.6662	1.4219	0.4521	1.5587	1.3773		1.2444	1.2474	1.1354	1.121	0.2465	0.6868	0.516	1.0749	1.0345	0.2765	1.1606	1.0247		
		0.6333	1.0052	0.3243	1.3797	1.0427	1.5408	2.175	0.4557	1.8069	1.6277	0.305	2.2607		0.3428	0.3947	0.1948	0.9903	0.7428	1.1261	1.5663	0.2895	1.2477	1.112	0.1983	1.3273		
		0.8319	1.2244	0.8946	1.4668	0.4729	0.9908	0.6898	0.4598	0.4666	1.0103	1.4197	1.5569		0.5506	0.638	0.489	1.0133	0.3366	0.5848	0.3884	0.3148	0.3161	0.5977	0.7078	0.8554		
		1.4508	0.6976	0.5526	1.4378	0.7599	1.3822	0.4902	0.8591	0.2822	0.5637	0.6598	0.8122		0.8464	0.4915	0.4035	0.8012	0.5511	0.7811	0.3012	0.5169	0.1825	0.3722	0.4171	0.4856		
		0.4002	0.8865	0.3539	0.4407	0.4977	0.3062	0.3085	0.2455	0.3297	0.2977	0.2737	0.3286		0.2732	0.6619	0.2368	0.3245	0.3484	0.188	0.1952	0.1618	0.2174	0.1821	0.1615	0.1846		
		
~End
Copyright © 2003 Molecular Devices. All rights reserved.
