##BLOCKS= 1          
Plate:	Plate#1	1.3	PlateFormat	Endpoint	Absorbance	Raw	FALSE	1						2	490 750	1	12	96	1	8	None	
	Temperature(¡C)	1	2	3	4	5	6	7	8	9	10	11	12		1	2	3	4	5	6	7	8	9	10	11	12		
	23.50	0.2723	1.1838	0.363	1.9494	0.3139	0.6539	0.5275	0.6119	1.1231	0.6445	1.4021	1.5701		0.1624	0.7739	0.2174	1.2266	0.1881	0.4054	0.197	0.3973	0.8023	0.3964	0.56	1.0222		
		0.4139	1.4138	1.6525	1.1593	1.6223	0.3528	1.3673	1.0206	1.8019	0.5288	1.3646	1.7271		0.3207	1.1754	1.1431	0.8237	1.1582	0.2311	0.9591	0.586	1.3046	0.3459	0.9747	1.0761		
		0.3016	0.2582	0.8675	0.9642	1.3054	0.6686	1.3045	1.4084	1.1427	1.3364	1.1953	1.6519		0.1952	0.1571	0.6025	0.6468	0.8759	0.4779	0.7949	1.0991	0.8424	1.0322	0.8866	1.1714		
		1.7861	1.7243	1.6456	1.5672	0.4133	0.8986	0.6075	1.6323	1.4092	0.3927	1.2761	1.5112		1.3967	1.2476	1.231	1.1204	0.2563	0.6394	0.3659	1.0062	1.028	0.2387	0.8692	1.1282		
		0.6664	0.9853	0.372	1.3708	0.9082	1.6548	1.4668	0.3273	1.6517	1.9208	0.3332	1.8613		0.317	0.3579	0.2258	0.9683	0.6618	1.2264	0.9976	0.2117	1.1227	1.3457	0.2105	1.0531		
		0.9096	1.1661	1.3345	1.5783	0.3931	1.1052	0.5815	0.4358	0.5827	1.1649	1.2016	1.4261		0.6193	0.6482	0.7162	1.0916	0.2759	0.6635	0.3216	0.2988	0.4103	0.6872	0.5709	0.7597		
		1.6353	1.1352	0.4453	1.4733	0.7928	1.2008	0.4222	0.5803	0.3496	0.5029	0.6082	1.3368		0.8637	0.7979	0.3228	0.8226	0.5678	0.6705	0.2748	0.3798	0.2254	0.3112	0.3667	0.7821		
		0.3413	0.7609	0.5054	0.3342	0.4326	0.3731	0.3244	0.2852	0.3675	0.3826	0.2657	0.2595		0.2391	0.5878	0.357	0.2406	0.3041	0.2228	0.2135	0.1878	0.234	0.2387	0.157	0.1504		
		
~End
Copyright © 2003 Molecular Devices. All rights reserved.
