##BLOCKS= 1          
Plate:	Plate#1	1.3	PlateFormat	Endpoint	Absorbance	Raw	FALSE	1						2	490 750	1	12	96	1	8	None	
	Temperature(¡C)	1	2	3	4	5	6	7	8	9	10	11	12		1	2	3	4	5	6	7	8	9	10	11	12		
	23.50	0.2933	1.3492	0.4154	1.8186	0.2918	0.8473	0.6166	0.4354	1.0675	0.6382	1.1988	1.7808		0.17	0.9211	0.2486	1.1605	0.1845	0.536	0.2474	0.2872	0.7824	0.3943	0.4503	1.1512		
		0.5371	1.5586	1.484	1.2959	1.5064	0.4992	1.2357	1.0183	1.4126	0.575	1.2488	1.4837		0.4122	1.3057	1.0506	0.9684	1.0908	0.3307	0.896	0.5996	0.9168	0.3682	0.9	0.9163		
		0.4648	0.2316	0.892	0.6449	1.2562	0.7447	1.5419	1.2369	1.1977	1.204	1.3263	1.5383		0.3235	0.143	0.6296	0.4377	0.8482	0.5388	0.9505	0.9335	0.8963	0.9365	1.0057	1.1236		
		1.7298	1.6298	1.4966	1.6976	0.4189	1.1969	0.6869	1.3249	1.261	0.4486	1.326	1.6803		1.3521	1.178	1.0939	1.2236	0.2688	0.8634	0.4225	0.762	0.8893	0.2849	0.9245	1.2189		
		0.6246	0.8358	0.3597	1.4904	1.182	1.5946	2.0132	0.3636	1.4275	1.8835	0.4224	1.776		0.3172	0.3156	0.2165	1.0522	0.8831	1.1682	1.4574	0.2346	0.8541	1.2963	0.2625	1.047		
		0.835	0.9645	1.5145	1.3558	0.5377	0.9421	0.9796	0.3796	0.3098	1.3998	0.941	1.4676		0.5754	0.5709	0.8256	0.9247	0.3718	0.5511	0.5349	0.2586	0.2097	0.8203	0.4806	0.7873		
		1.0602	0.9592	0.6049	1.2726	0.5205	1.211	0.4628	0.9407	0.4094	0.4009	1.0979	0.9523		0.5771	0.6744	0.446	0.7191	0.3532	0.664	0.292	0.582	0.2574	0.2583	0.6951	0.55		
		0.472	0.5424	0.5774	0.3829	0.3891	0.3153	0.355	0.2993	0.283	0.2524	0.3191	0.3542		0.291	0.3885	0.4792	0.282	0.2725	0.199	0.2175	0.2099	0.1804	0.1624	0.1778	0.209		
		
~End
Copyright © 2003 Molecular Devices. All rights reserved.
