##BLOCKS= 1          
Plate:	Plate#1	1.3	PlateFormat	Endpoint	Absorbance	Raw	FALSE	1						2	490 750	1	12	96	1	8	None	
	Temperature(¡C)	1	2	3	4	5	6	7	8	9	10	11	12		1	2	3	4	5	6	7	8	9	10	11	12		
	23.50	0.2997	1.3186	0.2721	1.2357	0.2354	0.3201	0.597	0.5093	0.8783	0.3768	0.6151	0.9727		0.1834	0.7628	0.1888	0.7708	0.1671	0.204	0.3107	0.3603	0.7042	0.2297	0.3075	0.6548		
		0.5295	0.451	1.4845	0.3255	0.7109	0.4528	0.804	0.6955	0.9236	0.3158	0.5526	1.139		0.4201	0.2955	1.136	0.1935	0.4635	0.2827	0.5674	0.5179	0.6678	0.2117	0.3474	0.8115		
		0.4582	0.1812	0.4876	0.4152	1.0325	0.5583	0.2539	0.564	0.4386	0.3371	0.9049	0.9499		0.2453	0.1397	0.2889	0.3055	0.7086	0.36	0.1772	0.3601	0.2867	0.2231	0.667	0.7054		
		0.7459	1.0571	0.3022	0.7096	0.3019	0.296	0.3369	0.811	0.3302	0.3506	0.4513	0.7715		0.4877	0.7833	0.1856	0.4717	0.1864	0.1966	0.1983	0.5222	0.2108	0.2173	0.2776	0.4776		
		1.0334	0.6954	0.2413	0.8771	0.3862	0.3591	0.8933	0.2651	0.8674	0.7833	0.3226	0.7697		0.7121	0.4518	0.1639	0.615	0.2763	0.2258	0.6595	0.1762	0.6023	0.5543	0.2028	0.5092		
		0.2699	0.4844	0.8888	0.5676	0.304	0.262	0.8159	0.2883	0.3017	0.4568	1.0124	1.007		0.2032	0.3481	0.5032	0.4127	0.2216	0.1843	0.4228	0.2025	0.2056	0.3037	0.4881	0.5073		
		0.4927	0.6753	0.3412	0.773	0.1814	0.2923	0.4156	0.7827	0.5122	0.4528	0.4276	1.0678		0.3173	0.5722	0.2434	0.3961	0.1458	0.2118	0.257	0.503	0.3417	0.2867	0.2793	0.4857		
		0.4884	0.3979	0.5002	0.3384	1.0053	0.5347	0.3624	0.2277	0.2629	0.3041	0.2674	0.2411		0.3305	0.2489	0.3029	0.2308	0.5547	0.3381	0.2267	0.1616	0.1671	0.2097	0.1777	0.1686		
		
~End
Copyright © 2003 Molecular Devices. All rights reserved.
