##BLOCKS= 1          
Plate:	Plate#1	1.3	PlateFormat	Endpoint	Absorbance	Raw	FALSE	1						2	490 750	1	12	96	1	8	None	
	Temperature(¡C)	1	2	3	4	5	6	7	8	9	10	11	12		1	2	3	4	5	6	7	8	9	10	11	12		
	23.50	0.2747	1.137	0.2366	0.9984	0.2531	0.2938	0.6463	0.5628	0.9648	0.4136	0.7044	1.1253		0.171	0.693	0.1673	0.5868	0.1847	0.1962	0.3427	0.3991	0.681	0.2863	0.3654	0.8486		
		0.6927	0.3674	1.4327	0.2852	0.7379	0.5017	0.7708	0.6072	1.0388	0.3946	0.5031	1.2249		0.5365	0.2484	1.1273	0.1916	0.4872	0.3215	0.5472	0.4441	0.7932	0.2773	0.3618	0.9706		
		0.4448	0.1687	0.4037	0.4083	1.0681	0.5506	0.2488	0.5291	0.3683	0.3403	0.9295	1.0103		0.2746	0.1305	0.242	0.2797	0.7765	0.3599	0.1743	0.3399	0.2439	0.229	0.6895	0.7661		
		0.8696	1.1818	0.3076	0.6434	0.3141	0.4052	0.2571	0.7639	0.3105	0.3375	0.4247	0.7283		0.5933	0.9197	0.1994	0.433	0.218	0.2775	0.1764	0.5204	0.2167	0.2288	0.2762	0.4803		
		1.026	0.9627	0.2425	0.9833	0.5587	0.3025	1.0943	0.2626	0.818	0.8645	0.3174	0.736		0.7343	0.6832	0.1698	0.6895	0.4083	0.2042	0.843	0.1846	0.5854	0.6067	0.212	0.4759		
		0.3084	0.5226	0.7037	0.3117	0.2466	0.2411	0.7188	0.301	0.2822	0.3971	0.8405	1.0973		0.2188	0.3803	0.3785	0.2312	0.1818	0.1696	0.3878	0.2157	0.1929	0.272	0.4191	0.5408		
		0.3735	0.4678	0.3728	1.0334	0.2036	0.2722	0.375	0.7794	0.3653	0.5185	0.5256	1.0925		0.2471	0.3725	0.2711	0.5818	0.164	0.1949	0.2455	0.4794	0.2313	0.3401	0.3547	0.5568		
		0.4215	0.7204	0.4254	0.423	0.7494	0.5011	0.3293	0.2136	0.2102	0.2675	0.2821	0.2829		0.2963	0.4942	0.2639	0.285	0.4174	0.3201	0.2106	0.1329	0.1495	0.1933	0.2017	0.1807		
		
~End
Copyright © 2003 Molecular Devices. All rights reserved.
