##BLOCKS= 1          
Plate:	Plate#1	1.3	PlateFormat	Endpoint	Absorbance	Raw	FALSE	1						2	490 750	1	12	96	1	8	None	
	Temperature(¡C)	1	2	3	4	5	6	7	8	9	10	11	12		1	2	3	4	5	6	7	8	9	10	11	12		
	23.50	0.26	1.214	0.2778	1.3419	0.2224	0.3891	0.6033	0.5153	1.5689	0.5274	2.2562	1.4462		0.1931	0.9805	0.2116	0.999	0.1738	0.2956	0.2146	0.3898	1.28	0.4217	1.1425	0.9929		
		0.5857	0.742	1.4819	0.4856	1.1743	0.2759	1.2781	0.9109	0.9742	0.3142	0.1642	1.3866		0.4597	0.5922	1.0946	0.3611	0.9142	0.1975	0.9601	0.7366	0.7216	0.2275	0.1202	0.9646		
		0.5721	0.1848	0.5822	0.3828	1.1364	1.2566	2.0922	0.4824	0.5152	0.8083	1.4595	1.5531		0.4282	0.1416	0.4036	0.2769	0.7693	1.0187	0.7464	0.3772	0.4036	0.6565	1.1912	1.1809		
		1.3056	1.622	1.152	1.4067	0.3217	0.4838	0.2374	1.1812	1.5014	0.2971	1.3817	0.8927		1.0367	1.232	0.9142	1.1411	0.2435	0.3834	0.179	0.7924	1.1721	0.2149	1.1009	0.6665		
		0.439	0.6975	0.2921	1.1588	0.4781	1.2427	1.4897	0.3476	1.843	1.2954	0.3155	1.1099		0.2747	0.3999	0.2231	0.8417	0.3294	0.9827	1.1671	0.2589	1.3687	1.0114	0.2431	0.8798		
		0.4152	0.7253	0.5094	0.6327	0.3211	0.6756	0.6879	0.3172	0.2764	0.6078	0.9048	2.1765		0.3528	0.5672	0.3971	0.5118	0.2529	0.5132	0.5015	0.2476	0.2148	0.4457	0.726	0.9625		
		1.0583	0.5867	0.2957	0.4458	0.2063	0.4526	0.4645	1.0571	0.3407	0.4199	0.4129	1.0795		0.6312	0.4816	0.2376	0.3479	0.1662	0.3583	0.3504	0.714	0.2344	0.321	0.3309	0.8149		
		0.2908	0.475	0.5085	0.4267	0.4564	0.4931	0.2582	0.2111	0.2324	0.2673	0.2794	0.2225		0.2212	0.3847	0.3598	0.3427	0.3592	0.3571	0.1805	0.1653	0.1837	0.2054	0.2155	0.1627		
		
~End
Copyright © 2003 Molecular Devices. All rights reserved.
