##BLOCKS= 1          
Plate:	Plate#1	1.3	PlateFormat	Endpoint	Absorbance	Raw	FALSE	1						2	490 750	1	12	96	1	8	None	
	Temperature(¡C)	1	2	3	4	5	6	7	8	9	10	11	12		1	2	3	4	5	6	7	8	9	10	11	12		
	23.50	0.3414	1.2945	0.2647	1.214	0.223	0.3839	0.7107	0.4277	1.3551	0.4773	0.9165	1.2153		0.2486	1.0326	0.2087	0.9362	0.1722	0.2829	0.2412	0.3254	1.093	0.3945	0.4421	0.7666		
		0.4373	0.5936	1.5484	0.3751	1.4447	0.2841	1.5205	0.7173	1.1499	0.279	0.1828	1.322		0.3759	0.4576	1.133	0.2796	1.1395	0.198	1.0892	0.5736	0.8153	0.2045	0.1253	0.9624		
		0.6215	0.1545	0.6537	0.4936	1.0619	1.3911	2.103	0.444	0.6638	0.978	1.4645	1.6385		0.3352	0.1192	0.4561	0.3369	0.7153	1.1211	0.8057	0.348	0.5293	0.811	1.1952	1.2234		
		1.4901	1.2747	1.4312	1.6609	0.2515	0.4244	0.2663	1.3553	1.2908	0.2722	1.1988	1.2067		1.1527	0.8891	1.1642	1.3689	0.1925	0.3353	0.2007	0.971	0.9921	0.2048	0.9653	0.937		
		0.3643	0.9359	0.2832	1.0289	0.4508	1.4555	1.4873	0.2928	1.7248	1.4006	0.2999	1.2661		0.2194	0.4996	0.219	0.7206	0.3101	1.2087	1.1244	0.2206	1.3253	1.1455	0.2279	1.0133		
		0.3576	0.5866	0.5424	0.7538	0.365	0.6125	0.5365	0.2905	0.2577	0.5899	0.5323	2.1816		0.2807	0.4648	0.4242	0.6273	0.2894	0.4548	0.3776	0.2294	0.201	0.4401	0.4194	0.9545		
		0.8942	0.543	0.2297	0.409	0.2059	0.5458	0.3402	0.8062	0.374	0.3575	0.4908	0.7611		0.5033	0.4407	0.1825	0.3201	0.1704	0.4411	0.2538	0.5471	0.2612	0.2692	0.3896	0.5564		
		0.2449	0.4429	0.4414	0.3734	0.3868	0.5524	0.2315	0.2461	0.283	0.2169	0.1932	0.2189		0.1863	0.3396	0.3094	0.2897	0.3056	0.4065	0.1666	0.1936	0.2195	0.1643	0.1483	0.1597		
		
~End
Copyright © 2003 Molecular Devices. All rights reserved.
