##BLOCKS= 1          
Plate:	Plate#1	1.3	PlateFormat	Endpoint	Absorbance	Raw	FALSE	1						2	490 750	1	12	96	1	8	None	
	Temperature(¡C)	1	2	3	4	5	6	7	8	9	10	11	12		1	2	3	4	5	6	7	8	9	10	11	12		
	23.10	0.9253	2.4662	1.0752	2.6957	1.102	1.103	0.6022	1.3977	2.5856	0.6928	2.492	2.2492		0.248	1.1945	0.315	1.4109	0.3565	0.481	0.2167	0.6553	1.4516	0.41	0.9625	1.3345		
		0.5891	1.8585	2.1048	1.9213	2.3123	0.7947	1.8532	1.0458	2.5026	1.0276	0.1714	2.2513		0.4528	1.4131	1.2456	1.2215	1.3857	0.344	1.2233	0.7065	1.4359	0.4104	0.1177	1.3246		
		0.657	0.239	1.2724	1.5655	1.9634	1.9081	2.4972	2.363	2.3791	2.5979	2.377	2.482		0.3851	0.1547	0.6883	0.9796	1.1379	1.1855	1.0792	1.5881	1.5704	1.6839	1.5785	1.6104		
		2.3917	2.6636	2.3206	2.4281	1.1511	2.3466	1.1182	1.8506	2.3691	1.5389	2.4857	2.0466		1.5738	1.627	1.5885	1.5799	0.4655	1.5677	0.5394	1.1333	1.4523	0.5631	1.4373	1.4056		
		0.6903	1.7989	2.4057	2.4432	1.2074	2.3372	2.5826	2.6039	2.3184	2.464	1.0528	2.5574		0.3267	0.8559	1.5489	1.5769	0.5879	1.6117	1.6635	0.7968	1.2797	1.5855	0.449	1.3769		
		0.6292	1.0769	2.5022	2.7702	0.9724	1.4488	2.0539	0.4005	1.4198	1.0961	2.262	2.765		0.4152	0.6792	0.8576	1.289	0.4402	0.6552	0.7928	0.2627	0.5699	0.5015	0.8406	1.0212		
		1.2731	1.6139	2.0798	2.6292	1.0087	0.4989	0.6127	1.9282	0.6114	0.5866	0.5521	1.9947		0.6811	1.0313	0.8802	0.9419	0.4854	0.3471	0.3015	1.0774	0.2794	0.3133	0.2754	0.9595		
		1.1306	0.6258	0.7865	1.2498	0.2584	0.7706	1.008	0.471	0.4035	0.7513	0.6885	0.9222		0.4066	0.2591	0.4052	0.8158	0.1931	0.2876	0.3641	0.2488	0.1634	0.3318	0.2742	0.3808		
		
~End
Copyright © 2003 Molecular Devices. All rights reserved.
