##BLOCKS= 1          
Plate:	Plate#1	1.3	PlateFormat	Endpoint	Absorbance	Raw	FALSE	1						2	490 750	1	12	96	1	8	None	
	Temperature(¡C)	1	2	3	4	5	6	7	8	9	10	11	12		1	2	3	4	5	6	7	8	9	10	11	12		
	23.10	0.596	2.6888	1.1604	2.6756	0.8921	2.5778	1.3884	0.9928	2.6238	1.3855	2.6862	2.5017		0.1866	1.2272	0.3121	1.3832	0.3066	1.0163	0.4032	0.4973	1.4572	0.6566	1.1335	1.3187		
		0.6189	1.827	2.0353	2.4022	2.4015	1.243	2.4951	1.2246	2.5022	1.0563	0.1753	2.2653		0.455	1.4243	1.1468	1.3553	1.3588	0.4413	1.5371	0.8155	1.3611	0.4429	0.1162	1.2764		
		1.0653	0.1957	1.6783	1.7996	2.1131	2.1947	2.6678	2.3025	2.4035	2.6279	2.3524	2.5379		0.459	0.1363	0.8142	1.1216	1.163	1.2756	1.046	1.4991	1.5125	1.7065	1.4618	1.5015		
		2.505	2.3248	2.4455	2.5731	1.2131	2.346	1.5576	2.5793	2.6308	1.7032	2.5712	2.5046		1.4708	1.352	1.5756	1.5327	0.535	1.5001	0.7781	1.4209	1.5438	0.5499	1.6227	1.5249		
		0.8444	1.7504	2.4126	2.4892	1.1707	2.2611	2.6057	1.3067	2.5981	2.5275	2.1867	2.5761		0.4247	0.7854	1.5538	1.5248	0.5363	1.4595	1.6122	0.5476	1.228	1.5345	0.8468	1.3119		
		0.5327	0.9183	2.8798	2.8175	0.8961	1.1079	2.5691	0.505	1.2208	1.2014	2.4461	2.7169		0.3493	0.5596	0.9761	1.2948	0.4652	0.502	1.0682	0.3412	0.4266	0.6243	0.8313	1.23		
		1.9907	1.5995	2.0326	2.6907	1.4852	0.5022	0.5131	1.3258	0.588	0.9393	0.5975	2.0713		0.8779	1.0308	0.8555	0.8951	0.743	0.3473	0.2666	0.7073	0.2487	0.4507	0.3196	0.9672		
		1.205	0.7076	0.8035	0.8477	0.4246	1.4307	0.9447	0.5835	0.4971	1.0813	0.828	0.8661		0.4313	0.2766	0.4169	0.4739	0.3128	0.6018	0.3449	0.3291	0.1934	0.4568	0.2802	0.3053		
		
~End
Copyright © 2003 Molecular Devices. All rights reserved.
