##BLOCKS= 1          
Plate:	Plate#1	1.3	PlateFormat	Endpoint	Absorbance	Raw	FALSE	1						2	490 750	1	12	96	1	8	None	
	Temperature(¡C)	1	2	3	4	5	6	7	8	9	10	11	12		1	2	3	4	5	6	7	8	9	10	11	12		
	23.10	1.518	2.5085	0.9858	2.5581	1.0829	1.7683	1.1609	1.6763	2.6699	1.3647	2.5539	2.5994		0.4421	1.1784	0.2951	1.4439	0.3138	0.576	0.4935	0.8464	1.5728	0.7201	1.1673	1.316		
		0.6072	1.8154	2.3917	2.1633	2.5319	1.7399	2.4157	1.2472	2.5153	1.1417	0.1863	2.4015		0.4602	1.4208	1.1771	1.3365	1.5284	0.5593	1.3728	0.8387	1.3611	0.4969	0.1273	1.2923		
		1.4053	0.3408	1.9059	2.0003	1.7647	1.869	2.6592	2.3586	2.3934	2.671	2.3909	2.6264		0.7289	0.1814	0.9808	1.2893	0.8987	1.2349	1.0797	1.535	1.5624	1.6125	1.495	1.5184		
		2.5723	2.7515	2.5635	2.6151	0.851	2.2806	1.3417	2.2986	2.4374	2.0298	2.5837	2.5331		1.5616	1.5538	1.4759	1.52	0.4196	1.4372	0.6071	1.3394	1.5124	0.6512	1.6521	1.487		
		0.764	2.0453	2.5629	2.5233	0.7134	2.3182	2.6411	1.5009	2.6106	2.658	2.2079	2.5073		0.3349	0.7333	1.3975	1.5017	0.3788	1.4395	1.6045	0.4455	1.4183	1.657	0.8945	1.2724		
		0.7057	0.9916	2.5561	2.7759	1.1041	1.3842	1.283	0.3992	1.3078	0.978	2.4883	2.806		0.4958	0.5857	0.8145	1.3066	0.5343	0.6341	0.6298	0.2636	0.5082	0.4883	0.9637	1.3121		
		1.908	1.3928	1.7286	2.2741	2.2718	0.521	0.7953	2.059	0.5746	1.5776	0.8682	1.6586		0.8084	0.8888	0.7989	0.8528	1.1394	0.3564	0.3577	1.0335	0.259	0.7183	0.4019	0.6583		
		1.1243	0.8494	1.2999	0.9345	0.3006	1.1203	0.8015	0.5403	0.4989	0.8146	1.2439	1.7455		0.4167	0.2634	0.5881	0.5438	0.219	0.3564	0.3203	0.3254	0.1871	0.3272	0.4478	0.4407		
		
~End
Copyright © 2003 Molecular Devices. All rights reserved.
