##BLOCKS= 1          
Plate:	Plate#1	1.3	PlateFormat	Endpoint	Absorbance	Raw	FALSE	1						2	490 750	1	12	96	1	8	None	
	Temperature(¡C)	1	2	3	4	5	6	7	8	9	10	11	12		1	2	3	4	5	6	7	8	9	10	11	12		
	23.70	0.2443	1.487	0.2791	2.0372	0.3167	0.7754	0.2912	0.4234	1.6621	0.3487	1.4519	2.5164		0.1979	1.0735	0.2141	1.4917	0.2408	0.5739	0.2076	0.316	1.1408	0.263	0.794	1.7994		
		0.4201	1.0506	2.478	1.525	2.7629	0.4605	2.4714	1.2364	2.3591	0.4433	2.238	2.3302		0.3255	0.852	1.6977	1.2152	1.6941	0.3422	1.6219	0.8581	1.6316	0.3253	1.6192	1.4855		
		0.3268	0.1482	0.608	0.4922	1.6992	1.6265	1.5528	1.116	0.494	2.8095	2.3778	2.3267		0.2527	0.1183	0.4269	0.3565	1.1946	1.0743	0.7087	0.8016	0.3638	1.8617	1.4692	1.4716		
		2.5314	2.3883	2.6993	2.4957	0.4433	2.1788	1.163	2.4315	2.1322	0.2421	2.5338	1.801		1.8318	1.5931	1.7185	1.6451	0.3257	1.5943	0.8454	1.6818	1.3481	0.1748	1.5132	1.2283		
		0.9026	1.179	0.2775	2.7169	0.8494	2.3884	2.6586	0.3266	2.5701	2.2305	0.3122	2.2072		0.6473	0.8351	0.211	1.7135	0.6191	1.619	1.7104	0.2424	1.7112	1.4395	0.2372	1.3005		
		2.0129	0.7554	0.5625	1.7329	1.689	1.1373	0.7039	0.3378	0.3111	0.5882	0.9457	1.1714		1.2371	0.527	0.4095	1.0435	1.0261	0.8291	0.5108	0.2507	0.2379	0.4031	0.6594	0.6615		
		1.1547	1.8832	0.9551	1.1249	1.2641	0.7227	0.3602	1.3892	0.5493	1.1199	0.5244	1.1766		0.6128	1.2544	0.6478	0.8193	0.7086	0.5286	0.2506	0.9141	0.3971	0.5972	0.3695	0.8422		
		0.4054	0.9497	0.9002	1.4115	0.4054	1.2252	0.2308	0.1835	1.168	0.3411	0.225	0.2634		0.3002	0.6854	0.6614	0.9555	0.2959	0.8137	0.1774	0.1371	0.7025	0.2903	0.1745	0.203		
		
~End
Copyright © 2003 Molecular Devices. All rights reserved.
