##BLOCKS= 1          
Plate:	Plate#1	1.3	PlateFormat	Endpoint	Absorbance	Raw	FALSE	1						2	490 750	1	12	96	1	8	None	
	Temperature(¡C)	1	2	3	4	5	6	7	8	9	10	11	12		1	2	3	4	5	6	7	8	9	10	11	12		
	23.50	1.7466	2.5022	1.4058	1.9822	0.9446	1.0936	1.1173	1.1106	2.4503	0.8723	1.1257	2.713		0.4929	1.0132	0.6479	1.0098	0.2719	0.3222	0.3586	0.476	1.3012	0.4622	0.5472	1.4079		
		0.5978	0.3975	2.2179	0.7496	2.2706	0.6557	2.4739	1.1523	2.1956	1.3614	0.7354	2.4709		0.4633	0.2276	1.223	0.2793	1.3094	0.2507	1.4691	0.739	1.1615	0.5028	0.185	1.2916		
		1.0739	0.1522	1.3088	0.7591	1.3342	2.2711	2.0204	1.9382	2.1135	2.2917	1.7098	2.4558		0.4889	0.1142	0.5704	0.3171	0.8217	1.231	0.889	1.3061	1.227	1.3067	0.8926	1.2586		
		1.5878	2.2459	2.5572	1.8342	1.0409	1.9389	1.1594	2.4415	2.4823	1.2232	2.3891	2.3268		0.7044	1.2641	1.4638	0.9928	0.338	1.235	0.4352	1.2453	1.3209	0.4158	1.3706	1.2761		
		0.6959	1.5046	2.4486	2.5501	0.9102	1.3866	2.6634	0.7846	2.4714	2.7223	1.0603	2.6685		0.3184	0.6157	1.3667	1.543	0.4046	0.6421	1.5577	0.2649	1.2959	1.6577	0.3273	1.3392		
		0.616	0.7462	2.1525	2.1888	0.5012	0.8318	2.1167	0.3529	0.9312	0.6813	1.6848	2.342		0.3922	0.5036	0.72	0.9626	0.2716	0.4185	1.1521	0.2362	0.3036	0.2878	0.6927	1.0396		
		1.6367	1.1151	1.556	2.2145	0.6498	0.7916	0.5553	1.6474	0.9314	1.1838	1.0809	1.2898		0.7674	0.7954	0.7467	0.9222	0.3666	0.499	0.2326	0.8251	0.3682	0.537	0.3675	0.4423		
		1.401	0.9356	1.1902	0.8686	0.4137	1.2563	1.3442	0.5436	0.6601	0.5743	0.7453	0.4735		0.3152	0.3727	0.6349	0.3297	0.2916	0.4061	0.6666	0.2562	0.2325	0.233	0.2843	0.1879		
		
~End
Copyright © 2003 Molecular Devices. All rights reserved.
