##BLOCKS= 1          
Plate:	Plate#1	1.3	PlateFormat	Endpoint	Absorbance	Raw	FALSE	1						2	490 750	1	12	96	1	8	None	
	Temperature(¡C)	1	2	3	4	5	6	7	8	9	10	11	12		1	2	3	4	5	6	7	8	9	10	11	12		
	23.40	0.8654	2.297	1.5532	1.802	0.8873	0.8072	1.0555	0.5361	2.6087	0.6196	1.1714	2.2414		0.2457	0.9688	0.687	0.9637	0.2909	0.2954	0.3235	0.2522	1.2788	0.3085	0.5237	1.1738		
		0.5905	0.2924	2.4605	0.9146	2.3182	0.568	2.3833	1.0349	2.3087	1.2384	0.1968	2.456		0.4804	0.1748	1.3324	0.328	1.3347	0.2112	1.461	0.6525	1.3586	0.4198	0.1263	1.2441		
		0.4394	0.272	0.866	0.6264	1.8054	1.9461	1.8226	2.1486	1.6087	2.5969	1.5303	2.4566		0.2172	0.1776	0.4476	0.2929	0.9862	1.1462	0.8361	1.4027	1.028	1.3975	0.8951	1.2405		
		1.1904	2.3949	2.225	1.7731	0.6731	1.9802	1.4353	2.3655	2.5003	1.3818	2.1024	2.3566		0.4406	1.3309	1.2479	1.0043	0.263	1.1799	0.4919	1.2672	1.3679	0.4825	1.0879	1.2607		
		0.6881	1.1717	1.9885	2.1232	0.4425	1.5287	2.5331	0.7872	2.5736	2.435	1.2999	2.4528		0.2833	0.5648	1.1648	1.2364	0.242	0.6977	1.432	0.2725	1.3074	1.3939	0.4287	1.2352		
		0.6765	0.9896	2.0858	2.0789	0.4186	1.1177	1.1906	0.3061	0.754	1.4467	2.2412	2.4138		0.4909	0.6541	0.7103	0.9333	0.2544	0.479	0.5793	0.2008	0.24	0.6442	0.8844	1.2444		
		1.728	1.0888	1.4088	2.3659	0.6407	1.0679	0.7522	1.7236	0.5758	1.0678	1.0623	1.0856		0.8312	0.779	0.7192	0.9018	0.347	0.6869	0.2789	0.737	0.2057	0.503	0.3631	0.3801		
		1.3964	0.7102	0.5234	0.6465	0.3277	0.9101	0.9343	0.595	0.7922	0.8605	0.4898	1.2507		0.3831	0.2332	0.2725	0.2768	0.238	0.2931	0.2989	0.2456	0.2783	0.3805	0.1804	0.4271		
		
~End
Copyright © 2003 Molecular Devices. All rights reserved.
