##BLOCKS= 1          
Plate:	Plate#1	1.3	PlateFormat	Endpoint	Absorbance	Raw	FALSE	1						2	490 750	1	12	96	1	8	None	
	Temperature(¡C)	1	2	3	4	5	6	7	8	9	10	11	12		1	2	3	4	5	6	7	8	9	10	11	12		
	23.60	0.1957	0.9039	0.2364	0.277	0.2146	0.2323	0.6503	0.1979	0.3132	0.2457	0.8957	0.8129		0.1207	0.4414	0.1469	0.1645	0.137	0.1398	0.3368	0.1329	0.1829	0.1509	0.3303	0.3818		
		0.4824	0.214	0.8303	0.3174	0.6219	0.2095	0.4376	0.2124	0.5995	0.3217	0.2345	0.9556		0.348	0.1393	0.3631	0.1824	0.3045	0.1346	0.2316	0.1556	0.3057	0.1715	0.1563	0.4483		
		0.2205	0.1397	0.2855	0.3103	0.5133	0.324	0.2335	0.2148	0.2378	0.2321	0.2285	0.352		0.1402	0.1097	0.1681	0.1819	0.2439	0.1855	0.1544	0.1434	0.1446	0.1416	0.1406	0.179		
		0.2631	0.5824	0.2541	0.2146	0.2226	0.2434	0.2383	0.4882	0.2399	0.3428	0.2059	0.5729		0.149	0.2965	0.1523	0.1411	0.137	0.1447	0.1425	0.253	0.1472	0.1854	0.1316	0.2897		
		0.286	0.5098	0.2271	0.3594	0.1944	0.2724	0.4813	0.2151	0.7824	0.279	0.2163	0.4447		0.1525	0.2633	0.1373	0.1867	0.1413	0.1577	0.2441	0.136	0.3882	0.1554	0.1332	0.2638		
		0.3166	0.3179	0.3777	0.3486	0.216	0.211	0.3019	0.3401	0.2705	0.2338	0.2669	0.5365		0.1738	0.1719	0.2048	0.2163	0.1423	0.1402	0.185	0.1744	0.1689	0.1531	0.1547	0.2805		
		0.3166	0.3067	0.2742	0.3778	0.1353	0.26	0.2756	0.4479	0.221	0.261	0.293	0.3913		0.2034	0.2451	0.1659	0.2191	0.1087	0.1526	0.1507	0.2251	0.1341	0.164	0.1594	0.203		
		0.2408	0.2673	0.2263	0.358	0.6386	0.2149	0.2207	0.172	0.2045	0.2232	0.2089	0.2177		0.1557	0.1651	0.1435	0.199	0.3556	0.1277	0.1389	0.1225	0.1371	0.149	0.1312	0.1384		
		
~End
Copyright © 2003 Molecular Devices. All rights reserved.
