##BLOCKS= 1          
Plate:	Plate#1	1.3	PlateFormat	Endpoint	Absorbance	Raw	FALSE	1						2	490 750	1	12	96	1	8	None	
	Temperature(¡C)	1	2	3	4	5	6	7	8	9	10	11	12		1	2	3	4	5	6	7	8	9	10	11	12		
	23.60	0.2297	0.8798	0.2128	0.2354	0.2003	0.2654	0.6491	0.2161	0.3435	0.2802	0.8345	0.5867		0.1325	0.4365	0.1339	0.1444	0.1266	0.1574	0.3426	0.1412	0.2008	0.1618	0.3128	0.2799		
		0.4941	0.1986	0.749	0.2929	0.5848	0.1925	0.5184	0.5407	0.6129	0.2257	0.2818	0.721		0.4105	0.1327	0.3241	0.1693	0.2767	0.125	0.2665	0.2773	0.3057	0.1295	0.1858	0.3425		
		0.2179	0.1384	0.2924	0.3022	0.5229	0.3345	0.2624	0.2234	0.218	0.2226	0.2443	0.3206		0.1506	0.1096	0.1765	0.1804	0.2558	0.1907	0.1662	0.1479	0.1331	0.1336	0.1446	0.1657		
		0.2768	0.6568	0.288	0.2268	0.2779	0.2893	0.2515	0.6094	0.2755	0.2837	0.2173	0.4276		0.1647	0.3525	0.1679	0.1344	0.1574	0.1622	0.1427	0.2877	0.1621	0.1601	0.138	0.2208		
		0.2824	0.5686	0.2123	0.3029	0.1667	0.2359	0.465	0.2283	0.6182	0.2525	0.275	0.5082		0.147	0.2871	0.1317	0.1596	0.125	0.1386	0.2367	0.1432	0.3094	0.1439	0.1576	0.3015		
		0.3013	0.3645	0.3464	0.3248	0.2502	0.2196	0.2541	0.3297	0.2176	0.2055	0.2336	0.7404		0.1591	0.1878	0.1826	0.1984	0.1598	0.1452	0.1668	0.1664	0.1398	0.1346	0.1421	0.4039		
		0.3633	0.44	0.2872	0.3405	0.1271	0.282	0.2551	0.3416	0.2068	0.2224	0.289	0.346		0.2309	0.3865	0.1735	0.1976	0.1038	0.1639	0.1458	0.1806	0.1282	0.1429	0.1587	0.18		
		0.2347	0.3016	0.3428	0.2983	0.6328	0.2115	0.1913	0.1725	0.2273	0.2303	0.2002	0.1906		0.1357	0.175	0.2588	0.1653	0.3521	0.1263	0.1242	0.1236	0.1481	0.1521	0.1277	0.1254		
		
~End
Copyright © 2003 Molecular Devices. All rights reserved.
