##BLOCKS= 1          
Plate:	Plate#1	1.3	PlateFormat	Endpoint	Absorbance	Raw	FALSE	1						2	490 750	1	12	96	1	8	None	
	Temperature(¡C)	1	2	3	4	5	6	7	8	9	10	11	12		1	2	3	4	5	6	7	8	9	10	11	12		
	21.60	0.2008	0.7464	0.1994	0.2986	0.1952	0.2199	0.5713	0.2285	0.2839	0.2638	0.3849	0.6891		0.1455	0.3674	0.1494	0.2064	0.1454	0.161	0.349	0.1602	0.2046	0.2	0.2401	0.4701		
		0.5547	0.2263	1.0788	0.22	0.2983	0.2661	0.6136	0.7595	0.7368	0.2342	0.1662	0.7336		0.4212	0.1571	0.7464	0.1577	0.2107	0.195	0.4309	0.6008	0.4893	0.1721	0.1265	0.4969		
		0.1968	0.1776	0.2102	0.1837	0.527	0.5344	0.4281	0.2348	0.2038	0.2663	0.4516	0.6344		0.1445	0.1379	0.1562	0.1402	0.3441	0.3598	0.3083	0.1699	0.1486	0.1975	0.3177	0.4272		
		0.3201	0.7602	0.3774	0.3316	0.2242	0.2622	0.2694	0.6365	0.2727	0.232	0.312	0.3791		0.219	0.5049	0.2574	0.2383	0.1632	0.1924	0.1922	0.4152	0.2048	0.1708	0.2244	0.2733		
		0.8427	0.3869	0.2294	0.3125	0.2049	0.2057	0.6282	0.2133	0.4173	0.2449	0.2105	0.523		0.5444	0.2596	0.1734	0.2135	0.1514	0.1517	0.4031	0.1672	0.2906	0.1792	0.1553	0.3583		
		0.2992	0.5357	0.3406	0.4607	0.391	0.2674	0.218	0.3122	0.231	0.2208	0.2032	0.7499		0.2345	0.4036	0.2405	0.3485	0.2768	0.1876	0.1586	0.2268	0.1705	0.1604	0.1478	0.453		
		0.2506	0.4186	0.3067	0.2477	0.1542	0.851	0.2466	0.2586	0.2443	0.2037	0.2724	0.262		0.1703	0.3644	0.2291	0.1885	0.124	0.5768	0.1776	0.1773	0.1737	0.1445	0.1942	0.1801		
		0.2023	0.2264	0.2143	0.234	0.2204	0.2376	0.2017	0.2184	0.1798	0.3523	0.1846	0.2273		0.1529	0.1575	0.1536	0.1685	0.1684	0.1712	0.1414	0.1509	0.1306	0.2912	0.1379	0.1614		
		
~End
Copyright © 2003 Molecular Devices. All rights reserved.
