##BLOCKS= 1          
Plate:	Plate#1	1.3	PlateFormat	Endpoint	Absorbance	Raw	FALSE	1						2	490 750	1	12	96	1	8	None	
	Temperature(¡C)	1	2	3	4	5	6	7	8	9	10	11	12		1	2	3	4	5	6	7	8	9	10	11	12		
	21.60	0.1973	0.8687	0.2479	0.3441	0.2154	0.2565	0.5087	0.2295	1.8239	0.2677	0.4662	0.8129		0.1449	0.4663	0.1893	0.2414	0.1596	0.1838	0.3171	0.1664	1.4153	0.2029	0.2617	0.5644		
		0.5923	0.2396	1.2692	0.2188	0.3344	0.2351	0.5976	0.6605	0.8405	0.2701	0.1626	0.664		0.467	0.1663	0.8958	0.1575	0.2351	0.1691	0.4172	0.5155	0.5777	0.1924	0.1252	0.4444		
		0.202	0.1671	0.2297	0.2142	0.6251	0.5644	0.4237	0.2147	0.2057	0.2432	0.6342	0.649		0.1439	0.1283	0.1636	0.1592	0.4188	0.3826	0.3037	0.1542	0.1484	0.1765	0.4377	0.417		
		0.3361	0.6784	0.437	0.3411	0.2272	0.3008	0.23	0.7762	0.2182	0.2255	0.3822	0.3638		0.2305	0.4562	0.2885	0.2547	0.1664	0.226	0.165	0.494	0.1601	0.1604	0.2667	0.2621		
		0.6708	0.3705	0.2102	0.3195	0.2157	0.1929	0.8217	0.2081	0.4743	0.2523	0.3268	0.4982		0.4808	0.2426	0.1532	0.2153	0.1601	0.1399	0.5387	0.158	0.3362	0.1844	0.2454	0.3537		
		0.2475	0.5046	0.3266	0.4069	0.4356	0.2754	0.2092	0.4059	0.2055	0.2037	0.2644	0.7344		0.1944	0.3818	0.2315	0.3071	0.3119	0.1988	0.1491	0.3042	0.154	0.1488	0.2006	0.4624		
		0.2547	0.3727	0.2914	0.2723	0.1508	0.6765	0.1974	0.2512	0.2409	0.229	0.2405	0.3034		0.1771	0.3225	0.2176	0.208	0.1234	0.4537	0.143	0.17	0.1757	0.1641	0.168	0.2121		
		0.2005	0.2374	0.2125	0.2881	0.251	0.2133	0.1938	0.1731	0.1894	0.184	0.1958	0.208		0.1552	0.1654	0.1523	0.2113	0.1932	0.1501	0.1398	0.1324	0.139	0.1357	0.1443	0.1488		
		
~End
Copyright © 2003 Molecular Devices. All rights reserved.
