##BLOCKS= 1          
Plate:	Plate#1	1.3	PlateFormat	Endpoint	Absorbance	Raw	FALSE	1						2	490 750	1	12	96	1	8	None	
	Temperature(¡C)	1	2	3	4	5	6	7	8	9	10	11	12		1	2	3	4	5	6	7	8	9	10	11	12		
	21.40	0.2455	0.4421	0.1872	0.8511	0.171	0.2571	0.3572	0.224	0.6253	0.2306	0.9781	0.9214		0.1796	0.291	0.1444	0.5267	0.1328	0.2011	0.2422	0.1622	0.433	0.1838	0.3298	0.6994		
		0.4213	0.2398	1.3093	0.1705	0.8018	0.2391	0.5331	0.6152	0.8329	0.2108	0.1776	0.9862		0.345	0.177	0.9959	0.1259	0.5947	0.1801	0.3828	0.4605	0.5406	0.1627	0.1082	0.7507		
		0.2197	0.1534	0.2921	0.3177	1.1701	0.4019	0.9214	0.7269	0.1867	0.5226	0.7283	1.2404		0.1544	0.1172	0.223	0.2287	0.858	0.2754	0.5693	0.5425	0.1433	0.4326	0.5341	0.99		
		0.4666	0.7933	0.6743	1.0984	0.2208	0.3196	0.205	0.9415	0.6175	0.271	0.759	0.7504		0.3734	0.5594	0.4825	0.7718	0.1658	0.2452	0.152	0.664	0.4461	0.2036	0.5607	0.4426		
		0.3792	1.015	0.9522	0.306	0.1602	0.2189	0.7957	0.1988	1.039	0.8903	0.274	0.7713		0.1891	0.6818	0.7037	0.2283	0.1198	0.1676	0.5994	0.1525	0.718	0.6859	0.212	0.5489		
		0.3987	0.6495	0.6269	0.5927	0.3545	0.3674	0.4029	0.2385	0.1777	0.4527	0.5957	0.8636		0.3029	0.402	0.375	0.4072	0.2699	0.2521	0.2875	0.1796	0.1364	0.2815	0.3737	0.4065		
		0.9329	0.5485	0.3855	0.8516	0.2661	0.2994	0.2565	0.2506	0.2597	0.208	0.2695	0.3321		0.4238	0.4319	0.2967	0.5492	0.1966	0.2193	0.1983	0.1881	0.1952	0.155	0.1937	0.2371		
		0.3396	0.2257	0.3551	0.3241	0.4879	0.27	0.1729	0.1981	0.1736	0.1713	0.1904	0.198		0.2256	0.1707	0.2438	0.2389	0.3672	0.2044	0.1301	0.1527	0.1321	0.1336	0.1475	0.1518		
		
~End
Copyright © 2003 Molecular Devices. All rights reserved.
