##BLOCKS= 1          
Plate:	Plate#1	1.3	PlateFormat	Endpoint	Absorbance	Raw	FALSE	1						2	490 750	1	12	96	1	8	None	
	Temperature(¡C)	1	2	3	4	5	6	7	8	9	10	11	12		1	2	3	4	5	6	7	8	9	10	11	12		
	21.40	0.1851	0.4917	0.2552	0.6413	0.2131	0.2012	0.319	0.2383	0.6514	0.2304	1.4216	0.9262		0.1388	0.3246	0.1993	0.3817	0.1694	0.1582	0.2121	0.1752	0.4332	0.1838	0.6471	0.6801		
		0.5691	0.1899	1.1692	0.2989	0.7595	0.2	0.7271	0.5644	1.076	0.2144	0.1717	0.9624		0.4596	0.1418	0.8688	0.2375	0.5605	0.1532	0.5288	0.4143	0.7011	0.1647	0.1201	0.7445		
		0.3197	0.1518	0.2233	0.3221	0.9502	0.5999	0.7906	0.4762	0.2355	0.3472	0.7859	1.0375		0.2042	0.1164	0.1653	0.23	0.6615	0.4168	0.4861	0.3502	0.1812	0.2794	0.5808	0.8096		
		0.6702	0.8544	0.8291	1.0197	0.2407	0.2778	0.2986	1.071	0.7062	0.5653	0.826	0.6284		0.5271	0.6153	0.5972	0.6724	0.1785	0.2151	0.2239	0.7814	0.5067	0.4385	0.615	0.3763		
		0.4635	1.1677	0.948	0.3805	0.2055	0.4801	0.8282	0.2163	1.0914	0.8286	0.1991	0.7933		0.2461	0.7575	0.707	0.2925	0.1607	0.3819	0.6127	0.1667	0.806	0.6289	0.1512	0.5523		
		0.4364	0.6449	0.8758	0.6287	0.2356	0.2617	0.3596	0.2318	0.2479	0.4842	0.5859	0.9176		0.3193	0.4018	0.5367	0.427	0.1773	0.1808	0.2579	0.1744	0.191	0.31	0.3326	0.4708		
		0.9341	0.4276	0.3668	0.6432	0.3421	0.2184	0.2677	0.3241	0.2661	0.2348	0.248	0.4009		0.3899	0.3402	0.2751	0.3808	0.261	0.1649	0.208	0.2456	0.1998	0.1746	0.1857	0.2893		
		0.3126	0.2807	0.3508	0.4358	0.3267	0.2367	0.229	0.204	0.2711	0.2888	0.2127	0.1897		0.2263	0.2123	0.2376	0.3226	0.2462	0.18	0.1771	0.151	0.2057	0.2337	0.162	0.1451		
		
~End
Copyright © 2003 Molecular Devices. All rights reserved.
