##BLOCKS= 1          
Plate:	Plate#1	1.3	PlateFormat	Endpoint	Absorbance	Raw	FALSE	1						2	490 750	1	12	96	1	8	None	
	Temperature(¡C)	1	2	3	4	5	6	7	8	9	10	11	12		1	2	3	4	5	6	7	8	9	10	11	12		
	21.40	0.1663	0.4154	0.1889	0.5466	0.1959	0.2442	0.3842	0.2896	0.6107	0.2199	1.1479	0.9167		0.1312	0.2743	0.1475	0.3249	0.1551	0.193	0.2569	0.2105	0.3717	0.1748	0.4474	0.6489		
		0.4573	0.2811	1.3549	0.2084	0.5475	0.1712	0.5268	0.5167	0.9704	0.2287	0.1582	1.2865		0.3625	0.2103	0.9955	0.1541	0.3772	0.1328	0.3791	0.3742	0.6327	0.1753	0.1125	1.0113		
		0.2306	0.1385	0.2578	0.2265	1.165	0.4401	0.9451	0.5521	0.2023	0.4195	0.493	1.1967		0.166	0.1042	0.1907	0.1722	0.8068	0.3026	0.5816	0.401	0.1541	0.3397	0.3429	0.9263		
		0.4699	1.0016	0.6996	1.0698	0.3128	0.2814	0.2418	0.784	0.5997	0.409	0.773	0.8443		0.3474	0.6914	0.4933	0.7062	0.2387	0.2196	0.1843	0.5129	0.4188	0.3227	0.5586	0.4731		
		0.4773	0.7176	0.9055	0.4006	0.1811	0.2673	0.8845	0.2697	0.9794	0.8513	0.1901	1.0661		0.2141	0.4466	0.6678	0.3064	0.1388	0.2029	0.6451	0.2109	0.7039	0.6293	0.1446	0.7499		
		0.47	0.669	0.6517	0.5815	0.3403	0.2959	0.4037	0.2269	0.1995	0.3725	0.7895	1.3383		0.3552	0.4455	0.4288	0.3928	0.2557	0.2074	0.2647	0.1718	0.1548	0.2306	0.4734	0.747		
		1.0694	0.4425	0.3127	0.6475	0.2991	0.4182	0.247	0.2275	0.4354	0.2719	0.2441	0.9266		0.452	0.3608	0.2374	0.3827	0.218	0.3077	0.188	0.1676	0.3272	0.2065	0.1776	0.6779		
		0.278	0.2165	0.4415	0.5383	0.4732	0.2236	0.2045	0.2128	0.2622	0.1983	0.1795	0.2378		0.2217	0.1704	0.2996	0.3937	0.3517	0.1632	0.1558	0.1563	0.2023	0.1523	0.1373	0.1837		
		
~End
Copyright © 2003 Molecular Devices. All rights reserved.
