##BLOCKS= 1          
Plate:	Plate#1	1.3	PlateFormat	Endpoint	Absorbance	Raw	FALSE	1						2	490 750	1	12	96	1	8	None	
	Temperature(¡C)	1	2	3	4	5	6	7	8	9	10	11	12		1	2	3	4	5	6	7	8	9	10	11	12		
	23.40	0.171	0.4305	0.1623	0.1958	0.2036	0.2124	0.3569	0.1756	0.3472	0.205	0.177	0.3286		0.1258	0.2399	0.1282	0.1516	0.1629	0.165	0.2618	0.1265	0.2548	0.1626	0.1196	0.2473		
		0.4818	0.2237	0.5783	0.1514	0.252	0.1441	0.2668	0.4255	0.6311	0.2362	0.1695	0.7369		0.3691	0.1583	0.4134	0.115	0.19	0.1135	0.2078	0.3095	0.486	0.1692	0.1203	0.5259		
		0.2234	0.1386	0.1913	0.1538	0.2283	0.2474	0.1999	0.2128	0.1785	0.4298	0.5012	0.7366		0.1594	0.1109	0.1484	0.1178	0.1624	0.1837	0.1557	0.1612	0.1361	0.3239	0.3733	0.5697		
		0.179	0.6943	0.3136	0.4307	0.1884	0.1655	0.1871	0.3349	0.2404	0.1758	0.2603	0.4536		0.1351	0.5332	0.2243	0.313	0.1415	0.1336	0.1403	0.245	0.1853	0.1383	0.2044	0.3228		
		0.2633	0.2335	0.1824	0.2134	0.1831	0.2243	0.3567	0.1922	0.2298	0.1863	0.1683	0.2697		0.1394	0.1765	0.1374	0.162	0.1434	0.1717	0.2737	0.1498	0.1733	0.1422	0.1307	0.1999		
		0.4918	0.7847	0.4585	0.2294	0.1715	0.1728	0.1832	0.2658	0.1858	0.1897	0.3148	0.436		0.3455	0.5935	0.3195	0.1765	0.1364	0.1291	0.1315	0.186	0.1441	0.1406	0.2304	0.301		
		0.2506	0.3161	0.262	0.3057	0.1512	0.4649	0.1724	0.1477	0.1654	0.1899	0.242	0.2241		0.184	0.2746	0.2087	0.235	0.1234	0.356	0.13	0.1117	0.1233	0.1409	0.1738	0.1571		
		0.2748	0.1741	0.5588	0.2243	0.1892	0.1461	0.2309	0.1474	0.145	0.1573	0.1796	0.4284		0.2066	0.1328	0.5279	0.1701	0.1443	0.1107	0.174	0.1131	0.1095	0.1195	0.1387	0.335		
		
~End
Copyright © 2003 Molecular Devices. All rights reserved.
