##BLOCKS= 1          
Plate:	Plate#1	1.3	PlateFormat	Endpoint	Absorbance	Raw	FALSE	1						2	490 750	1	12	96	1	8	None	
	Temperature(¡C)	1	2	3	4	5	6	7	8	9	10	11	12		1	2	3	4	5	6	7	8	9	10	11	12		
	23.40	0.1503	0.5421	0.2516	0.2562	0.2355	0.3837	0.4425	0.2283	0.2642	0.1442	0.2253	1.406		0.1208	0.3437	0.197	0.1961	0.185	0.3069	0.3252	0.169	0.186	0.1125	0.1484	1.2602		
		0.5689	0.2296	0.9063	0.1994	0.2508	0.158	0.2894	0.4107	0.6439	0.3468	0.1815	0.8035		0.4168	0.1613	0.6805	0.1521	0.1916	0.1233	0.224	0.3038	0.4932	0.2525	0.1306	0.5781		
		0.2621	0.1583	0.3302	0.1671	0.6253	0.31	0.25	0.3243	0.2192	0.5379	0.7568	0.6933		0.1814	0.1241	0.2561	0.1293	0.4668	0.2311	0.1912	0.2416	0.1677	0.3954	0.5416	0.5141		
		0.2817	0.8651	0.5065	0.3733	0.1929	0.2453	0.2216	0.5935	0.6727	0.1735	0.5774	0.3322		0.223	0.6257	0.3848	0.2703	0.1494	0.1917	0.1711	0.4306	0.493	0.1368	0.4332	0.2586		
		0.3418	0.3113	0.2231	0.1955	0.2626	0.2023	0.4486	0.1986	0.2983	0.1999	0.2185	0.3021		0.2123	0.2285	0.1711	0.1502	0.2163	0.1567	0.3404	0.1556	0.2211	0.1529	0.1667	0.2222		
		0.2776	0.7089	0.9968	0.4594	0.212	0.22	0.2998	0.3071	0.2173	0.2141	0.3257	0.7869		0.1906	0.5418	0.7453	0.361	0.1692	0.1625	0.2104	0.2258	0.1686	0.1546	0.2457	0.5467		
		0.1679	0.3543	0.2939	0.4089	0.1564	0.3618	0.1763	0.2549	0.1883	0.25	0.2751	0.3163		0.128	0.307	0.2384	0.3008	0.126	0.2773	0.1393	0.1826	0.1391	0.1805	0.1995	0.2241		
		0.2185	0.2196	0.1634	0.3235	0.2899	0.1964	0.1734	0.1702	0.1957	0.1722	0.1995	0.2438		0.1703	0.169	0.125	0.2398	0.2189	0.1465	0.1281	0.1261	0.1441	0.1308	0.1533	0.1851		
		
~End
Copyright © 2003 Molecular Devices. All rights reserved.
