##BLOCKS= 1          
Plate:	Plate#1	1.3	PlateFormat	Endpoint	Absorbance	Raw	FALSE	1						2	490 750	1	12	96	1	8	None	
	Temperature(¡C)	1	2	3	4	5	6	7	8	9	10	11	12		1	2	3	4	5	6	7	8	9	10	11	12		
	23.80	0.2745	1.0308	0.2604	2.761	0.2221	0.3474	1.0228	0.3463	1.9036	0.2616	3.0009	2.1138		0.1821	0.6961	0.1701	1.0305	0.1573	0.2301	0.5439	0.2303	1.0974	0.1987	0.8789	1.289		
		0.5521	0.3937	2.0483	0.337	1.9633	0.3031	1.3756	1.161	2.2094	0.3359	0.2765	1.8699		0.4271	0.2499	1.1579	0.2	1.1195	0.202	0.8283	0.7895	1.0867	0.2277	0.1688	1.0494		
		0.7389	0.1561	0.5562	0.6206	1.0718	1.2944	1.632	2.6438	1.2471	1.8823	2.0786	2.4196		0.4554	0.1186	0.3475	0.3263	0.5466	0.6431	0.7552	1.3582	0.8706	1.1334	1.2832	1.3657		
		1.9733	2.4514	2.6895	2.6152	0.2848	1.5417	0.4806	2.5121	2.2427	0.8116	2.4916	1.9692		1.3612	1.3746	1.4472	1.3739	0.1945	1.0371	0.3083	1.3207	1.303	0.5183	1.3349	1.1004		
		0.5195	1.2654	0.2178	0.4038	0.2437	1.1294	2.2282	0.4527	2.6549	2.1701	0.3158	1.9942		0.2217	0.5561	0.1452	0.2634	0.1718	0.7333	1.1965	0.3061	1.3665	1.2349	0.2121	1.0337		
		0.4822	0.9559	1.1376	2.2639	1.6533	1.2277	0.8692	0.3632	0.2728	1.1276	1.6611	1.8887		0.3231	0.5274	0.468	1.0709	0.6545	0.4107	0.4978	0.2509	0.1923	0.587	0.7193	0.7314		
		1.1241	1.1776	0.456	1.0072	1.3227	0.5358	0.3249	0.5932	0.6378	0.5398	0.6625	0.7736		0.4489	0.7766	0.3101	0.4171	0.749	0.3503	0.2271	0.361	0.4421	0.2917	0.429	0.4927		
		0.3425	0.2881	1.192	1.1794	0.6714	0.3831	0.2835	0.2677	0.2588	0.2224	0.2087	0.257		0.2427	0.2095	0.6134	0.7208	0.4178	0.2324	0.1658	0.1788	0.1779	0.1539	0.1485	0.1743		
		
~End
Copyright © 2003 Molecular Devices. All rights reserved.
