##BLOCKS= 1          
Plate:	Plate#1	1.3	PlateFormat	Endpoint	Absorbance	Raw	FALSE	1						2	490 750	1	12	96	1	8	None	
	Temperature(¡C)	1	2	3	4	5	6	7	8	9	10	11	12		1	2	3	4	5	6	7	8	9	10	11	12		
	22.10	0.3051	1.7159	0.2961	2.0399	0.3136	0.5135	0.673	0.4002	1.8501	0.7792	2.1852	1.7093		0.202	0.7989	0.1849	0.9046	0.1926	0.3196	0.3667	0.2295	1.0096	0.5419	0.8939	1.2189		
		0.4677	1.1829	1.8717	0.913	1.4328	0.3837	1.2704	0.8432	1.7005	0.4282	1.5731	1.8188		0.3516	0.8919	1.1334	0.5996	0.9415	0.2311	0.7263	0.6204	1.0103	0.2721	0.9237	1.3023		
		0.2755	0.2475	0.4906	1.7651	1.5327	1.7092	2.3534	1.6496	1.2799	0.3641	0.3414	1.9579		0.1714	0.1599	0.2798	0.9513	0.9082	0.7009	0.9743	0.96	0.8351	0.2321	0.2228	1.3041		
		1.7804	1.8711	1.3631	2.0038	0.4417	1.4194	0.3846	1.9895	0.3816	0.3457	1.5927	2.2857		1.0795	1.1202	0.8825	1.1629	0.263	0.8312	0.2234	1.2692	0.2296	0.2252	0.8551	1.0454		
		0.6168	1.9561	1.582	1.0645	1.0131	1.3033	1.8151	0.312	0.5442	1.0674	0.3062	1.5442		0.2553	0.8352	1.0725	0.6658	0.6263	0.7478	0.9775	0.1969	0.3306	0.6373	0.1908	0.9622		
		0.4207	1.2095	2.1601	1.8666	1.8309	2.2826	1.674	0.3189	0.4086	1.2352	1.7834	1.8808		0.2631	0.5038	0.6982	0.775	0.8479	0.5778	0.5772	0.2275	0.2485	0.4393	0.5588	0.8189		
		1.4232	0.5817	0.3987	1.9493	1.2537	1.6433	0.3278	0.5165	0.3616	0.4259	0.4869	0.5319		0.6189	0.4129	0.2379	0.6334	0.5267	0.7013	0.2209	0.3293	0.2409	0.2632	0.2866	0.3026		
		0.3555	0.4009	0.605	0.3816	0.3654	0.4026	0.3409	0.2695	0.3404	0.5496	0.3075	0.2909		0.2015	0.246	0.3505	0.2304	0.2672	0.2328	0.2065	0.1778	0.2065	0.4691	0.1888	0.1827		
		
~End
Copyright © 2003 Molecular Devices. All rights reserved.
