##BLOCKS= 1          
Plate:	Plate#1	1.3	PlateFormat	Endpoint	Absorbance	Raw	FALSE	1						2	490 750	1	12	96	1	8	None	
	Temperature(¡C)	1	2	3	4	5	6	7	8	9	10	11	12		1	2	3	4	5	6	7	8	9	10	11	12		
	23.60	0.2015	0.8236	0.2746	0.652	0.1602	0.8396	0.6255	0.2642	0.2061	0.1924	0.6683	0.6301		0.147	0.414	0.2124	0.447	0.1303	0.6024	0.4503	0.2134	0.1618	0.1425	0.3411	0.4584		
		0.5504	0.2327	0.8157	0.7025	0.6165	0.1779	0.614	0.5987	0.5494	0.2013	0.2779	0.5013		0.434	0.1856	0.5601	0.3491	0.4262	0.1388	0.459	0.4658	0.3925	0.1569	0.1959	0.3066		
		0.2645	0.159	0.293	0.2092	1.1542	0.3031	0.493	0.2545	0.1712	0.2843	1.0259	0.7434		0.147	0.1218	0.2302	0.1373	0.7016	0.1933	0.3039	0.1821	0.1241	0.2085	0.7627	0.5286		
		0.2649	0.5826	0.6526	0.5887	0.2424	0.3291	0.2206	0.5009	0.4885	0.2408	0.8499	0.5906		0.1783	0.4196	0.3878	0.3869	0.1766	0.2715	0.1614	0.3269	0.3402	0.1704	0.5992	0.3312		
		0.2183	0.238	0.1788	0.44	0.2774	0.3688	0.7323	0.1484	0.6737	0.2721	0.2118	0.4932		0.1521	0.1725	0.1358	0.3463	0.2097	0.2508	0.4913	0.1188	0.4825	0.2056	0.1539	0.3702		
		0.2475	0.2855	0.2777	0.4101	0.2721	0.3444	0.2018	0.4525	0.2221	0.183	0.2146	0.7519		0.1985	0.2214	0.2163	0.3342	0.2181	0.2366	0.1361	0.3517	0.1705	0.1367	0.1653	0.2473		
		0.245	0.4091	0.1909	0.224	0.1462	0.1798	0.3553	0.2993	0.1882	0.2449	0.2021	0.2222		0.2158	0.3512	0.1528	0.1753	0.1182	0.141	0.2571	0.2083	0.1241	0.1632	0.1587	0.1566		
		0.2086	0.1875	0.1753	0.2333	0.431	0.2256	0.2322	0.1892	0.3322	1.0148	0.2384	0.2392		0.1541	0.1293	0.1251	0.1849	0.3385	0.1548	0.1438	0.1507	0.2757	0.9424	0.181	0.1705		
		
~End
Copyright © 2003 Molecular Devices. All rights reserved.
