##BLOCKS= 1          
Plate:	Plate#1	1.3	PlateFormat	Endpoint	Absorbance	Raw	FALSE	1						2	490 750	1	12	96	1	8	None	
	Temperature(¡C)	1	2	3	4	5	6	7	8	9	10	11	12		1	2	3	4	5	6	7	8	9	10	11	12		
	23.60	0.2449	0.6749	0.2376	0.4028	0.1809	0.5516	0.5232	0.2491	0.5586	0.2013	0.2612	0.6732		0.1584	0.3115	0.1835	0.2777	0.1508	0.3384	0.3841	0.1974	0.4592	0.1562	0.1714	0.4631		
		0.5166	0.1773	0.6907	0.9213	0.6965	0.25	0.6234	0.6192	0.7396	0.2604	0.3791	0.6786		0.3872	0.1369	0.4628	0.5261	0.4851	0.1898	0.4085	0.474	0.5223	0.2009	0.2673	0.4385		
		0.1803	0.1435	0.1808	0.1782	1.0103	0.4652	0.8257	0.2108	0.2051	0.5488	0.6895	0.7753		0.1199	0.1105	0.1398	0.1329	0.6388	0.2728	0.416	0.1569	0.1606	0.414	0.4595	0.5442		
		0.2044	0.4339	0.644	0.7722	0.3449	0.199	0.2346	0.4763	0.328	0.1928	0.6989	0.4483		0.1547	0.2899	0.3757	0.5456	0.2664	0.1526	0.1687	0.3364	0.2339	0.1464	0.4559	0.2097		
		0.2452	0.2357	0.1611	0.1746	0.2128	0.3591	0.9836	0.2026	0.5753	0.2291	0.2054	0.5371		0.158	0.1859	0.1284	0.1369	0.1609	0.2461	0.6638	0.1639	0.3836	0.1715	0.1514	0.3981		
		0.3181	0.4099	0.5162	0.4054	0.1879	0.314	0.2128	0.3227	0.1756	0.2019	0.3474	0.9883		0.2331	0.3215	0.4241	0.3314	0.1487	0.2267	0.1516	0.2463	0.1394	0.1551	0.2695	0.3944		
		0.1772	0.4549	0.2572	0.2248	0.1317	0.2884	0.2215	0.3124	0.1627	0.1763	0.2338	0.408		0.1585	0.3932	0.2078	0.1804	0.1057	0.223	0.1512	0.2238	0.1141	0.1205	0.1782	0.2921		
		0.2458	0.2272	1.0617	0.2325	0.3156	0.1895	0.2102	0.165	0.206	0.958	0.1635	0.1976		0.2034	0.1631	0.9868	0.1845	0.2379	0.1387	0.1417	0.1204	0.1367	0.8698	0.122	0.1387		
		
~End
Copyright © 2003 Molecular Devices. All rights reserved.
