##BLOCKS= 1          
Plate:	Plate#1	1.3	PlateFormat	Endpoint	Absorbance	Raw	FALSE	1						2	490 750	1	12	96	1	8	None	
	Temperature(¡C)	1	2	3	4	5	6	7	8	9	10	11	12		1	2	3	4	5	6	7	8	9	10	11	12		
	22.80	0.4722	0.5825	0.2406	0.4409	0.3752	0.4321	0.2943	0.3583	0.6202	0.2616	0.7021	0.8859		0.262	0.3445	0.1697	0.302	0.2438	0.2444	0.1953	0.2517	0.444	0.195	0.3187	0.689		
		0.6616	0.3319	0.8092	0.2468	0.5546	0.2616	0.3791	0.5193	0.5666	0.2291	0.1562	0.7784		0.4878	0.2195	0.6041	0.1684	0.4069	0.1876	0.291	0.4078	0.414	0.168	0.1102	0.5978		
		0.4948	0.1381	0.277	0.2322	0.4731	0.4384	0.6735	0.4701	0.2795	0.6262	0.4061	0.7309		0.2642	0.1098	0.1968	0.1545	0.3439	0.2995	0.4038	0.3344	0.2031	0.4939	0.2999	0.5735		
		0.6903	0.7001	0.7576	0.5655	0.4198	0.3527	0.3595	0.6059	0.6212	0.3393	0.5792	0.581		0.5344	0.5242	0.5677	0.4387	0.3169	0.254	0.2529	0.439	0.4791	0.2333	0.4185	0.4188		
		0.2753	0.8985	0.3617	0.4226	0.1853	0.3998	0.8007	0.2211	0.7794	0.6361	0.3244	0.7497		0.1648	0.5189	0.2448	0.293	0.1373	0.3071	0.6271	0.1624	0.606	0.4984	0.2121	0.6016		
		0.2717	0.5604	0.6858	0.47	0.1813	0.2817	0.3961	0.2502	0.2988	0.3045	0.6368	1.0301		0.1958	0.4368	0.4387	0.3567	0.1457	0.2074	0.2435	0.1859	0.2184	0.2221	0.3987	0.4601		
		0.6826	0.4155	0.2608	0.7471	0.1295	0.2598	0.3403	0.3787	0.2684	0.2679	0.2727	0.3767		0.3599	0.3309	0.1991	0.5219	0.1055	0.1863	0.2458	0.2816	0.1704	0.1993	0.1917	0.2657		
		0.2429	0.3605	0.4522	0.3743	0.3266	0.2627	0.1838	0.194	0.2265	0.2502	0.2617	0.3551		0.1942	0.2799	0.3461	0.2787	0.2486	0.1913	0.1375	0.1407	0.1395	0.1749	0.1708	0.2183		
		
~End
Copyright © 2003 Molecular Devices. All rights reserved.
