##BLOCKS= 1          
Plate:	Plate#1	1.3	PlateFormat	Endpoint	Absorbance	Raw	FALSE	1						2	490 750	1	12	96	1	8	None	
	Temperature(¡C)	1	2	3	4	5	6	7	8	9	10	11	12		1	2	3	4	5	6	7	8	9	10	11	12		
	23.70	0.3133	0.6631	0.2425	0.3997	0.2587	0.3543	0.3271	0.2063	0.5116	0.1818	0.153	0.5847		0.2105	0.3914	0.1835	0.2806	0.1979	0.2691	0.2203	0.1493	0.3615	0.1424	0.1181	0.3992		
		0.6336	0.2741	0.8932	0.2233	0.4826	0.2526	0.4472	0.5604	0.5426	0.359	0.1527	0.8333		0.4802	0.1978	0.6103	0.1659	0.3246	0.1871	0.3071	0.4233	0.3717	0.2599	0.1176	0.5645		
		0.1644	0.1456	0.3555	0.1549	0.9832	0.5081	0.5379	0.2426	0.1833	0.4074	0.5159	0.8845		0.1298	0.1182	0.2565	0.1201	0.5931	0.3549	0.3607	0.1804	0.1376	0.3	0.38	0.6326		
		0.407	0.6654	0.4248	0.4467	0.2402	0.3899	0.2183	0.6821	0.5036	0.3193	0.5578	0.2497		0.2881	0.4254	0.2949	0.3163	0.1745	0.291	0.1639	0.4917	0.3469	0.2396	0.4039	0.1885		
		0.5659	0.6905	0.2092	0.5653	0.1573	0.4351	0.6666	0.1963	0.6902	0.4858	0.2759	0.5829		0.3888	0.4722	0.1582	0.4075	0.1225	0.3265	0.4681	0.1491	0.4699	0.3426	0.2001	0.3924		
		0.5197	0.5574	0.4519	0.3324	0.3342	0.3212	0.1827	0.3094	0.4145	0.3625	0.3419	0.5486		0.3725	0.4098	0.3184	0.2627	0.2631	0.2329	0.1276	0.2333	0.29	0.2519	0.2438	0.3698		
		0.1783	0.4685	0.3418	0.4526	0.1445	0.543	0.2328	0.3933	0.2086	0.2494	0.3125	0.3609		0.1293	0.4079	0.2623	0.3321	0.1181	0.4111	0.1525	0.271	0.1497	0.1747	0.2273	0.2603		
		0.2669	0.2381	0.1604	0.4669	0.4706	0.3244	0.1782	0.1839	0.1934	0.167	0.2375	0.207		0.1942	0.1735	0.1239	0.3266	0.3419	0.2221	0.1312	0.1312	0.1387	0.1261	0.1677	0.1431		
		
~End
Copyright © 2003 Molecular Devices. All rights reserved.
