##BLOCKS= 1          
Plate:	Plate#1	1.3	PlateFormat	Endpoint	Absorbance	Raw	FALSE	1						2	490 750	1	12	96	1	8	None	
	Temperature(¡C)	1	2	3	4	5	6	7	8	9	10	11	12		1	2	3	4	5	6	7	8	9	10	11	12		
	23.80	0.2214	0.8918	0.22	0.6216	0.2222	0.2422	0.3582	0.3512	0.5251	0.2196	0.5418	0.62		0.1651	0.4571	0.1682	0.4166	0.173	0.1882	0.2657	0.2589	0.3634	0.1673	0.3544	0.4741		
		0.6069	0.3283	0.6877	0.2558	0.4582	0.3202	0.4084	0.7253	0.5284	0.367	0.2973	0.4598		0.4895	0.2153	0.4849	0.1938	0.3557	0.2391	0.3065	0.5438	0.3934	0.2798	0.2315	0.3523		
		0.3159	0.1281	0.3288	0.3362	0.5074	0.394	0.2564	0.3211	0.3176	0.3085	0.4159	0.5311		0.1859	0.0985	0.2472	0.2149	0.3671	0.2991	0.1935	0.2396	0.239	0.2343	0.3273	0.4111		
		0.2265	0.4404	0.4719	0.5067	0.2839	0.301	0.2611	0.541	0.3376	0.3603	0.4719	0.4374		0.1673	0.3434	0.3655	0.3719	0.2098	0.2274	0.1972	0.4154	0.2521	0.2676	0.3561	0.2918		
		0.3066	0.3903	0.2323	0.2503	0.1668	0.3491	0.5266	0.2425	0.4603	0.5513	0.416	0.4639		0.1923	0.2863	0.1749	0.1911	0.1302	0.2655	0.3983	0.185	0.3508	0.4225	0.3088	0.3413		
		0.5605	0.4314	0.9948	0.2503	0.3008	0.3053	0.3124	0.2865	0.2212	0.1856	0.6547	0.4899		0.4208	0.3204	0.4201	0.1951	0.232	0.2171	0.2177	0.2028	0.1675	0.1437	0.3413	0.2961		
		0.5475	0.3369	0.7783	0.3663	0.1212	0.3056	0.2468	0.2906	0.2367	0.2753	0.3515	0.4526		0.3869	0.281	0.4213	0.255	0.0991	0.2269	0.1738	0.2105	0.1674	0.2026	0.2624	0.3247		
		0.2741	0.2568	0.2067	0.2443	0.5106	0.2193	0.2036	0.2726	0.2368	0.2111	0.217	0.2311		0.2071	0.1874	0.1248	0.1845	0.4034	0.1631	0.1483	0.1989	0.1761	0.1596	0.1641	0.1749		
		
~End
Copyright © 2003 Molecular Devices. All rights reserved.
