##BLOCKS= 1          
Plate:	Plate#1	1.3	PlateFormat	Endpoint	Absorbance	Raw	FALSE	1						2	490 750	1	12	96	1	8	None	
	Temperature(¡C)	1	2	3	4	5	6	7	8	9	10	11	12		1	2	3	4	5	6	7	8	9	10	11	12		
	23.80	0.2383	0.9933	0.1979	0.6452	0.2481	0.2597	0.4399	0.2613	0.6195	0.2543	0.4482	0.5196		0.1725	0.5279	0.1508	0.4255	0.189	0.1997	0.327	0.1904	0.418	0.1923	0.2814	0.3849		
		0.6339	0.2014	0.7722	0.303	0.4096	0.296	0.5361	0.7725	0.5007	0.2742	0.2926	0.4995		0.5138	0.1509	0.5679	0.2164	0.3188	0.2209	0.4032	0.5914	0.3777	0.2069	0.2271	0.3838		
		0.2301	0.1279	0.4127	0.2467	0.7135	0.3252	0.296	0.3409	0.2983	0.4084	0.3636	0.6112		0.152	0.0979	0.3013	0.1704	0.5288	0.241	0.2229	0.2574	0.2241	0.3051	0.2811	0.4704		
		0.2595	0.4103	0.559	0.5077	0.3099	0.3864	0.2724	0.4511	0.4677	0.361	0.5317	0.5282		0.1925	0.3104	0.4438	0.3712	0.241	0.2912	0.2014	0.3427	0.3437	0.2758	0.3988	0.3725		
		0.3695	0.4925	0.2375	0.2753	0.1761	0.3428	0.5557	0.2147	0.4339	0.4075	0.4106	0.5125		0.2255	0.367	0.1809	0.2057	0.1369	0.258	0.4245	0.1628	0.3245	0.3057	0.3009	0.3745		
		0.4905	0.5185	1.1172	0.2681	0.3575	0.3395	0.3961	0.2796	0.2549	0.2773	0.6782	0.4732		0.3588	0.3645	0.3869	0.2052	0.2738	0.2371	0.2616	0.2016	0.193	0.211	0.3481	0.2863		
		0.5251	0.318	0.7656	0.4313	0.1228	0.2864	0.256	0.2683	0.2799	0.2963	0.3137	0.4705		0.3776	0.2734	0.3681	0.2879	0.0998	0.2087	0.1837	0.1961	0.1972	0.2165	0.2332	0.3368		
		0.3284	0.2644	0.2383	0.2902	0.4078	0.2688	0.2409	0.2555	0.2268	0.2128	0.2074	0.2284		0.2574	0.1897	0.1496	0.2195	0.318	0.2003	0.1712	0.186	0.1698	0.1627	0.1579	0.1716		
		
~End
Copyright © 2003 Molecular Devices. All rights reserved.
