##BLOCKS= 1          
Plate:	Plate#1	1.3	PlateFormat	Endpoint	Absorbance	Raw	FALSE	1						2	490 750	1	12	96	1	8	None	
	Temperature(¡C)	1	2	3	4	5	6	7	8	9	10	11	12		1	2	3	4	5	6	7	8	9	10	11	12		
	23.80	0.2312	0.8853	0.2197	0.508	0.2256	0.2601	0.3353	0.3076	0.5371	0.2473	0.3923	0.5152		0.1738	0.4133	0.168	0.3261	0.175	0.1973	0.2466	0.2228	0.3571	0.1853	0.2415	0.3803		
		0.5001	0.202	0.6956	0.249	0.5268	0.3168	0.461	0.569	0.6361	0.35	0.4047	0.5209		0.4101	0.1509	0.5024	0.1777	0.4115	0.2339	0.3466	0.4193	0.4822	0.2621	0.3193	0.3947		
		0.2264	0.1331	0.3651	0.2804	0.6408	0.358	0.2649	0.3278	0.2987	0.383	0.432	0.5236		0.1476	0.1023	0.2639	0.1922	0.4651	0.2675	0.1987	0.2433	0.2211	0.2877	0.3385	0.3948		
		0.2718	0.4352	0.5009	0.5005	0.2494	0.4444	0.2415	0.5123	0.3659	0.3346	0.5605	0.5539		0.2027	0.3228	0.3948	0.3644	0.1908	0.3399	0.1793	0.3894	0.2713	0.2497	0.4231	0.388		
		0.3443	0.3819	0.234	0.316	0.1897	0.2779	0.4511	0.2283	0.5916	0.5848	0.3489	0.4304		0.2207	0.2739	0.1786	0.2374	0.1477	0.2071	0.3435	0.1713	0.4525	0.4501	0.2533	0.3133		
		0.5051	0.5171	1.1276	0.2501	0.323	0.3586	0.4513	0.2642	0.2339	0.2235	0.5436	0.4655		0.3952	0.3687	0.426	0.1944	0.2433	0.2434	0.2766	0.1886	0.1751	0.1691	0.269	0.2671		
		0.3894	0.1908	0.8149	0.3748	0.1243	0.3473	0.2881	0.3119	0.2601	0.3217	0.2893	0.4468		0.2793	0.1585	0.3918	0.2521	0.1003	0.2518	0.2034	0.2241	0.1849	0.2339	0.2123	0.321		
		0.2914	0.2901	0.2601	0.2517	0.4938	0.2638	0.2101	0.215	0.2446	0.2047	0.2217	0.2355		0.2192	0.2044	0.1566	0.192	0.3878	0.1935	0.1495	0.1562	0.1821	0.156	0.1652	0.1751		
		
~End
Copyright © 2003 Molecular Devices. All rights reserved.
