##BLOCKS= 1          
Plate:	Plate#1	1.3	PlateFormat	Endpoint	Absorbance	Raw	FALSE	1						2	490 750	1	12	96	1	8	None	
	Temperature(¡C)	1	2	3	4	5	6	7	8	9	10	11	12		1	2	3	4	5	6	7	8	9	10	11	12		
	23.70	0.1902	1.0021	0.4869	0.4364	0.4158	0.5126	0.4805	0.2875	0.2736	0.3998	0.2289	0.7323		0.1052	0.346	0.1646	0.1411	0.171	0.175	0.1587	0.1331	0.1211	0.1583	0.1168	0.2213		
		0.4825	0.3265	0.3463	0.415	0.2272	0.2541	0.2842	0.212	0.3433	0.2149	0.1946	0.4749		0.3664	0.1345	0.1705	0.149	0.1151	0.1157	0.1266	0.1706	0.1273	0.1161	0.1072	0.1633		
		0.2623	0.1479	0.29	0.5642	0.24	0.2796	0.344	0.2617	0.2841	0.2907	0.4692	0.477		0.138	0.1062	0.1372	0.1799	0.1196	0.1257	0.1576	0.1244	0.1207	0.1322	0.1653	0.1647		
		0.4413	0.3049	0.4924	0.4748	0.2813	0.3559	0.3482	0.4753	0.3385	0.3166	0.4282	0.3965		0.1638	0.1319	0.1825	0.1674	0.1328	0.1408	0.1351	0.158	0.137	0.1327	0.1616	0.1452		
		0.1867	0.4668	0.307	0.4923	0.3132	0.3544	0.4194	0.2265	0.4159	0.3743	0.3114	0.3103		0.1069	0.123	0.146	0.1738	0.1285	0.142	0.1547	0.1147	0.1501	0.1493	0.1271	0.126		
		0.1701	0.1536	0.2773	0.156	0.3066	0.3044	0.3019	0.1677	0.2285	0.236	0.3718	0.2012		0.1389	0.1225	0.1383	0.1227	0.1283	0.1308	0.1401	0.1304	0.1098	0.1223	0.1636	0.1141		
		0.31	0.3688	0.1551	0.3065	0.1249	0.1803	0.2493	0.3237	0.2074	0.2194	0.3771	0.6278		0.1542	0.3063	0.1219	0.127	0.1031	0.1149	0.134	0.1501	0.1134	0.1123	0.1327	0.2071		
		0.4178	0.2138	0.2884	0.2078	0.1367	0.2401	0.1783	0.271	0.2224	0.2447	0.1943	0.2275		0.1519	0.1183	0.1561	0.1085	0.1095	0.1193	0.106	0.1309	0.1154	0.1258	0.1079	0.1141		
		
~End
Copyright © 2003 Molecular Devices. All rights reserved.
