##BLOCKS= 1          
Plate:	Plate#1	1.3	PlateFormat	Endpoint	Absorbance	Raw	FALSE	1						2	490 750	1	12	96	1	8	None	
	Temperature(¡C)	1	2	3	4	5	6	7	8	9	10	11	12		1	2	3	4	5	6	7	8	9	10	11	12		
	22.50	0.1679	0.1906	0.1384	0.3426	0.1612	0.1599	0.1861	0.2109	0.1854	0.1725	0.1549	0.1494		0.1373	0.1134	0.1128	0.2491	0.1303	0.1267	0.1405	0.1614	0.1421	0.1399	0.1195	0.1177		
		0.5659	0.1631	0.3522	0.1733	0.1786	0.1612	0.1663	0.3757	0.3789	0.1586	0.1658	0.2939		0.4579	0.1242	0.2247	0.1373	0.139	0.1274	0.1322	0.2864	0.2975	0.1268	0.1271	0.2332		
		0.135	0.1557	0.1663	0.1653	1.3628	0.172	0.1857	0.1522	0.1635	0.1558	0.1532	0.1549		0.1125	0.127	0.1303	0.1369	0.6264	0.1333	0.1476	0.1202	0.1272	0.1238	0.1234	0.1261		
		0.1612	0.1748	0.2028	0.1668	0.1517	0.2288	0.1612	0.299	0.1778	0.1595	0.147	0.1504		0.143	0.1335	0.1606	0.1311	0.1251	0.184	0.1316	0.2398	0.1443	0.1287	0.1181	0.1242		
		0.2253	0.1757	0.1655	0.222	0.157	0.1874	0.1804	0.1647	0.1649	0.2056	0.1393	0.1643		0.1497	0.1364	0.1318	0.1636	0.1252	0.1479	0.144	0.1342	0.1325	0.1625	0.1129	0.1211		
		0.2286	0.28	0.2748	0.318	0.3145	0.2322	0.1518	0.2529	0.206	0.15	0.2126	0.1788		0.1742	0.2202	0.2231	0.2525	0.2482	0.1846	0.1156	0.1992	0.16	0.1196	0.1712	0.1393		
		0.2107	0.4004	0.2946	0.1782	0.1414	0.205	0.1443	0.1645	0.1474	0.1468	0.1627	0.1656		0.1767	0.3431	0.235	0.1412	0.1149	0.1612	0.1193	0.13	0.1164	0.1211	0.1249	0.1297		
		0.1733	0.1556	0.4851	0.2035	0.224	0.163	0.138	0.1466	0.1412	0.1473	0.1426	0.1773		0.1315	0.1262	0.4581	0.1587	0.1781	0.129	0.1129	0.1147	0.1126	0.1202	0.1173	0.1374		
		
~End
Copyright © 2003 Molecular Devices. All rights reserved.
