##BLOCKS= 1          
Plate:	Plate#1	1.3	PlateFormat	Endpoint	Absorbance	Raw	FALSE	1						2	490 750	1	12	96	1	8	None	
	Temperature(¡C)	1	2	3	4	5	6	7	8	9	10	11	12		1	2	3	4	5	6	7	8	9	10	11	12		
	23.60	0.2913	1.3548	0.3041	1.1696	0.393	1.3065	0.2666	0.4751	1.3594	0.5765	1.4227	1.3239		0.1906	0.917	0.2237	0.8395	0.279	0.9843	0.1798	0.338	0.947	0.4339	0.5503	0.9503		
		0.612	1.1787	1.8398	1.5173	2.0955	0.3595	1.2175	0.2308	1.683	0.3812	1.2683	1.4097		0.4673	0.8476	1.1667	1.0626	1.4557	0.2564	0.8184	0.1785	1.1894	0.2694	0.8937	0.8572		
		0.9279	0.2051	0.597	1.2423	1.5986	1.0454	0.6639	0.4889	0.6878	1.4521	1.8563	1.7279		0.6386	0.1445	0.4548	0.9092	1.0596	0.7509	0.4716	0.3545	0.5147	1.0323	1.1808	1.1083		
		2.1904	2.5261	1.6571	1.4194	0.5684	1.4187	0.4393	1.4093	1.649	0.3696	1.6476	1.4404		1.4838	1.6038	0.9892	0.9844	0.407	1.0574	0.309	1.0055	1.0463	0.2678	1.0099	1.0446		
		0.5368	0.4255	0.2694	1.0007	0.7096	1.4249	1.9111	0.4232	1.6159	1.6371	0.5374	3.0362		0.3411	0.2515	0.1866	0.7573	0.5134	0.9624	1.1739	0.2995	1.0238	0.9778	0.3799	2.0854		
		0.7321	0.974	1.0574	0.9184	0.3367	0.7062	0.9896	0.4812	0.5116	0.9374	1.0538	2.297		0.5666	0.5704	0.6816	0.667	0.2484	0.4523	0.6581	0.3579	0.347	0.6246	0.6984	1.3054		
		1.2588	0.7057	0.7686	0.9312	0.7989	0.9816	0.4089	0.804	0.5721	0.7902	0.4891	1.1565		0.5867	0.4828	0.5691	0.5214	0.4509	0.6595	0.2985	0.5941	0.3664	0.5338	0.3174	0.8644		
		0.5321	0.776	0.8625	0.5521	1.0275	0.5592	0.2935	0.3463	0.9088	0.3849	0.2228	0.3427		0.3728	0.5196	0.5732	0.3901	0.7541	0.3728	0.2115	0.213	0.6521	0.2678	0.1586	0.2382		
		
~End
Copyright © 2003 Molecular Devices. All rights reserved.
