##BLOCKS= 1          
Plate:	Plate#1	1.3	PlateFormat	Endpoint	Absorbance	Raw	FALSE	1						2	490 750	1	12	96	1	8	None	
	Temperature(¡C)	1	2	3	4	5	6	7	8	9	10	11	12		1	2	3	4	5	6	7	8	9	10	11	12		
	23.70	0.291	1.3639	0.2859	0.8336	0.3414	1.6948	0.2779	0.3446	1.5885	0.5108	1.4677	2.3479		0.2013	0.9232	0.209	0.6128	0.2426	1.2436	0.1915	0.2399	1.0945	0.3769	0.5287	1.6266		
		0.5553	1.1353	2.029	1.1218	1.0517	0.3907	1.0518	0.2527	1.561	0.3844	0.8679	2.7809		0.4077	0.8664	1.2824	0.798	0.6989	0.2829	0.7313	0.1941	1.0921	0.2684	0.5923	1.9665		
		1.1141	0.2102	0.4803	1.8808	1.4375	0.9695	0.8737	0.5582	0.463	1.6458	2.4573	2.4242		0.7559	0.1426	0.3618	1.4294	0.9658	0.6998	0.6468	0.4089	0.3377	1.1709	1.7157	1.77		
		1.7292	2.5407	1.6984	2.8612	0.438	1.3032	0.5215	0.8645	1.7227	0.4261	2.49	1.3174		1.1607	1.7135	1.1387	1.9382	0.3141	0.952	0.3724	0.5857	1.1323	0.3149	1.647	0.8996		
		0.6144	0.5842	0.3863	1.3051	0.5885	1.7553	2.3404	0.3957	1.551	1.5516	0.4866	2.4023		0.3914	0.3421	0.2764	0.9981	0.4215	1.2309	1.6211	0.2795	0.9808	0.8975	0.3373	1.292		
		0.8655	1.0954	1.2896	1.1392	0.295	0.8981	1.0253	0.4028	0.4617	0.908	1.0639	1.672		0.6266	0.6629	0.8364	0.8364	0.2163	0.5683	0.7067	0.2938	0.3196	0.5772	0.7053	0.8241		
		1.3557	0.9499	0.9915	1.123	0.7425	1.1192	0.5253	0.7972	0.5316	0.833	0.7102	1.0767		0.6078	0.6581	0.7624	0.6185	0.4364	0.7582	0.3858	0.588	0.3466	0.5509	0.474	0.7405		
		0.498	0.7147	0.6973	0.6053	0.7851	0.6349	0.3459	0.5378	1.0921	0.3061	0.2649	0.3819		0.3371	0.5206	0.4478	0.4292	0.5515	0.4216	0.2431	0.3879	0.7797	0.2105	0.1888	0.2685		
		
~End
Copyright © 2003 Molecular Devices. All rights reserved.
