##BLOCKS= 1          
Plate:	Plate#1	1.3	PlateFormat	Endpoint	Absorbance	Raw	FALSE	1						2	490 750	1	12	96	1	8	None	
	Temperature(¡C)	1	2	3	4	5	6	7	8	9	10	11	12		1	2	3	4	5	6	7	8	9	10	11	12		
	23.60	0.4149	0.8548	0.4981	0.5122	0.3842	0.3018	0.3826	0.3287	0.3771	0.3193	0.2542	0.6516		0.2093	0.3394	0.2983	0.2906	0.2186	0.1641	0.2056	0.2101	0.221	0.1771	0.1642	0.4015		
		0.5645	0.2411	0.7907	0.694	0.7698	0.3381	0.5183	0.4525	0.4079	0.2649	0.1586	0.6915		0.4888	0.1778	0.4833	0.3191	0.4499	0.1453	0.2935	0.3466	0.2403	0.1627	0.1136	0.4009		
		0.3788	0.1295	0.5091	0.4263	0.9106	0.6933	0.3896	0.4396	0.2995	0.4134	0.5226	0.8831		0.1608	0.1019	0.312	0.1693	0.5162	0.3207	0.2836	0.2738	0.199	0.2439	0.285	0.5193		
		0.5212	0.8164	1.0054	1.0238	0.4374	0.3556	0.3418	0.6388	0.8444	0.3961	0.9991	0.5074		0.2476	0.5138	0.6104	0.5607	0.2518	0.2076	0.1911	0.3662	0.4911	0.224	0.6466	0.3001		
		0.3606	0.3737	0.6243	0.4555	0.4196	0.5788	0.7758	0.3354	0.8155	0.5892	0.4828	0.5501		0.2397	0.1923	0.3949	0.2276	0.1583	0.3508	0.4573	0.1935	0.4952	0.3582	0.2558	0.2869		
		0.3244	0.2347	1.4262	0.3798	0.2461	0.2866	0.5811	0.2464	0.294	0.4006	0.7111	0.5332		0.2648	0.186	0.5628	0.2941	0.1733	0.2019	0.2683	0.1899	0.1936	0.2339	0.3427	0.31		
		0.4804	0.3659	0.4815	0.6964	0.1356	0.3168	0.3664	0.3553	0.4493	0.4189	0.3941	0.3474		0.2419	0.3234	0.3529	0.3974	0.1086	0.2377	0.1732	0.188	0.185	0.1846	0.2839	0.2546		
		0.3696	0.3978	0.2651	0.4291	0.4214	0.4489	0.3387	0.1735	0.3998	0.2701	0.3465	0.5726		0.2346	0.2072	0.1353	0.3266	0.3426	0.2056	0.1489	0.1354	0.1497	0.169	0.1864	0.3316		
		
~End
Copyright © 2003 Molecular Devices. All rights reserved.
