##BLOCKS= 1          
Plate:	Plate#1	1.3	PlateFormat	Endpoint	Absorbance	Raw	FALSE	1						2	490 750	1	12	96	1	8	None	
	Temperature(¡C)	1	2	3	4	5	6	7	8	9	10	11	12		1	2	3	4	5	6	7	8	9	10	11	12		
	23.60	0.5343	1.1907	0.3358	0.5525	0.297	0.519	0.4013	0.4279	0.3578	0.3363	0.4586	1.0391		0.2856	0.5401	0.2025	0.3254	0.1736	0.2886	0.2065	0.2422	0.2338	0.1896	0.2988	0.5963		
		0.6066	0.242	0.9893	0.336	0.6422	0.4769	0.3639	0.4936	0.5182	0.2992	0.148	1.0085		0.4664	0.1767	0.5976	0.1585	0.3359	0.2033	0.2105	0.3763	0.2729	0.1899	0.1056	0.5473		
		0.4641	0.146	0.4628	0.5845	0.7137	0.5345	0.4587	0.4132	0.348	0.3843	0.4894	0.8455		0.1981	0.1155	0.3052	0.2283	0.4097	0.2482	0.3434	0.257	0.2254	0.2432	0.2754	0.5178		
		0.3363	0.7549	0.767	0.8796	0.3619	0.4956	0.4084	0.7419	0.8432	0.4794	0.8386	0.5672		0.2239	0.4617	0.4401	0.4961	0.1965	0.2916	0.2211	0.4224	0.4838	0.2799	0.5072	0.3424		
		0.3079	0.4149	0.5544	0.3333	0.408	0.717	1.0818	0.4453	0.8401	0.8708	0.4267	0.8194		0.2089	0.2369	0.3444	0.1832	0.1748	0.4222	0.6205	0.2447	0.5116	0.5347	0.251	0.4496		
		0.2493	0.2582	0.7306	0.4577	0.2392	0.4044	0.4185	0.3909	0.2592	0.4967	0.8314	0.7361		0.1895	0.1975	0.3256	0.3582	0.176	0.2696	0.1919	0.301	0.1656	0.3127	0.3471	0.4502		
		1.1913	0.3533	0.3644	0.936	0.131	0.3206	0.4491	0.5566	0.6755	0.6119	0.3603	0.2817		0.6971	0.3035	0.2619	0.5049	0.1035	0.2413	0.2152	0.2884	0.2566	0.2605	0.2531	0.2063		
		0.3074	0.4774	0.3179	0.3386	0.2222	0.4571	0.311	0.2188	0.5745	0.2588	0.4141	0.4763		0.194	0.2636	0.1544	0.2538	0.1759	0.2214	0.1513	0.1392	0.189	0.1854	0.2044	0.2508		
		
~End
Copyright © 2003 Molecular Devices. All rights reserved.
