##BLOCKS= 1          
Plate:	Plate#1	1.3	PlateFormat	Endpoint	Absorbance	Raw	FALSE	1						2	490 750	1	12	96	1	8	None	
	Temperature(¡C)	1	2	3	4	5	6	7	8	9	10	11	12		1	2	3	4	5	6	7	8	9	10	11	12		
	23.60	0.6245	1.1009	0.3449	0.585	0.4338	0.2536	0.4735	0.2699	0.5308	0.418	0.5289	0.7428		0.3569	0.4864	0.19	0.3315	0.2495	0.1409	0.2512	0.1748	0.3317	0.2404	0.3142	0.4589		
		0.5188	0.2804	0.9502	0.4615	0.7891	0.5871	0.5281	0.4686	0.3553	0.281	0.1469	0.7056		0.4091	0.2046	0.6018	0.2368	0.4651	0.2355	0.2826	0.3651	0.2109	0.1821	0.1039	0.427		
		0.5862	0.132	0.5609	0.6939	1.0379	0.8311	0.5751	0.4963	0.3295	0.3708	0.558	0.9333		0.2047	0.1026	0.3704	0.2587	0.6573	0.3859	0.4262	0.2987	0.2097	0.2276	0.3198	0.5635		
		0.4059	0.6747	0.582	0.7925	0.305	0.4404	0.3687	0.6308	0.598	0.4318	1.2416	0.6976		0.2194	0.4082	0.3516	0.4592	0.1715	0.2611	0.1961	0.3804	0.3439	0.2506	0.7857	0.4063		
		0.3052	0.3746	0.4172	0.7425	0.3575	0.5077	1.256	0.4463	0.922	0.6899	0.2796	0.6327		0.2213	0.1986	0.2718	0.3467	0.1534	0.2921	0.7188	0.2523	0.5613	0.4157	0.1641	0.3546		
		0.3109	0.2769	1.2222	0.394	0.2191	0.423	0.3562	0.3279	0.2364	0.387	1.1865	0.6876		0.2511	0.2212	0.4983	0.3056	0.1484	0.2764	0.188	0.2526	0.148	0.2334	0.4825	0.3971		
		0.7356	0.2308	0.4774	0.8183	0.1359	0.2875	0.3342	0.3002	0.59	0.6102	0.2969	0.3318		0.3403	0.1897	0.3329	0.4296	0.1114	0.2225	0.1695	0.1611	0.2401	0.2478	0.2104	0.245		
		0.3671	0.5485	0.3768	0.243	0.3027	0.4523	0.4072	0.2038	0.4502	0.2569	0.3903	0.4407		0.2533	0.2981	0.158	0.1793	0.2384	0.2283	0.167	0.1385	0.1601	0.1639	0.2115	0.2377		
		
~End
Copyright © 2003 Molecular Devices. All rights reserved.
