##BLOCKS= 1          
Plate:	Plate#1	1.3	PlateFormat	Endpoint	Absorbance	Raw	FALSE	1						2	490 750	1	12	96	1	8	None	
	Temperature(¡C)	1	2	3	4	5	6	7	8	9	10	11	12		1	2	3	4	5	6	7	8	9	10	11	12		
	23.70	0.3461	1.1514	0.3041	1.6564	0.3275	0.5461	0.8107	0.4157	1.7536	0.3256	0.6925	1.7844		0.2288	0.7982	0.2079	1.2202	0.2361	0.3896	0.4825	0.2859	1.3845	0.2366	0.3857	1.3382		
		0.7084	0.2719	1.7259	0.3137	1.9882	0.526	1.7147	1.0896	1.7201	0.3819	0.9478	1.6501		0.5535	0.1968	1.2341	0.2228	1.4792	0.368	1.2444	0.8254	0.9821	0.2693	0.7102	1.0808		
		0.2641	0.1409	1.3773	0.4812	1.3725	1.9748	1.2231	1.088	0.3993	1.8653	2.0692	1.946		0.1801	0.1102	1.0365	0.3484	0.9498	1.2481	0.8936	0.7319	0.2817	1.4785	1.4983	1.3906		
		1.4323	1.8367	1.7283	1.8288	0.3513	0.6902	0.533	1.5068	1.1904	0.6082	1.0471	1.7267		1.097	1.2333	1.269	1.3658	0.2406	0.5197	0.3844	1.0114	0.8957	0.4466	0.8013	1.2714		
		2.0185	1.6246	0.2825	1.6549	0.9136	0.7534	1.7948	0.2882	1.9457	1.2753	0.4811	1.7433		1.2505	0.6163	0.2018	1.0958	0.6059	0.5716	1.113	0.2128	1.4901	0.9971	0.3408	1.2449		
		0.3636	0.9666	1.0619	1.4061	0.8495	0.7333	0.5554	0.4175	0.4184	1.2447	0.8298	1.305		0.2542	0.6974	0.7292	0.9667	0.6098	0.4651	0.3814	0.2889	0.2927	0.8631	0.5995	0.7567		
		0.9855	0.8788	0.6054	1.0656	0.6048	1.5772	0.3666	0.3612	0.3792	0.2849	0.3034	0.3402		0.794	0.6238	0.4623	0.7571	0.4307	0.8796	0.2637	0.2518	0.2778	0.1955	0.2079	0.2298		
		0.3421	0.3778	0.4171	0.3417	0.7187	0.2442	0.2842	0.2224	0.2894	0.2826	0.2948	0.3685		0.2428	0.2643	0.277	0.2382	0.5464	0.1831	0.2014	0.1704	0.2056	0.2083	0.211	0.253		
		
~End
Copyright © 2003 Molecular Devices. All rights reserved.
