##BLOCKS= 1          
Plate:	Plate#1	1.3	PlateFormat	Endpoint	Absorbance	Raw	FALSE	1						2	490 750	1	12	96	1	8	None	
	Temperature(¡C)	1	2	3	4	5	6	7	8	9	10	11	12		1	2	3	4	5	6	7	8	9	10	11	12		
	23.70	0.4448	1.0891	0.344	1.5876	0.2799	0.4074	0.8343	0.4298	2.3298	0.3706	0.7349	1.6768		0.2736	0.7312	0.2349	1.1561	0.1983	0.2849	0.5053	0.2935	1.7025	0.2661	0.4165	1.2441		
		0.594	0.2731	1.7472	0.3968	1.8765	0.4779	1.731	0.979	1.911	0.4708	0.5762	1.9862		0.4663	0.1992	1.2559	0.2851	1.3858	0.3348	1.2753	0.7251	1.1429	0.3361	0.4589	1.3727		
		0.2943	0.1428	1.3443	0.4006	1.4283	1.8417	1.2079	1.195	0.4253	1.8768	1.8533	1.886		0.2057	0.1122	0.9993	0.2919	0.98	1.1639	0.864	0.8271	0.2966	1.4965	1.4297	1.3447		
		1.4198	1.7783	1.843	1.9728	0.3644	0.6892	0.5355	1.5216	1.2675	0.5819	1.1796	1.8528		1.1296	1.1931	1.2276	1.4672	0.2513	0.5215	0.3902	1.0125	0.9742	0.4236	0.9298	1.3607		
		1.9891	1.5463	0.2486	1.6	1.1998	0.3575	1.8708	0.3051	1.9311	1.2977	0.441	1.5887		1.2261	0.6194	0.1781	1.032	0.8212	0.2493	1.1161	0.2235	1.4748	1.0231	0.3192	1.0954		
		0.3725	0.8677	0.9361	1.4355	0.729	0.5615	0.5169	0.3786	0.4543	1.2529	0.7845	1.5014		0.2716	0.6066	0.6427	0.9796	0.5161	0.3593	0.349	0.2661	0.3134	0.8821	0.5696	0.8875		
		0.9004	0.9856	0.5181	0.8895	0.1666	1.6889	0.317	0.3183	0.3122	0.2807	0.2793	0.3251		0.6503	0.7078	0.3908	0.6257	0.1238	0.9423	0.2248	0.2224	0.2227	0.2006	0.1892	0.2258		
		0.3306	0.3041	0.3323	0.2703	0.6896	0.2473	0.2328	0.1937	0.2785	0.2872	0.2693	0.2827		0.2499	0.2124	0.2283	0.1892	0.5301	0.1838	0.1697	0.1473	0.1979	0.2102	0.1962	0.1943		
		
~End
Copyright © 2003 Molecular Devices. All rights reserved.
