##BLOCKS= 1          
Plate:	Plate#1	1.3	PlateFormat	Endpoint	Absorbance	Raw	FALSE	1						2	490 750	1	12	96	1	8	None	
	Temperature(¡C)	1	2	3	4	5	6	7	8	9	10	11	12		1	2	3	4	5	6	7	8	9	10	11	12		
	23.30	0.3345	0.9061	0.2551	0.6967	0.2286	0.3435	0.3436	0.2344	1.4874	0.323	3.0002	1.3865		0.3063	0.6311	0.1941	0.4684	0.176	0.2677	0.2016	0.1612	1.1637	0.2599	1.1007	0.9976		
		0.6281	0.2441	1.633	0.8552	0.7575	0.2424	1.1461	0.4138	1.4412	0.2327	0.7569	1.5441		0.4792	0.1837	1.139	0.6481	0.5311	0.1831	0.9022	0.3187	1.0847	0.1807	0.5515	1.083		
		0.5963	0.2373	0.6194	0.5979	0.8981	1.1064	0.9753	0.2863	0.2828	1.0044	1.5377	1.4512		0.4047	0.1774	0.43	0.4558	0.6567	0.724	0.5945	0.2256	0.2223	0.7411	1.1394	1.0486		
		1.0034	1.5088	1.8714	1.0042	0.3006	0.4671	0.2415	0.914	1.2589	0.246	1.0977	0.9925		0.8205	1.0415	1.3659	0.7269	0.2295	0.3643	0.1877	0.6507	0.9056	0.1917	0.7562	0.766		
		0.3908	0.6532	0.3121	0.4606	0.3462	1.1078	1.1949	0.2454	1.6493	1.557	0.2326	2.0808		0.2114	0.4513	0.2393	0.3531	0.2665	0.8321	0.8162	0.1938	1.1739	0.9577	0.1731	1.1716		
		0.8276	0.5779	2.1641	1.412	0.5015	0.6426	0.3833	0.3834	0.2598	0.8063	0.9667	1.8386		0.6882	0.4182	0.6193	0.7392	0.39	0.4243	0.2405	0.3103	0.1953	0.4002	0.3955	0.7613		
		0.3603	0.7003	0.5163	0.7896	0.8911	0.4375	0.5054	1.2693	0.5745	0.705	0.3197	0.6951		0.2864	0.4772	0.4247	0.5246	0.6177	0.3409	0.3532	0.6979	0.3726	0.4303	0.2151	0.4503		
		0.4223	0.433	0.5632	0.4498	0.2722	0.7139	0.2662	0.261	0.4898	0.2401	0.2697	0.2269		0.2993	0.3114	0.3137	0.3258	0.2074	0.4037	0.1729	0.1663	0.3242	0.1779	0.1918	0.1616		
		
~End
Copyright © 2003 Molecular Devices. All rights reserved.
