##BLOCKS= 1          
Plate:	Plate#1	1.3	PlateFormat	Endpoint	Absorbance	Raw	FALSE	1						2	490 750	1	12	96	1	8	None	
	Temperature(¡C)	1	2	3	4	5	6	7	8	9	10	11	12		1	2	3	4	5	6	7	8	9	10	11	12		
	23.30	0.2312	0.7957	0.2962	0.9652	0.2308	0.2939	0.328	0.2759	0.8201	0.3494	2.9634	1.8917		0.174	0.6042	0.227	0.676	0.1778	0.2284	0.206	0.196	0.6129	0.2882	1.0811	1.4085		
		0.5373	0.3291	1.3165	1.3279	0.8768	0.2776	1.031	1.3541	1.5565	0.3301	1.0239	1.4755		0.415	0.2692	0.8662	1.0559	0.6252	0.2096	0.8294	1.092	1.1696	0.2603	0.7612	1.0434		
		0.4975	0.2146	0.5478	0.465	0.9385	1.1147	1.067	0.3662	0.2518	1.024	1.8148	1.7816		0.3251	0.1623	0.3644	0.3449	0.6904	0.8581	0.6602	0.2894	0.1982	0.7949	1.3585	1.3074		
		0.9302	1.3371	1.5243	1.595	0.3601	0.5787	0.3019	1.0695	1.294	0.2074	1.374	0.6079		0.7601	0.9873	1.0988	1.2189	0.2782	0.4611	0.2332	0.7819	0.9355	0.1587	0.97	0.4726		
		0.5811	0.6242	0.2345	0.3414	0.5103	1.7324	1.6019	0.2549	1.1616	0.9456	0.2812	1.9067		0.3198	0.4249	0.1735	0.2573	0.4079	1.2977	1.1478	0.1992	0.7997	0.5905	0.2092	1.1426		
		0.5568	0.5159	2.0654	1.1899	0.557	0.5747	0.5528	0.359	0.2537	0.9818	1.2968	1.8758		0.4534	0.3675	0.6795	0.5548	0.4442	0.3722	0.3531	0.2861	0.1922	0.4178	0.4079	0.6761		
		0.2832	0.6466	0.3563	0.4898	0.3304	0.5451	0.5306	1.0161	0.4272	0.4671	0.3023	0.8893		0.207	0.4891	0.2905	0.3187	0.2397	0.4248	0.3996	0.6021	0.2526	0.2654	0.1953	0.5255		
		0.3204	0.6543	0.6646	0.3739	0.3123	0.7777	0.3196	0.2542	0.52	0.3221	0.2347	0.2505		0.2331	0.4916	0.376	0.2751	0.2416	0.4504	0.2156	0.1651	0.3472	0.2363	0.1735	0.182		
		
~End
Copyright © 2003 Molecular Devices. All rights reserved.
