##BLOCKS= 1          
Plate:	Plate#1	1.3	PlateFormat	Endpoint	Absorbance	Raw	FALSE	1						2	490 750	1	12	96	1	8	None	
	Temperature(¡C)	1	2	3	4	5	6	7	8	9	10	11	12		1	2	3	4	5	6	7	8	9	10	11	12		
	22.70	0.1399	0.1932	0.1418	0.1349	0.1323	0.1425	0.1483	0.1442	0.1403	0.1341	0.1363	0.1372		0.108	0.1034	0.115	0.1083	0.1076	0.1166	0.1213	0.1123	0.1093	0.109	0.1106	0.1113		
		0.6333	0.1241	0.2443	0.1412	0.1436	0.1322	0.1418	0.1356	0.1421	0.1381	0.1542	0.1399		0.5028	0.1039	0.1641	0.1106	0.1147	0.1056	0.1165	0.1138	0.1157	0.1138	0.115	0.1141		
		0.1644	0.1331	0.1267	0.135	0.154	0.1414	0.1418	0.1384	0.1316	0.1407	0.1396	0.1408		0.1149	0.1093	0.1041	0.1111	0.1139	0.1116	0.1166	0.1126	0.1071	0.1137	0.1133	0.1179		
		0.1461	0.1424	0.1466	0.1408	0.1414	0.1457	0.1511	0.1419	0.148	0.1425	0.1425	0.1383		0.1086	0.1175	0.1226	0.1097	0.1162	0.1209	0.1243	0.1149	0.122	0.1162	0.1173	0.1134		
		0.1899	0.1403	0.1297	0.1377	0.1412	0.1382	0.1453	0.1369	0.1467	0.1425	0.1335	0.1538		0.1146	0.1137	0.1037	0.1086	0.1125	0.1099	0.1166	0.1133	0.1185	0.115	0.1081	0.1167		
		0.1355	0.151	0.1309	0.1317	0.1277	0.1382	0.1527	0.136	0.141	0.1409	0.1375	0.1441		0.1159	0.1271	0.1112	0.1105	0.1076	0.1146	0.1167	0.1132	0.1128	0.115	0.112	0.1191		
		0.1286	0.3541	0.1368	0.1372	0.1308	0.1395	0.1352	0.1726	0.1477	0.1446	0.1328	0.1418		0.1114	0.3207	0.1155	0.1121	0.1109	0.1183	0.1066	0.1319	0.1133	0.1112	0.1076	0.1179		
		0.1403	0.1518	0.1391	0.1289	0.1317	0.1477	0.1503	0.1361	0.1474	0.1379	0.1333	0.1436		0.1154	0.1167	0.1104	0.1087	0.1114	0.1146	0.112	0.1117	0.1125	0.1114	0.1065	0.113		
		
~End
Copyright © 2003 Molecular Devices. All rights reserved.
