##BLOCKS= 1          
Plate:	Plate#1	1.3	PlateFormat	Endpoint	Absorbance	Raw	FALSE	1						2	490 750	1	12	96	1	8	None	
	Temperature(¡C)	1	2	3	4	5	6	7	8	9	10	11	12		1	2	3	4	5	6	7	8	9	10	11	12		
	22.50	0.1485	0.2195	0.1544	0.1447	0.1565	0.1855	0.1565	0.1712	0.1586	0.1524	0.1483	0.1664		0.1188	0.1337	0.1242	0.1157	0.1257	0.1489	0.1216	0.1265	0.1185	0.1209	0.1145	0.1335		
		0.4725	0.1478	0.3584	0.1438	0.1769	0.1519	0.1558	0.4511	0.1568	0.1537	0.1623	0.3354		0.4014	0.1153	0.2351	0.1166	0.1394	0.1197	0.1241	0.3504	0.1242	0.1229	0.122	0.2417		
		0.1417	0.1586	0.155	0.1366	0.2336	0.1531	0.1703	0.1696	0.1407	0.1927	0.1568	0.1627		0.1218	0.125	0.1224	0.1137	0.1674	0.12	0.1368	0.1341	0.1117	0.1529	0.1239	0.1321		
		0.1541	0.1779	0.1697	0.1442	0.1416	0.1503	0.1577	0.2281	0.1745	0.1652	0.2016	0.1534		0.1143	0.1375	0.1338	0.1112	0.1167	0.1213	0.1215	0.1872	0.1402	0.1317	0.1594	0.1218		
		0.2341	0.1481	0.1739	0.1496	0.1596	0.2675	0.1759	0.1624	0.1583	0.171	0.15	0.2113		0.1456	0.1238	0.14	0.1179	0.1288	0.2132	0.1406	0.1314	0.1269	0.1362	0.1222	0.1608		
		0.2004	0.2227	0.1913	0.2066	0.2688	0.2075	0.1795	0.1969	0.1506	0.1503	0.162	0.1603		0.1743	0.1793	0.1511	0.1635	0.2076	0.1642	0.1395	0.155	0.1195	0.1188	0.1296	0.1263		
		0.1468	0.268	0.1998	0.1495	0.1414	0.2395	0.1425	0.1575	0.1333	0.153	0.2445	0.1646		0.1182	0.2399	0.1598	0.121	0.1145	0.1851	0.1173	0.1257	0.1087	0.1257	0.1882	0.1292		
		0.1763	0.1504	0.1447	0.1559	0.1852	0.1397	0.1363	0.1386	0.1545	0.1849	0.1336	0.1483		0.1335	0.1178	0.1185	0.1245	0.1481	0.1124	0.1135	0.11	0.1239	0.1568	0.1098	0.118		
		
~End
Copyright © 2003 Molecular Devices. All rights reserved.
