##BLOCKS= 1          
Plate:	Plate#1	1.3	PlateFormat	Endpoint	Absorbance	Raw	FALSE	1						2	490 750	1	12	96	1	8	None	
	Temperature(¡C)	1	2	3	4	5	6	7	8	9	10	11	12		1	2	3	4	5	6	7	8	9	10	11	12		
	21.80	0.1637	0.187	0.1727	0.1577	0.1511	0.16	0.1611	0.1697	0.1738	0.1577	0.1709	0.1525		0.1307	0.1283	0.146	0.1297	0.1263	0.1328	0.1321	0.1277	0.131	0.1299	0.1329	0.1264		
		0.4558	0.1371	0.3705	0.1572	0.1687	0.1842	0.1725	0.1403	0.1563	0.152	0.1675	0.1596		0.3487	0.1134	0.2452	0.1283	0.1375	0.1485	0.1412	0.1142	0.1276	0.1266	0.1326	0.1312		
		0.1676	0.1622	0.1704	0.168	0.1794	0.1558	0.1582	0.1787	0.1686	0.1568	0.154	0.1499		0.138	0.1312	0.14	0.141	0.1376	0.1297	0.1281	0.1461	0.1368	0.1296	0.1293	0.1258		
		0.1556	0.1566	0.1517	0.1873	0.1513	0.1613	0.1748	0.1538	0.1581	0.1647	0.1564	0.1514		0.1284	0.1274	0.1274	0.159	0.1297	0.1372	0.1519	0.1291	0.1283	0.136	0.1338	0.1304		
		0.226	0.1555	0.1491	0.1503	0.1538	0.1471	0.1582	0.1571	0.1491	0.1586	0.1464	0.1913		0.1284	0.1272	0.1233	0.1235	0.1231	0.122	0.1307	0.1288	0.1238	0.1315	0.1218	0.1359		
		0.1689	0.1543	0.1436	0.1658	0.1557	0.1682	0.1614	0.1569	0.1554	0.1564	0.1526	0.2325		0.1417	0.1259	0.1203	0.136	0.1293	0.1327	0.1264	0.1267	0.1286	0.1299	0.1263	0.1924		
		0.1674	0.3653	0.1507	0.1508	0.1475	0.1498	0.167	0.1662	0.1576	0.1582	0.1541	0.1601		0.1376	0.3399	0.1266	0.1255	0.1222	0.1247	0.1409	0.1354	0.1308	0.1307	0.1272	0.131		
		0.1622	0.1819	0.9249	0.1472	0.1469	0.1564	0.1578	0.2045	0.1818	0.1506	0.1521	0.1497		0.134	0.1476	0.9201	0.1245	0.1226	0.1285	0.1286	0.1513	0.134	0.1247	0.1246	0.1225		
		
~End
Copyright © 2003 Molecular Devices. All rights reserved.
