##BLOCKS= 1          
Plate:	Plate#1	1.3	PlateFormat	Endpoint	Absorbance	Raw	FALSE	1						2	490 750	1	12	96	1	8	None	
	Temperature(¡C)	1	2	3	4	5	6	7	8	9	10	11	12		1	2	3	4	5	6	7	8	9	10	11	12		
	22.90	0.1259	0.1583	0.1254	0.1423	0.1251	0.13	0.1313	0.1518	0.1475	0.1365	0.1313	0.133		0.0997	0.1143	0.1038	0.115	0.1052	0.108	0.1067	0.1069	0.1039	0.1131	0.1092	0.1094		
		0.5397	0.1292	0.2698	0.1451	0.1374	0.1448	0.135	0.1364	0.1385	0.1285	0.1337	0.1267		0.4644	0.1067	0.1786	0.1196	0.1128	0.1184	0.1123	0.1108	0.1136	0.1083	0.1087	0.1043		
		0.1354	0.1309	0.1472	0.1349	0.1566	0.1387	0.146	0.1366	0.1319	0.1338	0.1326	0.1356		0.1057	0.1078	0.1148	0.11	0.1208	0.1148	0.1111	0.1131	0.1092	0.1124	0.1115	0.1129		
		0.1413	0.1446	0.1241	0.1376	0.1432	0.1362	0.1387	0.1347	0.1296	0.1357	0.122	0.1332		0.1178	0.1215	0.1067	0.1183	0.1215	0.1146	0.1161	0.1121	0.1077	0.1074	0.1057	0.1147		
		0.2094	0.1316	0.1351	0.1382	0.144	0.1336	0.1301	0.148	0.1374	0.1327	0.1277	0.1545		0.1218	0.1069	0.1117	0.1139	0.1131	0.1107	0.1092	0.1194	0.1141	0.1105	0.1066	0.1031		
		0.1331	0.1443	0.1427	0.1458	0.1349	0.1434	0.1391	0.1331	0.128	0.1287	0.1374	0.1304		0.1076	0.1201	0.1183	0.1186	0.1091	0.1169	0.105	0.1073	0.1063	0.106	0.114	0.1084		
		0.1256	0.4786	0.1375	0.1242	0.1375	0.1281	0.133	0.132	0.1314	0.1307	0.1227	0.13		0.1025	0.432	0.1133	0.1038	0.1117	0.1041	0.1099	0.1088	0.1069	0.1075	0.1007	0.1091		
		0.1329	0.1258	0.1341	0.1385	0.1346	0.1235	0.12	0.1753	0.1257	0.1336	0.1287	0.1239		0.1058	0.1059	0.1083	0.1142	0.11	0.1028	0.0997	0.1286	0.1046	0.1119	0.1081	0.1022		
		
~End
Copyright © 2003 Molecular Devices. All rights reserved.
