##BLOCKS= 1          
Plate:	Plate#1	1.3	PlateFormat	Endpoint	Absorbance	Raw	FALSE	1						2	490 750	1	12	96	1	8	None	
	Temperature(¡C)	1	2	3	4	5	6	7	8	9	10	11	12		1	2	3	4	5	6	7	8	9	10	11	12		
	22.80	0.122	0.1634	0.1378	0.1411	0.1464	0.1469	0.1463	0.162	0.1463	0.1384	0.127	0.1384		0.0977	0.1164	0.1141	0.1158	0.1211	0.1209	0.1214	0.1137	0.1036	0.1129	0.1048	0.1143		
		0.584	0.1442	0.2283	0.1402	0.1377	0.1336	0.1266	0.1329	0.1361	0.1392	0.1433	0.1415		0.4826	0.1157	0.1588	0.1157	0.1131	0.1093	0.1055	0.1087	0.1114	0.1166	0.1136	0.1183		
		0.1343	0.1408	0.1452	0.1353	0.1401	0.1293	0.1374	0.1623	0.1351	0.1468	0.1284	0.1405		0.1111	0.1165	0.1141	0.1091	0.1086	0.1068	0.1062	0.1374	0.1118	0.1244	0.107	0.116		
		0.1298	0.138	0.1375	0.1547	0.1316	0.1301	0.1374	0.14	0.1342	0.1334	0.1298	0.1269		0.1118	0.1168	0.1148	0.1268	0.1093	0.1115	0.1121	0.1152	0.1077	0.1068	0.1046	0.107		
		0.1985	0.1268	0.1269	0.1306	0.1359	0.1481	0.1387	0.1401	0.1313	0.1367	0.1342	0.1584		0.1126	0.1055	0.1041	0.1066	0.1066	0.1222	0.1151	0.1121	0.1086	0.1128	0.1122	0.1072		
		0.1324	0.1388	0.1413	0.1429	0.1509	0.1357	0.1549	0.1361	0.1363	0.1301	0.1384	0.1347		0.1126	0.1191	0.1175	0.116	0.1218	0.1107	0.1156	0.1107	0.112	0.1066	0.1142	0.1122		
		0.1191	0.4293	0.1299	0.142	0.134	0.1354	0.1367	0.13	0.1324	0.132	0.1369	0.1305		0.1046	0.3828	0.107	0.1182	0.1078	0.1112	0.1128	0.1064	0.1098	0.1085	0.1133	0.1083		
		0.137	0.1369	0.8028	0.1338	0.13	0.1311	0.1353	0.1353	0.1399	0.1581	0.1487	0.1235		0.1133	0.1138	0.7874	0.1091	0.1052	0.1079	0.1114	0.105	0.1177	0.1354	0.1238	0.1026		
		
~End
Copyright © 2003 Molecular Devices. All rights reserved.
