##BLOCKS= 1          
Plate:	Plate#1	1.3	PlateFormat	Endpoint	Absorbance	Raw	FALSE	1						2	490 750	1	12	96	1	8	None	
	Temperature(¡C)	1	2	3	4	5	6	7	8	9	10	11	12		1	2	3	4	5	6	7	8	9	10	11	12		
	22.60	0.1215	0.1446	0.1154	0.1199	0.1143	0.1225	0.1249	0.144	0.1423	0.1215	0.1193	0.1212		0.0966	0.0972	0.0965	0.099	0.0964	0.1004	0.102	0.1001	0.0993	0.0993	0.0985	0.0998		
		0.4491	0.1197	0.2675	0.1281	0.1217	0.1192	0.1212	0.1304	0.1177	0.1217	0.12	0.1195		0.3681	0.0996	0.1723	0.1055	0.1005	0.097	0.1015	0.106	0.0967	0.1007	0.0966	0.0989		
		0.1202	0.1191	0.1238	0.1257	0.1313	0.1245	0.1359	0.1246	0.1296	0.1244	0.1141	0.1206		0.0955	0.0988	0.1004	0.1016	0.102	0.1027	0.1034	0.104	0.1068	0.1035	0.0966	0.1006		
		0.1175	0.1192	0.1179	0.1286	0.1186	0.1191	0.1186	0.1145	0.1221	0.1201	0.1196	0.1213		0.1025	0.0991	0.0996	0.106	0.1027	0.1016	0.1001	0.0976	0.1003	0.0996	0.1033	0.1027		
		0.1788	0.1273	0.1224	0.1199	0.1239	0.1238	0.1344	0.1289	0.1175	0.1323	0.1218	0.1502		0.0988	0.1027	0.1007	0.0989	0.0989	0.1012	0.1089	0.1038	0.0976	0.1089	0.1013	0.1018		
		0.1207	0.1241	0.123	0.1304	0.1211	0.1241	0.1323	0.123	0.1212	0.1247	0.1291	0.1163		0.0995	0.1046	0.1025	0.1045	0.0995	0.102	0.0992	0.1006	0.0994	0.1018	0.1057	0.0991		
		0.1109	0.3227	0.1153	0.1245	0.1208	0.1269	0.1229	0.1289	0.1205	0.1271	0.1209	0.1215		0.0933	0.2947	0.0961	0.1021	0.0973	0.1037	0.1007	0.1051	0.0986	0.1024	0.1003	0.1011		
		0.1209	0.1261	0.1294	0.1228	0.1229	0.1163	0.13	0.1432	0.1338	0.1192	0.1186	0.1169		0.1014	0.1035	0.1018	0.0989	0.1005	0.0963	0.1041	0.1008	0.107	0.0998	0.0989	0.0979		
		
~End
Copyright © 2003 Molecular Devices. All rights reserved.
