##BLOCKS= 1          
Plate:	Plate#1	1.3	PlateFormat	Endpoint	Absorbance	Raw	FALSE	1						2	490 750	1	12	96	1	8	None	
	Temperature(¡C)	1	2	3	4	5	6	7	8	9	10	11	12		1	2	3	4	5	6	7	8	9	10	11	12		
	22.60	0.1163	0.146	0.1196	0.1221	0.1184	0.1205	0.1301	0.1411	0.1423	0.1224	0.1193	0.1154		0.0981	0.0987	0.1	0.1	0.0996	0.1	0.1042	0.0988	0.1001	0.1004	0.0992	0.0955		
		0.6151	0.1297	0.2747	0.121	0.1279	0.1219	0.1279	0.126	0.1203	0.1205	0.1277	0.1214		0.5276	0.1051	0.1883	0.0988	0.1048	0.0985	0.106	0.103	0.0994	0.101	0.1011	0.098		
		0.1163	0.1237	0.1209	0.1278	0.1336	0.1171	0.1299	0.1201	0.1152	0.1251	0.1164	0.1234		0.0966	0.1013	0.0983	0.1	0.1045	0.0978	0.0987	0.0993	0.0962	0.1024	0.0988	0.1027		
		0.1256	0.1244	0.1197	0.1208	0.1188	0.1233	0.1373	0.1202	0.1485	0.1166	0.1237	0.1151		0.1011	0.1011	0.1028	0.0984	0.099	0.099	0.1114	0.0996	0.1174	0.0935	0.1044	0.0972		
		0.1721	0.1199	0.1292	0.1235	0.1217	0.1235	0.1246	0.1379	0.1333	0.1211	0.1247	0.1438		0.1012	0.099	0.1048	0.1002	0.0968	0.1021	0.1029	0.1075	0.1056	0.1012	0.1025	0.0986		
		0.1241	0.1287	0.1296	0.1311	0.1294	0.1226	0.1356	0.128	0.1264	0.1241	0.1184	0.1212		0.103	0.1061	0.1086	0.1049	0.1039	0.1011	0.1013	0.1039	0.1027	0.1021	0.099	0.1012		
		0.1168	0.438	0.1261	0.1214	0.1222	0.1223	0.1263	0.1298	0.1261	0.1268	0.111	0.1177		0.1003	0.388	0.103	0.1001	0.0983	0.099	0.1029	0.1048	0.1019	0.1007	0.094	0.0984		
		0.1204	0.13	0.3017	0.1235	0.1218	0.1201	0.1179	0.1485	0.1192	0.2857	0.1172	0.119		0.102	0.1064	0.2707	0.1011	0.0993	0.0988	0.0987	0.1048	0.0981	0.2626	0.0987	0.1003		
		
~End
Copyright © 2003 Molecular Devices. All rights reserved.
