##BLOCKS= 1          
Plate:	Plate#1	1.3	PlateFormat	Endpoint	Absorbance	Raw	FALSE	1						2	490 750	1	12	96	1	8	None	
	Temperature(¡C)	1	2	3	4	5	6	7	8	9	10	11	12		1	2	3	4	5	6	7	8	9	10	11	12		
	22.60	0.1255	0.1455	0.1248	0.1333	0.1247	0.1219	0.1198	0.1431	0.1471	0.1192	0.1221	0.1197		0.1058	0.0971	0.1025	0.1116	0.104	0.1013	0.0989	0.1014	0.1042	0.0985	0.1008	0.0989		
		0.4502	0.1325	0.2852	0.121	0.1306	0.1205	0.1235	0.1314	0.1248	0.1198	0.1207	0.1174		0.4067	0.1095	0.1887	0.0995	0.1074	0.098	0.1025	0.1061	0.1019	0.1002	0.0972	0.0978		
		0.1255	0.1251	0.1258	0.1355	0.1376	0.1256	0.133	0.1308	0.1174	0.1215	0.1237	0.1266		0.0959	0.1054	0.1016	0.1051	0.1066	0.1034	0.1012	0.1107	0.0972	0.1012	0.1033	0.1048		
		0.1168	0.1191	0.1222	0.1197	0.126	0.1297	0.1325	0.1328	0.1215	0.1206	0.1153	0.1185		0.1001	0.1004	0.1057	0.1012	0.1068	0.1074	0.1051	0.1119	0.1025	0.0992	0.099	0.1013		
		0.1782	0.1298	0.1196	0.1176	0.1311	0.1204	0.1175	0.1279	0.1206	0.1284	0.1192	0.1568		0.0985	0.1071	0.098	0.0965	0.1033	0.0989	0.0979	0.1021	0.0994	0.1066	0.1	0.1073		
		0.1268	0.1277	0.1172	0.1285	0.1244	0.14	0.1399	0.1369	0.1258	0.1311	0.1238	0.1215		0.106	0.1046	0.0986	0.1034	0.1016	0.1111	0.1022	0.1115	0.1023	0.106	0.1012	0.102		
		0.1348	0.3716	0.122	0.1244	0.1231	0.1249	0.112	0.158	0.1223	0.1239	0.1212	0.1176		0.1273	0.3448	0.1008	0.1026	0.0993	0.1011	0.094	0.1256	0.0989	0.0995	0.1007	0.0996		
		0.1382	0.1219	0.1466	0.1274	0.1252	0.1176	0.1201	0.1468	0.1229	0.1231	0.1221	0.1182		0.1211	0.1021	0.118	0.1021	0.1011	0.097	0.0985	0.1046	0.1003	0.1034	0.1018	0.0984		
		
~End
Copyright © 2003 Molecular Devices. All rights reserved.
