##BLOCKS= 1          
Plate:	Plate#1	1.3	PlateFormat	Endpoint	Absorbance	Raw	FALSE	1						2	490 750	1	12	96	1	8	None	
	Temperature(¡C)	1	2	3	4	5	6	7	8	9	10	11	12		1	2	3	4	5	6	7	8	9	10	11	12		
	23.10	0.1984	0.8053	0.2212	0.7427	0.2238	0.3945	0.7529	0.2073	0.2812	0.1989	0.5617	1.0224		0.1416	0.3571	0.1513	0.3627	0.1487	0.2514	0.4497	0.142	0.1771	0.1497	0.3048	0.6861		
		0.5084	0.211	1.2328	0.3589	0.2842	0.1786	0.3475	0.324	0.7413	0.3565	0.1582	0.7039		0.3909	0.1512	0.7106	0.2331	0.178	0.1185	0.2212	0.244	0.4407	0.2276	0.1113	0.43		
		0.1724	0.2118	0.2664	0.2757	0.5794	0.2535	0.3475	0.4225	0.1952	0.4766	0.1896	0.6082		0.1243	0.1569	0.1821	0.1688	0.3096	0.1671	0.233	0.275	0.1307	0.3055	0.1327	0.377		
		0.8272	0.4045	0.9737	0.6073	0.2778	0.3167	0.279	0.2103	0.6248	0.3071	0.5931	0.9056		0.4746	0.2346	0.4872	0.3066	0.1758	0.2092	0.1761	0.1367	0.3591	0.2032	0.3416	0.3875		
		0.2619	0.7561	0.6344	0.4506	0.264	0.1699	1.2485	0.2035	0.7902	1.1572	0.2591	0.5003		0.1655	0.4738	0.3587	0.2949	0.1902	0.1148	0.6406	0.1498	0.464	0.6388	0.1667	0.3266		
		0.3503	0.6835	0.5039	1.0747	0.7782	0.6495	0.1809	0.253	0.1855	0.1953	0.1764	1.0382		0.2528	0.4087	0.262	0.493	0.4243	0.3531	0.1308	0.1698	0.1354	0.1412	0.1272	0.4405		
		0.4608	0.2254	0.3123	0.3736	0.1467	1.5118	0.1735	0.1745	0.166	0.1424	0.2267	0.1992		0.2217	0.1823	0.2027	0.2377	0.1146	0.4406	0.1304	0.1259	0.1253	0.1069	0.15	0.1374		
		0.2037	0.2216	0.1373	0.2517	0.1853	0.2237	0.2046	0.1545	0.1403	0.1541	0.1848	0.1963		0.1402	0.1615	0.105	0.1711	0.1404	0.1574	0.1475	0.1192	0.1031	0.1156	0.1264	0.1324		
		
~End
Copyright © 2003 Molecular Devices. All rights reserved.
