##BLOCKS= 1          
Plate:	Plate#1	1.3	PlateFormat	Endpoint	Absorbance	Raw	FALSE	1						2	490 750	1	12	96	1	8	None	
	Temperature(¡C)	1	2	3	4	5	6	7	8	9	10	11	12		1	2	3	4	5	6	7	8	9	10	11	12		
	23.10	0.2763	0.957	0.2685	0.5982	0.295	0.2674	0.5338	0.3697	0.4727	0.3486	0.5308	0.8803		0.1978	0.6433	0.2006	0.4529	0.2221	0.1964	0.3677	0.2582	0.3428	0.2582	0.3456	0.6908		
		0.6606	0.2558	1.0839	0.3012	0.4664	0.3031	0.4481	0.395	0.7104	0.2744	0.414	0.8585		0.5256	0.1893	0.8457	0.2197	0.3274	0.2179	0.3347	0.2991	0.5527	0.1992	0.3036	0.6715		
		0.6315	0.2498	0.3569	0.4356	0.5313	0.4784	0.4598	0.4718	0.4023	0.2716	0.3744	0.4956		0.454	0.1885	0.2467	0.3423	0.3825	0.3453	0.3171	0.3394	0.287	0.1992	0.2696	0.364		
		0.7094	0.9275	0.3031	0.4915	0.277	0.3378	0.2664	0.5726	0.2557	0.3308	0.4663	0.4317		0.5472	0.7303	0.225	0.354	0.2045	0.252	0.1951	0.4293	0.1864	0.2303	0.3319	0.3079		
		0.6867	0.5228	0.2934	0.3254	0.285	0.357	0.9772	0.2741	0.7609	0.2698	0.2607	0.5594		0.4436	0.374	0.218	0.2393	0.2221	0.2498	0.7573	0.203	0.5847	0.1922	0.1859	0.4035		
		0.3751	0.6539	0.4729	0.439	0.3141	0.3396	0.7024	0.2995	0.308	0.3392	0.4981	0.65		0.2729	0.5117	0.3392	0.3381	0.2354	0.2465	0.4561	0.2243	0.2283	0.2513	0.34	0.4644		
		0.3214	0.446	0.4138	0.5139	0.2607	0.3001	0.3726	0.7065	0.3886	0.3668	0.3119	0.637		0.2267	0.3755	0.3143	0.3478	0.2104	0.2291	0.2641	0.4888	0.2755	0.2715	0.2272	0.4616		
		0.3363	0.4784	0.531	0.5172	0.5001	0.3613	0.3104	0.2411	0.2866	0.246	0.2279	0.2609		0.233	0.3368	0.3654	0.3723	0.3718	0.2661	0.221	0.1732	0.2062	0.1804	0.1676	0.1836		
		
~End
Copyright © 2003 Molecular Devices. All rights reserved.
