##BLOCKS= 1          
Plate:	Plate#1	1.3	PlateFormat	Endpoint	Absorbance	Raw	FALSE	1						2	490 750	1	12	96	1	8	None	
	Temperature(¡C)	1	2	3	4	5	6	7	8	9	10	11	12		1	2	3	4	5	6	7	8	9	10	11	12		
	23.10	0.2825	1.0705	0.2461	0.5672	0.2621	0.3043	0.6114	0.3972	0.4457	0.3938	0.6035	0.7489		0.1913	0.7467	0.1789	0.4246	0.1942	0.2204	0.4259	0.2766	0.312	0.2913	0.4087	0.5625		
		0.5895	0.2216	1.1364	0.3008	0.3701	0.3243	0.4306	0.4003	0.6843	0.2975	0.4452	0.7802		0.4606	0.1659	0.9097	0.2169	0.2569	0.2325	0.3168	0.3019	0.5239	0.2158	0.3309	0.6006		
		0.5908	0.2265	0.3714	0.5236	0.5195	0.436	0.4962	0.4304	0.3954	0.2867	0.3888	0.4523		0.4151	0.1697	0.2588	0.4163	0.3735	0.3094	0.3483	0.3112	0.2797	0.2098	0.2819	0.3328		
		0.5567	0.8278	0.2718	0.6176	0.2936	0.3554	0.2999	0.5451	0.2519	0.3244	0.4954	0.5136		0.4215	0.6451	0.1969	0.4457	0.217	0.2643	0.2214	0.4081	0.1843	0.2297	0.351	0.3653		
		0.6552	0.5985	0.2872	0.3875	0.2408	0.3862	0.8957	0.2669	0.8193	0.3143	0.3025	0.5632		0.4405	0.4326	0.2105	0.2837	0.1866	0.268	0.6938	0.1972	0.6285	0.2264	0.2169	0.4059		
		0.3316	0.658	0.4147	0.4232	0.3218	0.4168	0.5618	0.2645	0.2882	0.444	0.4934	0.4829		0.2481	0.5114	0.2945	0.3155	0.2344	0.3019	0.3588	0.196	0.2113	0.3329	0.3285	0.3382		
		0.3593	0.5214	0.4484	0.5463	0.3333	0.3014	0.3404	0.7783	0.408	0.3748	0.3156	0.5935		0.2513	0.4378	0.3334	0.3809	0.2705	0.2322	0.2364	0.5403	0.2944	0.2726	0.2315	0.4238		
		0.357	0.4695	0.4576	0.4672	0.5071	0.3126	0.3337	0.2558	0.26	0.2404	0.2263	0.2609		0.2669	0.3221	0.3116	0.3347	0.3669	0.2202	0.2398	0.1832	0.1876	0.1797	0.1653	0.188		
		
~End
Copyright © 2003 Molecular Devices. All rights reserved.
