##BLOCKS= 1          
Plate:	Plate#1	1.3	PlateFormat	Endpoint	Absorbance	Raw	FALSE	1						2	490 750	1	12	96	1	8	None	
	Temperature(¡C)	1	2	3	4	5	6	7	8	9	10	11	12		1	2	3	4	5	6	7	8	9	10	11	12		
	23.10	0.2536	0.9056	0.2405	0.581	0.2502	0.2852	0.593	0.3289	0.368	0.3555	0.6479	0.8853		0.1882	0.6058	0.1756	0.4338	0.1859	0.2062	0.4161	0.2284	0.2568	0.2613	0.4403	0.6952		
		0.5638	0.2521	1.142	0.273	0.4367	0.3381	0.464	0.3934	0.6795	0.2527	0.4639	0.7718		0.4538	0.1903	0.9123	0.1942	0.3138	0.241	0.3378	0.3	0.5216	0.1844	0.3529	0.5957		
		0.5038	0.237	0.3704	0.565	0.4902	0.4591	0.3962	0.4521	0.3617	0.3275	0.4963	0.5025		0.3616	0.1802	0.2574	0.4463	0.3512	0.3275	0.2754	0.3267	0.2542	0.2545	0.3564	0.3701		
		0.5082	0.7832	0.2729	0.5666	0.2945	0.2827	0.2987	0.5913	0.2746	0.3262	0.5016	0.509		0.3586	0.5961	0.1994	0.4038	0.2148	0.2056	0.2144	0.446	0.1944	0.2265	0.3478	0.3642		
		0.6636	0.5692	0.2938	0.3099	0.2348	0.3854	0.9847	0.2474	0.6955	0.2901	0.3056	0.5177		0.4608	0.4017	0.2171	0.2268	0.1825	0.2676	0.773	0.1822	0.5277	0.208	0.2215	0.373		
		0.2974	0.5661	0.552	0.3967	0.3952	0.378	0.6667	0.2602	0.2643	0.3798	0.538	0.4736		0.2397	0.4427	0.4032	0.2996	0.2894	0.2724	0.4389	0.1925	0.1908	0.2869	0.3625	0.3276		
		0.3923	0.5563	0.3823	0.6131	0.3527	0.273	0.3354	0.7183	0.4081	0.41	0.2837	0.6208		0.2967	0.4756	0.285	0.4406	0.2829	0.2047	0.2349	0.5084	0.2912	0.301	0.2071	0.4483		
		0.3385	0.4574	0.4418	0.5466	0.5997	0.3591	0.324	0.2071	0.2328	0.3802	0.248	0.288		0.2489	0.3189	0.3074	0.3952	0.4469	0.2525	0.2361	0.152	0.1714	0.2925	0.1811	0.2034		
		
~End
Copyright © 2003 Molecular Devices. All rights reserved.
