##BLOCKS= 1          
Plate:	Plate#1	1.3	PlateFormat	Endpoint	Absorbance	Raw	FALSE	1						2	490 750	1	12	96	1	8	None	
	Temperature(¡C)	1	2	3	4	5	6	7	8	9	10	11	12		1	2	3	4	5	6	7	8	9	10	11	12		
	23.10	0.3076	1.1345	0.29	1.4998	0.2459	0.9436	0.3835	0.3594	1.0438	0.4832	1.4872	1.7591		0.24	0.7374	0.2122	0.9293	0.1884	0.6312	0.226	0.2548	0.7071	0.3541	0.7257	1.3042		
		0.4848	0.2422	2.0073	0.2808	1.8499	0.3068	1.2729	1.0136	2.1307	0.2877	0.9775	2.0237		0.3332	0.1799	1.3076	0.191	1.395	0.2233	0.8587	0.7155	1.3986	0.2014	0.6799	1.2465		
		0.2712	0.1752	0.3997	0.4954	1.4108	1.0145	2.3966	0.3183	0.3149	1.7373	1.9046	1.9408		0.1926	0.1393	0.2545	0.3608	0.9985	0.5912	0.9925	0.2288	0.2202	1.3565	1.2918	1.2588		
		1.5313	2.2857	1.9408	2.0534	0.3269	0.8906	1.1434	1.7224	1.7347	0.5546	1.9707	0.8398		1.1068	1.3251	1.355	1.352	0.249	0.6773	0.8289	1.2921	1.3351	0.345	1.2482	0.5652		
		0.7754	1.218	0.2781	1.732	1.1246	1.5407	2.2898	0.3805	2.2709	1.9987	0.2829	1.6136		0.5038	0.7693	0.1973	1.3409	0.8454	1.2143	1.3538	0.2698	1.3132	1.3302	0.1945	1.2004		
		1.3947	0.8923	0.9715	0.795	1.2174	0.705	0.6413	0.3422	0.3567	0.6164	0.9201	1.7071		0.8015	0.5859	0.6008	0.5412	0.7828	0.4497	0.3936	0.2301	0.2541	0.3888	0.4994	0.8748		
		0.9141	0.8625	0.644	0.7274	0.963	0.6296	0.4009	0.7878	0.5007	0.9982	0.8134	1.1652		0.5589	0.668	0.4893	0.4919	0.683	0.4314	0.2691	0.4394	0.3097	0.5086	0.4967	0.6445		
		0.2938	0.722	0.3943	0.4554	0.6837	0.7969	0.2521	0.2254	0.7393	0.2355	0.2669	0.2654		0.1947	0.49	0.2507	0.3313	0.4708	0.4594	0.1591	0.17	0.3837	0.1723	0.1837	0.1876		
		
~End
Copyright © 2003 Molecular Devices. All rights reserved.
