##BLOCKS= 1          
Plate:	Plate#1	1.3	PlateFormat	Endpoint	Absorbance	Raw	FALSE	1						2	490 750	1	12	96	1	8	None	
	Temperature(¡C)	1	2	3	4	5	6	7	8	9	10	11	12		1	2	3	4	5	6	7	8	9	10	11	12		
	23.10	0.2396	1.0789	0.2675	1.3945	0.3148	1.0369	0.413	0.3429	1.0718	0.2863	1.6799	1.7834		0.1815	0.6775	0.2036	0.8922	0.2221	0.6865	0.246	0.2445	0.737	0.2176	0.7957	1.3112		
		0.5122	0.2453	1.999	0.2997	1.7702	0.3463	1.2775	1.0502	1.9209	0.2649	0.7969	2.1823		0.4126	0.1845	1.3414	0.2114	1.3289	0.2382	0.8668	0.738	1.4088	0.1955	0.5459	1.3099		
		0.2913	0.1657	0.6543	0.4225	1.2988	1.0143	2.0479	0.3371	0.2576	1.8082	2.0381	2.0091		0.2148	0.1293	0.3931	0.3188	0.9184	0.627	0.8243	0.2424	0.1887	1.4011	1.3789	1.3011		
		1.4322	2.4423	2.3076	2.2633	0.3407	0.9399	1.314	1.6054	1.7366	0.5006	2.3103	0.9366		1.0644	1.3977	1.4516	1.4358	0.2358	0.6788	0.9502	1.2456	1.3273	0.3648	1.3785	0.6278		
		0.734	1.1183	0.3437	1.7829	1.1114	1.6259	2.329	0.4699	2.338	2.1643	0.2264	1.5102		0.481	0.6977	0.2692	1.3827	0.8447	1.248	1.3878	0.3282	1.3433	1.439	0.1694	1.1201		
		1.4616	0.9304	1.016	0.821	1.1491	0.841	0.7244	0.3056	0.3818	0.5982	1.3021	1.9159		0.8709	0.6086	0.6083	0.5668	0.7508	0.5418	0.4715	0.2094	0.2725	0.39	0.7107	0.9421		
		0.9154	0.9271	0.5236	0.947	1.1474	0.7184	0.3705	0.842	0.5503	0.9382	0.7597	1.0638		0.5668	0.7248	0.3951	0.6683	0.817	0.5088	0.243	0.5019	0.3396	0.4775	0.4612	0.5765		
		0.3855	0.6427	0.3938	0.666	0.8837	0.6735	0.2923	0.2012	0.859	0.2516	0.1764	0.2744		0.2804	0.4403	0.281	0.4806	0.6276	0.3814	0.184	0.1505	0.4504	0.1916	0.1375	0.1919		
		
~End
Copyright © 2003 Molecular Devices. All rights reserved.
