##BLOCKS= 1          
Plate:	Plate#1	1.3	PlateFormat	Endpoint	Absorbance	Raw	FALSE	1						2	490 750	1	12	96	1	8	None	
	Temperature(¡C)	1	2	3	4	5	6	7	8	9	10	11	12		1	2	3	4	5	6	7	8	9	10	11	12		
	23.10	1.0119	2.5348	1.1661	1.6387	0.5379	1.3043	1.5147	0.6843	1.1884	1.1054	2.1321	2.0638		0.2184	0.8134	0.2537	0.6028	0.1595	0.3176	0.3622	0.2739	0.6964	0.2681	0.815	0.7695		
		0.5054	0.3536	2.2712	1.611	1.435	0.6813	1.8732	1.1067	1.4932	0.6726	1.0301	2.7592		0.3956	0.1928	1.0941	0.4972	0.5331	0.2029	0.7825	0.8536	0.581	0.2184	0.2782	1.0127		
		0.9116	0.178	0.8294	0.996	2.4599	1.3848	1.683	1.6647	1.1959	2.3468	1.636	2.5071		0.3064	0.1206	0.2227	0.3409	0.8775	0.3715	0.6588	0.6761	0.3128	0.7119	0.4177	0.8439		
		1.9345	2.6764	2.7623	2.3381	1.2131	2.1408	2.0233	2.4321	2.327	0.8721	2.4566	1.1456		0.6509	0.9601	0.9009	0.8878	0.2668	0.7586	0.4067	0.8607	0.7268	0.2354	0.7609	0.3838		
		0.4753	1.894	1.4582	2.3668	1.0902	1.8036	2.7599	1.2787	2.8655	2.1091	1.9301	2.1166		0.26	0.6557	0.4749	0.8276	0.2999	0.5706	1.0016	0.3404	0.9443	0.9764	0.4094	0.672		
		0.4997	0.5768	2.8248	0.5649	0.2198	0.6604	1.6843	0.2706	0.2996	0.5021	2.1456	1.8473		0.3522	0.4135	0.6907	0.3918	0.163	0.3098	0.4504	0.206	0.1553	0.2633	0.5349	0.4873		
		1.3027	0.5972	0.6535	2.4572	0.4696	1.2331	0.4679	1.0904	1.1119	1.5145	0.295	0.6778		0.507	0.475	0.4718	0.7587	0.3396	0.6994	0.1636	0.3392	0.333	0.4275	0.2108	0.5093		
		0.501	1.1587	0.7717	0.333	0.2939	0.9962	0.7587	0.1725	1.137	0.8206	0.9693	0.8024		0.2246	0.3171	0.3662	0.2369	0.2287	0.2585	0.2091	0.1301	0.2783	0.2757	0.2261	0.2259		
		
~End
Copyright © 2003 Molecular Devices. All rights reserved.
