##BLOCKS= 1          
Plate:	Plate#1	1.3	PlateFormat	Endpoint	Absorbance	Raw	FALSE	1						2	490 750	1	12	96	1	8	None	
	Temperature(¡C)	1	2	3	4	5	6	7	8	9	10	11	12		1	2	3	4	5	6	7	8	9	10	11	12		
	23.10	0.6631	2.5394	0.5892	1.2814	0.9774	0.9166	1.6531	0.485	1.0025	1.0507	1.4711	2.9145		0.1782	1.0074	0.1812	0.4342	0.2321	0.2376	0.4605	0.2207	0.5993	0.2576	0.4996	1.1404		
		0.607	0.3544	1.6649	1.9368	2.4129	0.476	1.2153	0.8386	1.7865	0.4359	0.9517	2.6551		0.4461	0.2098	1.0317	0.6131	0.8984	0.1818	0.7108	0.6146	0.7692	0.2026	0.2734	1.0353		
		0.7403	0.2292	1.0258	1.0879	2.2732	1.7589	1.9714	1.7568	0.9675	1.6247	1.3507	2.9151		0.2417	0.1422	0.3384	0.4505	0.8314	0.5374	0.8081	0.8518	0.2654	0.6101	0.3787	1.047		
		1.659	2.7606	2.4719	2.7851	1.3243	1.8517	1.156	2.1323	2.5192	0.7998	2.4961	1.5702		0.6836	1.1932	0.9037	1.0012	0.309	0.8255	0.255	0.8441	0.8356	0.2611	0.827	0.5562		
		0.5988	2.6286	0.9221	2.5405	1.0252	1.715	2.6882	0.9444	2.9131	2.2767	1.1838	2.5343		0.3504	0.9416	0.3644	0.9453	0.2775	0.5978	0.9841	0.2375	1.2504	0.9321	0.2643	0.8991		
		0.3602	0.7135	2.5871	1.4321	0.236	0.6885	2.0243	0.2927	0.6008	0.6886	1.9619	2.4775		0.2685	0.5121	0.6339	1.0837	0.1773	0.3255	0.5726	0.2221	0.2391	0.4016	0.4835	0.7747		
		0.8776	0.5705	0.6463	2.3093	0.6637	1.1022	1.3852	1.8474	0.9959	1.2218	0.5757	0.5283		0.3996	0.4398	0.4677	0.6487	0.4614	0.5229	0.433	0.5842	0.2953	0.4181	0.3978	0.3447		
		0.6681	0.9667	1.003	0.314	0.2322	0.7296	0.7192	0.2621	1.8562	0.743	1.0307	0.9609		0.2806	0.2789	0.3507	0.2069	0.1821	0.1944	0.2021	0.1558	0.4203	0.2268	0.238	0.257		
		
~End
Copyright © 2003 Molecular Devices. All rights reserved.
