##BLOCKS= 1          
Plate:	Plate#1	1.3	PlateFormat	Endpoint	Absorbance	Raw	FALSE	1						2	490 750	1	12	96	1	8	None	
	Temperature(¡C)	1	2	3	4	5	6	7	8	9	10	11	12		1	2	3	4	5	6	7	8	9	10	11	12		
	23.10	0.2679	0.6726	0.3506	1.0068	0.2527	0.4102	0.5472	0.3792	0.5972	0.6854	0.7385	1.0025		0.1879	0.4342	0.2297	0.6262	0.1622	0.2529	0.1985	0.2581	0.4181	0.3992	0.3269	0.6941		
		0.4674	0.3755	1.2445	0.6765	0.8958	0.2866	0.6596	0.6915	0.9609	0.3658	0.4834	0.9391		0.3691	0.2615	0.9544	0.4769	0.614	0.1922	0.4749	0.5042	0.7152	0.2509	0.3313	0.6773		
		0.2395	0.2208	0.3681	0.3649	0.9029	0.4906	0.8732	0.8478	0.4932	0.6392	0.3845	1.2417		0.1783	0.146	0.2433	0.236	0.6511	0.3516	0.5621	0.6324	0.3273	0.4571	0.2474	0.9311		
		0.8954	0.9803	0.8807	0.8286	0.308	0.402	0.4176	1.0552	0.5692	0.3879	0.7052	0.5938		0.6308	0.722	0.6531	0.5944	0.2099	0.2831	0.2657	0.7535	0.4063	0.2483	0.5167	0.4304		
		0.447	0.8056	0.2998	0.6983	0.5658	0.86	1.3319	0.3948	1.075	0.7983	0.2702	0.7764		0.2728	0.4454	0.1837	0.4924	0.3819	0.6013	0.9517	0.2588	0.7828	0.5605	0.1764	0.5441		
		0.4304	1.0074	0.5813	0.7672	0.3223	0.4994	0.4607	0.4049	0.3858	0.4573	0.9458	1.0094		0.2927	0.5095	0.3372	0.572	0.2372	0.2933	0.2716	0.2819	0.2663	0.2979	0.4601	0.4946		
		0.8546	0.3006	0.3886	0.8777	0.241	0.8314	0.3876	0.5101	0.2526	0.4294	0.4261	0.5189		0.5239	0.2349	0.2827	0.5219	0.1767	0.489	0.224	0.3	0.1561	0.2684	0.2885	0.3254		
		0.3423	0.5878	0.2408	0.3414	0.4433	0.2831	0.2614	0.2136	0.3108	0.2768	0.2573	0.3078		0.2323	0.4481	0.1677	0.2557	0.313	0.1725	0.1672	0.1439	0.21	0.1713	0.1529	0.174		
		
~End
Copyright © 2003 Molecular Devices. All rights reserved.
