##BLOCKS= 1          
Plate:	Plate#1	1.3	PlateFormat	Endpoint	Absorbance	Raw	FALSE	1						2	490 750	1	12	96	1	8	None	
	Temperature(¡C)	1	2	3	4	5	6	7	8	9	10	11	12		1	2	3	4	5	6	7	8	9	10	11	12		
	23.10	0.2754	0.8836	0.3436	0.9598	0.2594	0.4161	0.5936	0.3091	0.45	0.4611	0.8479	1.1881		0.1667	0.5777	0.2178	0.5987	0.1686	0.2602	0.2318	0.2153	0.3237	0.2654	0.3934	0.8423		
		0.5322	0.3735	1.2616	0.7202	0.8622	0.3779	0.7631	0.5659	0.8843	0.4019	0.5437	0.8931		0.4122	0.2564	0.9739	0.5295	0.6243	0.2525	0.5582	0.4046	0.6364	0.2642	0.3838	0.643		
		0.3296	0.2259	0.3474	0.3017	0.9745	0.3984	0.8869	0.5485	0.5061	0.4726	0.4774	0.9994		0.2283	0.1483	0.2347	0.1977	0.7041	0.2858	0.5665	0.3984	0.3477	0.323	0.3148	0.7518		
		0.6588	0.9139	0.8866	0.8907	0.3354	0.5181	0.3802	0.8	0.6851	0.3972	0.8543	0.7746		0.5393	0.6832	0.6535	0.6643	0.213	0.3604	0.2428	0.5317	0.4917	0.2564	0.6429	0.5401		
		0.4837	0.6376	0.3332	0.7305	0.4797	0.9338	1.3163	0.3141	0.9807	0.9536	0.3802	0.6566		0.2467	0.3566	0.2041	0.5016	0.3323	0.6815	0.9708	0.211	0.6972	0.694	0.2392	0.4548		
		0.4447	0.808	0.9581	0.6111	0.3413	0.4597	0.6102	0.3348	0.2626	0.5573	0.7128	0.9908		0.3037	0.474	0.5637	0.4377	0.244	0.2633	0.3474	0.2319	0.1801	0.3675	0.3549	0.4859		
		0.6354	0.5131	0.4213	0.8233	0.2069	0.6988	0.3611	0.5452	0.3503	0.3285	0.7446	0.5974		0.3537	0.4016	0.3093	0.5037	0.1587	0.396	0.2154	0.3343	0.2138	0.1934	0.5057	0.367		
		0.416	0.3483	0.3617	0.3116	0.3185	0.2769	0.3178	0.2513	0.2526	0.2346	0.2763	0.329		0.2548	0.2483	0.2875	0.2325	0.2225	0.1723	0.1967	0.1799	0.1656	0.1516	0.1573	0.1929		
		
~End
Copyright © 2003 Molecular Devices. All rights reserved.
