##BLOCKS= 1          
Plate:	Plate#1	1.3	PlateFormat	Endpoint	Absorbance	Raw	FALSE	1						2	490 750	1	12	96	1	8	None	
	Temperature(¡C)	1	2	3	4	5	6	7	8	9	10	11	12		1	2	3	4	5	6	7	8	9	10	11	12		
	23.20	0.1372	0.1667	0.1385	0.1441	0.1331	0.1376	0.1386	0.1611	0.18	0.1341	0.1343	0.1587		0.1047	0.1145	0.1124	0.1141	0.1085	0.1106	0.1103	0.1137	0.1325	0.1079	0.1078	0.1283		
		0.3809	0.136	0.3413	0.1391	0.1357	0.139	0.1431	0.1631	0.1426	0.1316	0.1361	0.1306		0.305	0.1109	0.2173	0.1113	0.1085	0.109	0.1153	0.1285	0.1146	0.1077	0.1067	0.1056		
		0.1499	0.1464	0.1449	0.1611	0.1597	0.1442	0.1554	0.1504	0.1295	0.1384	0.1454	0.1344		0.1132	0.1149	0.1117	0.1253	0.1202	0.1153	0.1177	0.1199	0.1048	0.1121	0.1171	0.1091		
		0.1593	0.1558	0.1371	0.1346	0.1399	0.149	0.1351	0.1348	0.1399	0.1671	0.1352	0.1472		0.1233	0.1231	0.1079	0.1091	0.1152	0.1225	0.1102	0.109	0.1132	0.1366	0.1088	0.1176		
		0.2113	0.1323	0.1403	0.1349	0.1401	0.1491	0.1392	0.1399	0.1336	0.141	0.1825	0.1645		0.1249	0.1063	0.1127	0.1073	0.1074	0.1196	0.1125	0.1118	0.1079	0.1137	0.1543	0.1146		
		0.1435	0.1468	0.1385	0.1547	0.1504	0.1632	0.1496	0.1541	0.136	0.1726	0.1348	0.1547		0.1165	0.1186	0.112	0.1208	0.1167	0.1272	0.1099	0.1196	0.1086	0.14	0.1085	0.1239		
		0.1484	0.488	0.1409	0.153	0.1556	0.1444	0.1466	0.1319	0.144	0.1829	0.1402	0.1399		0.1263	0.4104	0.1118	0.12	0.1195	0.1141	0.1161	0.1059	0.1143	0.1468	0.1127	0.113		
		0.1381	0.1475	0.143	0.1405	0.1408	0.1687	0.1571	0.1467	0.1398	0.1481	0.1274	0.1462		0.1101	0.1174	0.1121	0.1112	0.1112	0.1376	0.1259	0.1096	0.1119	0.1202	0.1056	0.1159		
		
~End
Copyright © 2003 Molecular Devices. All rights reserved.
