##BLOCKS= 1          
Plate:	Plate#1	1.3	PlateFormat	Endpoint	Absorbance	Raw	FALSE	1						2	490 750	1	12	96	1	8	None	
	Temperature(¡C)	1	2	3	4	5	6	7	8	9	10	11	12		1	2	3	4	5	6	7	8	9	10	11	12		
	23.10	0.1484	0.1655	0.1734	0.1536	0.1573	0.1415	0.1455	0.1586	0.1693	0.1535	0.1522	0.1575		0.1179	0.1146	0.138	0.1235	0.1262	0.1165	0.1156	0.1122	0.1198	0.1223	0.1228	0.1253		
		0.671	0.2475	0.2935	0.15	0.1456	0.1533	0.1452	0.1733	0.1486	0.1346	0.1509	0.1753		0.5176	0.2193	0.1881	0.1188	0.1158	0.1208	0.118	0.1385	0.1161	0.1109	0.1176	0.1388		
		0.1628	0.1417	0.1521	0.1488	0.1578	0.1461	0.1506	0.1422	0.1396	0.1596	0.1425	0.1638		0.1226	0.1124	0.1152	0.1171	0.1195	0.1186	0.1144	0.1141	0.1115	0.1264	0.1156	0.131		
		0.1361	0.1572	0.1662	0.1557	0.1538	0.1434	0.1378	0.1391	0.1764	0.155	0.1446	0.1399		0.1164	0.1231	0.1312	0.1246	0.1216	0.1178	0.1082	0.1098	0.138	0.1205	0.1152	0.1124		
		0.1966	0.1607	0.162	0.1465	0.1492	0.1879	0.1405	0.139	0.141	0.1614	0.1656	0.1689		0.1141	0.1249	0.1266	0.1152	0.1158	0.1484	0.1131	0.1107	0.1131	0.1313	0.131	0.1185		
		0.192	0.1395	0.1554	0.1587	0.1506	0.1441	0.146	0.1452	0.148	0.1455	0.1794	0.1651		0.1387	0.1123	0.1239	0.1218	0.1167	0.1139	0.1081	0.1135	0.1159	0.1158	0.1436	0.1306		
		0.1383	0.349	0.1654	0.1357	0.1481	0.1655	0.1351	0.1477	0.1765	0.1626	0.1411	0.1474		0.1154	0.3242	0.1288	0.1095	0.1149	0.1289	0.1099	0.1175	0.1369	0.1301	0.1128	0.1177		
		0.1467	0.1433	0.1407	0.1545	0.1654	0.1329	0.1349	0.1597	0.1408	0.1321	0.1683	0.1394		0.1153	0.1134	0.1103	0.1202	0.1276	0.1065	0.109	0.1203	0.1128	0.1079	0.1373	0.1125		
		
~End
Copyright © 2003 Molecular Devices. All rights reserved.
