##BLOCKS= 1          
Plate:	Plate#1	1.3	PlateFormat	Endpoint	Absorbance	Raw	FALSE	1						2	490 750	1	12	96	1	8	None	
	Temperature(¡C)	1	2	3	4	5	6	7	8	9	10	11	12		1	2	3	4	5	6	7	8	9	10	11	12		
	23.10	0.1472	0.1728	0.1505	0.1446	0.1502	0.144	0.148	0.1613	0.1608	0.1525	0.1639	0.1531		0.1203	0.1197	0.1238	0.1144	0.1196	0.1149	0.1147	0.1129	0.1149	0.1206	0.1293	0.1204		
		0.6824	0.1731	0.3555	0.1585	0.1394	0.1487	0.1488	0.1743	0.1571	0.1412	0.148	0.1401		0.5428	0.1401	0.2224	0.1251	0.1101	0.1168	0.1192	0.1362	0.1219	0.1138	0.1164	0.1125		
		0.131	0.1461	0.1481	0.1578	0.169	0.1516	0.1576	0.1345	0.174	0.1424	0.1898	0.1466		0.1072	0.1146	0.1118	0.1238	0.1276	0.1227	0.118	0.1079	0.1413	0.1151	0.1529	0.1175		
		0.1793	0.1724	0.1648	0.1742	0.172	0.1534	0.1637	0.1473	0.1693	0.155	0.1394	0.1415		0.1372	0.1339	0.1284	0.1358	0.1358	0.1276	0.1296	0.1165	0.1316	0.1176	0.109	0.1151		
		0.2481	0.15	0.1495	0.1524	0.1468	0.1577	0.1613	0.1727	0.152	0.1494	0.1839	0.1769		0.1582	0.1184	0.1217	0.1206	0.1135	0.1248	0.1281	0.1333	0.1212	0.1197	0.1482	0.123		
		0.1845	0.1626	0.1641	0.1592	0.166	0.1524	0.1673	0.1929	0.1498	0.1537	0.1456	0.1459		0.15	0.1359	0.131	0.1254	0.1312	0.1206	0.121	0.1522	0.1167	0.1203	0.116	0.1174		
		0.1326	0.4036	0.1563	0.1599	0.1524	0.1486	0.1511	0.1616	0.1456	0.1369	0.1523	0.181		0.1082	0.3713	0.1233	0.1311	0.1192	0.1159	0.1192	0.1265	0.1139	0.1088	0.121	0.1468		
		0.1484	0.1416	0.1585	0.1573	0.1576	0.1481	0.1374	0.165	0.1523	0.1334	0.1481	0.1451		0.1194	0.1136	0.1208	0.1219	0.1219	0.1158	0.1095	0.1227	0.1227	0.1072	0.1206	0.1163		
		
~End
Copyright © 2003 Molecular Devices. All rights reserved.
