##BLOCKS= 1          
Plate:	Plate#1	1.3	PlateFormat	Endpoint	Absorbance	Raw	FALSE	1						2	490 750	1	12	96	1	8	None	
	Temperature(¡C)	1	2	3	4	5	6	7	8	9	10	11	12		1	2	3	4	5	6	7	8	9	10	11	12		
	22.30	0.1284	0.1607	0.1303	0.1293	0.1309	0.1322	0.1334	0.1413	0.1407	0.1311	0.1345	0.1344		0.1029	0.1074	0.1078	0.1059	0.1081	0.1075	0.1064	0.1025	0.1022	0.1069	0.1102	0.1089		
		0.4111	0.1619	0.2799	0.1296	0.1296	0.1233	0.1266	0.1394	0.1322	0.1277	0.1337	0.1289		0.3651	0.1276	0.195	0.1048	0.1056	0.1006	0.1041	0.1166	0.1065	0.1058	0.108	0.1041		
		0.1421	0.1363	0.1296	0.1476	0.1346	0.1373	0.1395	0.1328	0.1218	0.1269	0.1231	0.1419		0.1031	0.1113	0.102	0.1137	0.1033	0.1109	0.1084	0.1085	0.0998	0.104	0.1014	0.1158		
		0.1295	0.132	0.1316	0.1313	0.1345	0.1402	0.1348	0.1314	0.1321	0.1316	0.1306	0.1386		0.1068	0.1086	0.1069	0.1053	0.1093	0.1143	0.1098	0.1034	0.1069	0.1044	0.1098	0.1125		
		0.176	0.1348	0.1297	0.143	0.1404	0.1288	0.1321	0.1405	0.1262	0.1278	0.1405	0.156		0.1	0.1074	0.1047	0.112	0.1081	0.1035	0.1066	0.1121	0.1024	0.1047	0.1138	0.1119		
		0.1348	0.1281	0.1347	0.1305	0.1455	0.1341	0.1481	0.1348	0.1302	0.1378	0.1309	0.1307		0.1146	0.1102	0.1116	0.1075	0.1201	0.1071	0.1076	0.1108	0.1055	0.1105	0.108	0.1091		
		0.1249	0.4417	0.1354	0.1327	0.1291	0.1275	0.1324	0.1313	0.1362	0.1441	0.1376	0.1211		0.1019	0.4111	0.1124	0.1069	0.1055	0.1066	0.105	0.1029	0.1035	0.1106	0.1138	0.101		
		0.1435	0.1388	0.1364	0.1324	0.134	0.1332	0.1298	0.1644	0.14	0.1498	0.135	0.1305		0.1114	0.111	0.1067	0.1083	0.1106	0.1058	0.103	0.1151	0.1122	0.1271	0.1084	0.1045		
		
~End
Copyright © 2003 Molecular Devices. All rights reserved.
