##BLOCKS= 1          
Plate:	Plate#1	1.3	PlateFormat	Endpoint	Absorbance	Raw	FALSE	1						2	490 750	1	12	96	1	8	None	
	Temperature(¡C)	1	2	3	4	5	6	7	8	9	10	11	12		1	2	3	4	5	6	7	8	9	10	11	12		
	23.10	0.2423	0.5591	0.2263	0.6128	0.2106	0.2751	0.5714	0.3824	0.6471	0.3069	2.0441	0.7088		0.1816	0.3579	0.1728	0.4629	0.1639	0.2051	0.198	0.2844	0.4954	0.225	1.0494	0.3946		
		0.5532	0.2656	1.0409	0.3159	0.5515	0.1975	0.4812	0.4857	0.4407	0.2519	0.1593	0.7778		0.4282	0.2021	0.7342	0.2044	0.41	0.1405	0.3532	0.382	0.2901	0.1797	0.1158	0.495		
		0.3404	0.168	0.2796	0.2597	0.7722	0.3974	1.3735	0.3011	0.2868	0.2383	0.401	0.7376		0.2331	0.1272	0.2089	0.1673	0.5249	0.2843	0.4817	0.2331	0.2131	0.1824	0.302	0.543		
		0.5035	0.8246	0.4183	0.3987	0.2714	0.3327	0.2052	0.6866	0.4513	0.2813	0.7097	0.3421		0.3978	0.6014	0.325	0.3075	0.2005	0.2584	0.1529	0.4093	0.343	0.2129	0.5678	0.256		
		0.3894	0.6593	0.291	0.4831	0.2492	0.536	0.6387	0.2754	0.8687	0.4753	0.2747	0.4412		0.25	0.4165	0.2156	0.3857	0.1518	0.4223	0.4502	0.2006	0.5808	0.3788	0.2117	0.3331		
		0.2258	0.3693	0.3641	0.1678	0.1805	0.3845	0.3151	0.1661	0.2203	0.1697	0.3677	0.9755		0.2118	0.2893	0.2719	0.1341	0.1385	0.2884	0.2226	0.1345	0.1725	0.1351	0.2875	0.4289		
		0.556	0.4593	0.1603	0.2204	0.1604	0.1622	0.1958	0.3213	0.2466	0.2356	0.2125	0.5082		0.3695	0.3845	0.1324	0.1707	0.1276	0.1219	0.1435	0.2395	0.1643	0.1707	0.1743	0.4104		
		0.2539	0.214	0.2406	0.1466	0.1523	0.1929	0.218	0.1765	0.1681	0.2339	0.2722	0.2106		0.197	0.1689	0.1515	0.1216	0.1242	0.134	0.1495	0.1399	0.1308	0.1797	0.2115	0.1554		
		
~End
Copyright © 2003 Molecular Devices. All rights reserved.
