##BLOCKS= 1          
Plate:	Plate#1	1.3	PlateFormat	Endpoint	Absorbance	Raw	FALSE	1						2	490 750	1	12	96	1	8	None	
	Temperature(¡C)	1	2	3	4	5	6	7	8	9	10	11	12		1	2	3	4	5	6	7	8	9	10	11	12		
	23.10	0.2974	0.644	0.2529	0.4436	0.2088	0.2637	0.6901	0.2837	0.5458	0.3074	0.448	0.6947		0.2265	0.4013	0.1966	0.3356	0.161	0.1914	0.2279	0.2121	0.413	0.2386	0.1792	0.358		
		0.4381	0.223	1.0268	0.2261	0.672	0.2036	0.5812	0.3204	0.7078	0.214	0.1583	0.6513		0.3744	0.1656	0.6909	0.1616	0.5195	0.1404	0.4246	0.2495	0.4466	0.1567	0.1136	0.4334		
		0.4189	0.1418	0.2821	0.2719	0.6761	0.3904	1.2542	0.2341	0.3948	0.2217	0.3133	0.8236		0.1789	0.1092	0.2147	0.1601	0.4588	0.2631	0.4958	0.1812	0.3016	0.1703	0.2297	0.5867		
		0.6185	0.6668	0.438	0.4719	0.2098	0.2727	0.2137	0.8044	0.4603	0.2507	0.5222	0.4068		0.5016	0.4268	0.3481	0.3663	0.1603	0.2068	0.1617	0.5274	0.3563	0.1875	0.4076	0.3066		
		0.3124	0.8287	0.2575	0.3252	0.2067	0.4692	0.5679	0.2417	0.652	0.5074	0.2567	0.3907		0.1944	0.4748	0.1958	0.2469	0.1335	0.3698	0.39	0.1789	0.46	0.4128	0.1948	0.2818		
		0.1732	0.182	0.3046	0.1767	0.2263	0.3284	0.243	0.1464	0.204	0.1706	0.2336	0.8944		0.1414	0.1496	0.2386	0.1438	0.1797	0.2486	0.1772	0.1208	0.1607	0.138	0.1886	0.3563		
		0.4497	0.3578	0.14	0.2189	0.1414	0.1345	0.1597	0.2552	0.243	0.1884	0.2363	0.3315		0.2832	0.3091	0.1168	0.1711	0.1167	0.1108	0.1217	0.187	0.1643	0.1377	0.1843	0.2601		
		0.2224	0.2029	0.6018	0.1485	0.1371	0.2506	0.1964	0.1803	0.1473	0.201	0.1847	0.2057		0.1719	0.153	0.48	0.1223	0.1139	0.1756	0.1391	0.1429	0.1138	0.1511	0.1419	0.1508		
		
~End
Copyright © 2003 Molecular Devices. All rights reserved.
