##BLOCKS= 1          
Plate:	Plate#1	1.3	PlateFormat	Endpoint	Absorbance	Raw	FALSE	1						2	490 750	1	12	96	1	8	None	
	Temperature(¡C)	1	2	3	4	5	6	7	8	9	10	11	12		1	2	3	4	5	6	7	8	9	10	11	12		
	23.10	1.5163	2.0543	0.9447	1.7568	1.0157	1.5531	0.8238	1.2614	2.2658	0.8276	0.9923	2.3139		0.4391	0.727	0.2587	0.6318	0.2794	0.4131	0.2511	0.4982	0.8217	0.2976	0.4327	0.8534		
		0.5628	0.4849	1.8741	1.4802	2.0417	1.6823	1.5971	0.4125	2.1125	0.902	0.1738	1.9139		0.4211	0.2623	0.7993	0.5611	0.7998	0.4888	0.582	0.291	0.7614	0.3288	0.1183	0.753		
		1.103	0.3535	1.4558	0.9365	1.3386	0.8153	2.5143	1.5263	1.6052	2.3832	1.5561	2.7726		0.5751	0.1945	0.5796	0.4701	0.5726	0.3207	0.7249	0.7369	0.6608	0.8516	0.5833	0.9556		
		1.9817	2.7935	1.8457	2.5425	0.4993	1.3842	0.8628	1.3211	1.9961	1.9878	2.0356	2.041		0.6583	1.1068	0.6109	0.839	0.183	0.574	0.2846	0.4955	0.7129	0.5716	0.8315	0.6284		
		0.6559	1.9506	2.0847	1.6641	0.5119	1.6497	2.7671	1.4026	2.2304	2.5501	2.0203	1.236		0.2967	0.6394	0.736	0.5726	0.1831	0.5662	0.9562	0.3759	0.712	1.0667	0.7287	0.5426		
		0.5402	0.5489	1.9118	0.4579	0.4594	0.9546	0.9238	0.2818	1.1437	0.4906	2.2582	2.5548		0.3629	0.382	0.4378	0.3207	0.3072	0.3793	0.3982	0.2003	0.3711	0.2114	0.6915	0.7708		
		1.4082	0.4925	0.5119	2.1151	0.2716	0.3758	0.6375	1.5358	0.5146	1.3087	0.8018	1.491		0.5144	0.3969	0.3646	0.6751	0.1942	0.2636	0.2466	0.5595	0.2062	0.4859	0.3578	0.5006		
		1.001	0.8502	1.0773	0.7911	0.2583	1.0847	0.8404	0.4893	0.4858	0.7743	1.2099	1.799		0.3467	0.2409	0.383	0.4207	0.1926	0.3141	0.3235	0.2847	0.1748	0.3074	0.4405	0.4557		
		
~End
Copyright © 2003 Molecular Devices. All rights reserved.
