##BLOCKS= 1          
Plate:	Plate#1	1.3	PlateFormat	Endpoint	Absorbance	Raw	FALSE	1						2	490 750	1	12	96	1	8	None	
	Temperature(¡C)	1	2	3	4	5	6	7	8	9	10	11	12		1	2	3	4	5	6	7	8	9	10	11	12		
	23.40	0.2366	0.8518	0.2149	0.8388	0.2221	0.5963	0.2585	0.2709	0.4804	0.1971	0.5322	0.839		0.1868	0.6236	0.1692	0.6279	0.1785	0.4317	0.1991	0.2038	0.3529	0.1584	0.3504	0.6593		
		0.4635	0.1974	1.6204	0.6257	1.3951	0.3037	0.9931	1.1608	0.8691	0.3047	0.6401	1.4395		0.367	0.1565	1.2367	0.485	1.1649	0.2353	0.7644	0.933	0.6833	0.2341	0.4666	1.1089		
		0.1802	0.1316	0.3771	0.2063	0.9817	0.7044	1.473	0.3188	0.2787	1.1113	1.3285	1.6121		0.1331	0.1056	0.286	0.1642	0.7312	0.4885	0.74	0.2483	0.2215	0.8879	1.1078	1.3456		
		0.8507	1.4949	1.4342	0.9688	0.3452	0.5722	0.3499	0.611	1.2474	0.1717	1.3177	0.731		0.6401	1.2497	1.1851	0.7482	0.2714	0.4495	0.2723	0.4752	1.0172	0.137	1.0755	0.5684		
		0.5416	0.3906	0.2284	1.3065	0.2526	0.6691	1.4572	0.2284	0.9657	1.1559	0.2551	1.1297		0.371	0.3062	0.1782	1.0773	0.2024	0.5165	1.1856	0.179	0.7491	0.9182	0.1997	0.8966		
		1.2717	0.6333	0.4898	0.6312	0.6224	0.6376	0.2694	0.3418	0.2923	0.288	0.3319	1.0325		0.8184	0.4537	0.3797	0.4566	0.4381	0.4797	0.2032	0.2648	0.2315	0.2189	0.2624	0.6751		
		0.6823	0.5537	0.4742	0.5443	0.5343	0.5326	0.2614	0.3971	0.2924	0.4001	0.3785	0.7125		0.4667	0.4773	0.3667	0.4189	0.3992	0.4068	0.2069	0.2911	0.2255	0.2934	0.2846	0.5383		
		0.2731	0.3136	0.5451	0.4892	0.3294	0.3622	0.2209	0.1655	0.5384	0.2293	0.2373	0.2215		0.2226	0.2543	0.4925	0.3778	0.2499	0.2726	0.1783	0.1293	0.3765	0.1844	0.1911	0.1764		
		
~End
Copyright © 2003 Molecular Devices. All rights reserved.
