##BLOCKS= 1          
Plate:	Plate#1	1.3	PlateFormat	Endpoint	Absorbance	Raw	FALSE	1						2	490 750	1	12	96	1	8	None	
	Temperature(¡C)	1	2	3	4	5	6	7	8	9	10	11	12		1	2	3	4	5	6	7	8	9	10	11	12		
	23.40	0.2864	0.9763	0.2532	0.7299	0.2575	0.7069	0.2748	0.3061	0.5678	0.2108	0.6022	0.9652		0.2386	0.73	0.2001	0.5336	0.2023	0.5273	0.2145	0.2302	0.435	0.1688	0.3854	0.7707		
		0.7231	0.2011	1.7241	0.4324	1.2269	0.2744	0.9425	1.0719	0.8247	0.2689	0.3025	1.5996		0.5883	0.1586	1.3322	0.3283	0.9986	0.2132	0.7244	0.8505	0.6555	0.2088	0.2362	1.2343		
		0.2296	0.1429	0.5277	0.2193	1.0351	0.5388	1.5394	0.371	0.2553	1.1763	1.2496	1.5579		0.1722	0.1133	0.4138	0.1741	0.7829	0.3763	0.8398	0.2916	0.2007	0.9612	1.0364	1.293		
		1.0034	1.317	1.4571	1.0479	0.3097	0.5732	0.3715	0.6154	1.4222	0.1607	1.2031	0.5678		0.7629	1.0752	1.2096	0.8209	0.2473	0.4512	0.2868	0.4792	1.1873	0.1323	0.9596	0.4349		
		0.3786	0.4248	0.265	1.1238	0.2581	0.6513	1.5354	0.2883	0.8931	1.3361	0.3941	1.0543		0.2653	0.3376	0.2119	0.8993	0.207	0.4993	1.2534	0.2268	0.6996	1.0769	0.3072	0.8266		
		1.2392	0.644	0.3839	0.7121	0.6522	0.3972	0.2624	0.3358	0.2809	0.2561	0.2874	1.0604		0.7156	0.4534	0.2859	0.5118	0.4528	0.2942	0.1985	0.2597	0.2285	0.1921	0.226	0.6844		
		0.7526	0.4855	0.5126	0.4846	0.4121	0.6885	0.23	0.5363	0.2529	0.5047	0.461	0.649		0.5539	0.3901	0.3969	0.3712	0.311	0.5262	0.1783	0.4076	0.197	0.3758	0.3555	0.4978		
		0.2775	0.3661	0.2842	0.5115	0.3309	0.3578	0.1768	0.1898	0.4333	0.2271	0.2477	0.2157		0.2357	0.2909	0.2221	0.397	0.2525	0.2686	0.1414	0.1519	0.2995	0.1805	0.2038	0.1706		
		
~End
Copyright © 2003 Molecular Devices. All rights reserved.
