##BLOCKS= 1          
Plate:	Plate#1	1.3	PlateFormat	Endpoint	Absorbance	Raw	FALSE	1						2	490 750	1	12	96	1	8	None	
	Temperature(¡C)	1	2	3	4	5	6	7	8	9	10	11	12		1	2	3	4	5	6	7	8	9	10	11	12		
	23.10	0.5896	1.8342	0.9067	1.09	0.716	0.6795	1.2279	0.4283	1.9291	0.5879	0.7083	1.4501		0.178	0.6732	0.3012	0.3912	0.2376	0.2071	0.3593	0.1689	0.6403	0.2196	0.3104	0.5541		
		0.6259	0.307	2.3889	1.029	1.8421	0.5064	1.8846	0.6174	1.7529	0.9797	0.1852	1.958		0.4992	0.1734	1.1357	0.3032	0.7833	0.1757	0.7216	0.4404	0.7172	0.2827	0.1192	0.6797		
		0.424	0.2056	0.6411	0.5006	1.2868	0.9228	1.4785	0.8256	0.7276	1.9849	0.7951	1.783		0.1869	0.1398	0.2411	0.1751	0.605	0.3194	0.5605	0.413	0.2984	0.6237	0.2706	0.6858		
		0.9083	2.099	1.1587	1.107	0.6714	1.0566	1.3912	2.0613	2.4614	1.2115	1.3212	1.4799		0.2693	0.755	0.4484	0.384	0.2116	0.418	0.37	0.81	0.861	0.352	0.4362	0.4106		
		0.5643	1.0335	1.2823	0.9159	0.3508	1.1735	1.9898	0.6685	2.1329	1.9896	1.2653	1.9705		0.2254	0.4839	0.5296	0.3166	0.1307	0.3533	0.7589	0.2081	0.7783	0.8738	0.3763	0.6736		
		0.5968	0.4775	1.8042	0.5763	0.2933	1.0997	1.3437	0.2592	0.6616	0.823	2.1212	1.9377		0.4026	0.3634	0.4987	0.3857	0.1804	0.4005	0.4902	0.1789	0.2024	0.3152	0.6711	0.7298		
		1.1984	0.6111	0.6172	2.3102	0.1569	0.5904	0.8263	1.7908	0.5053	0.9328	0.9222	1.2306		0.4288	0.4915	0.4218	0.8107	0.1121	0.3937	0.2512	0.5256	0.1684	0.3553	0.2824	0.3669		
		1.248	0.9192	0.3997	0.5465	0.2779	0.763	0.9989	0.525	0.7876	1.1049	0.4351	1.2659		0.3234	0.2568	0.1646	0.2291	0.2226	0.2141	0.2959	0.2175	0.2365	0.429	0.1589	0.4354		
		
~End
Copyright © 2003 Molecular Devices. All rights reserved.
