##BLOCKS= 1          
Plate:	Plate#1	1.3	PlateFormat	Endpoint	Absorbance	Raw	FALSE	1						2	490 750	1	12	96	1	8	None	
	Temperature(¡C)	1	2	3	4	5	6	7	8	9	10	11	12		1	2	3	4	5	6	7	8	9	10	11	12		
	23.10	1.4749	1.8683	1.2359	0.8876	1.2275	0.7312	1.6209	0.5592	2.3271	1.0124	0.503	2.1018		0.4117	0.5789	0.3481	0.2812	0.3083	0.2166	0.501	0.1842	0.7446	0.3555	0.2375	0.7168		
		0.6366	0.2845	1.8937	0.5367	1.4002	0.4789	1.5783	0.6457	1.5751	0.707	0.1857	1.8196		0.5269	0.1685	0.9495	0.171	0.5507	0.1571	0.5818	0.4667	0.6851	0.2442	0.1208	0.7027		
		1.1923	0.146	0.7577	0.9383	1.6273	0.7562	1.9155	1.055	1.3948	2.2751	0.9021	2.0606		0.4748	0.1101	0.2525	0.3174	0.6376	0.2618	0.7168	0.4096	0.4294	0.7517	0.293	0.8313		
		1.3615	1.4984	1.8127	0.9129	1.2534	1.0332	1.5649	1.9244	2.1486	0.9536	1.9525	1.1814		0.3911	0.7159	0.7463	0.2853	0.3454	0.3309	0.4514	0.7629	0.7195	0.2907	0.6562	0.3991		
		0.6931	1.2382	1.7107	2.0713	0.6449	1.3792	1.5917	1.1474	2.6598	1.9612	1.3497	1.7677		0.2648	0.4832	0.6574	0.8214	0.2006	0.4408	0.6645	0.3377	0.9995	0.7101	0.3343	0.6594		
		0.4794	0.3888	1.5318	0.7336	0.4202	0.6426	0.5497	0.301	1.3913	0.5427	1.4353	1.7662		0.276	0.3002	0.4587	0.5045	0.2212	0.2712	0.2453	0.2109	0.3496	0.213	0.4292	0.4872		
		1.9571	0.4488	0.499	2.4212	0.1812	0.5097	0.4553	1.5429	0.7097	0.9912	0.9391	1.3852		0.6222	0.3611	0.3441	0.7582	0.1286	0.308	0.1692	0.5403	0.2406	0.4221	0.2789	0.465		
		1.7095	0.564	0.5672	1.0527	0.3609	0.8944	0.5846	0.4108	0.6772	0.6265	0.6028	0.9532		0.5122	0.1927	0.2338	0.3512	0.2684	0.263	0.1853	0.1855	0.2312	0.25	0.204	0.3417		
		
~End
Copyright © 2003 Molecular Devices. All rights reserved.
