##BLOCKS= 1          
Plate:	Plate#1	1.3	PlateFormat	Endpoint	Absorbance	Raw	FALSE	1						2	490 750	1	12	96	1	8	None	
	Temperature(¡C)	1	2	3	4	5	6	7	8	9	10	11	12		1	2	3	4	5	6	7	8	9	10	11	12		
	23.20	0.1191	0.1413	0.1241	0.1214	0.1168	0.1126	0.119	0.1398	0.1411	0.1193	0.1225	0.1171		0.0984	0.1041	0.1054	0.1028	0.1006	0.0975	0.1012	0.1018	0.1043	0.1016	0.1042	0.099		
		0.3426	0.1427	0.2705	0.1309	0.1183	0.1213	0.1163	0.1181	0.1188	0.1146	0.1277	0.1201		0.2861	0.1381	0.1792	0.114	0.0992	0.1014	0.0992	0.0999	0.0996	0.0984	0.1038	0.1023		
		0.1194	0.1238	0.1291	0.1239	0.1299	0.113	0.1332	0.1146	0.1176	0.1298	0.1234	0.1564		0.1059	0.103	0.1062	0.1044	0.1041	0.097	0.107	0.0978	0.1003	0.1109	0.1068	0.1367		
		0.1197	0.1178	0.1239	0.1213	0.1245	0.1194	0.1242	0.1185	0.1164	0.1161	0.1144	0.1143		0.0982	0.0964	0.1059	0.1044	0.1083	0.1027	0.1081	0.1033	0.0982	0.0945	0.0985	0.1017		
		0.1783	0.1189	0.1188	0.1868	0.1363	0.1242	0.1144	0.1198	0.1136	0.1234	0.1166	0.1456		0.1031	0.099	0.0997	0.1649	0.1115	0.107	0.0991	0.1008	0.0985	0.1061	0.1016	0.1041		
		0.124	0.121	0.1286	0.1281	0.1521	0.13	0.1342	0.1458	0.1182	0.129	0.1198	0.1161		0.106	0.1036	0.108	0.1049	0.1277	0.1076	0.1029	0.1229	0.0997	0.1102	0.1019	0.1		
		0.1192	0.2843	0.127	0.1297	0.1223	0.1276	0.1157	0.126	0.1504	0.1255	0.1157	0.1206		0.0985	0.2372	0.1068	0.1104	0.0997	0.107	0.0979	0.1072	0.128	0.1055	0.0983	0.1022		
		0.1433	0.1292	0.1194	0.1208	0.12	0.1159	0.1163	0.1271	0.1239	0.148	0.1179	0.1147		0.1275	0.1122	0.0993	0.1011	0.0998	0.0986	0.1002	0.1016	0.1046	0.1266	0.1011	0.0978		
		
~End
Copyright © 2003 Molecular Devices. All rights reserved.
