##BLOCKS= 1          
Plate:	Plate#1	1.3	PlateFormat	Endpoint	Absorbance	Raw	FALSE	1						2	490 750	1	12	96	1	8	None	
	Temperature(¡C)	1	2	3	4	5	6	7	8	9	10	11	12		1	2	3	4	5	6	7	8	9	10	11	12		
	23.20	0.1152	0.1601	0.1202	0.1342	0.1251	0.1259	0.1256	0.1419	0.1435	0.1178	0.1373	0.1249		0.0957	0.1134	0.1024	0.1142	0.1079	0.1077	0.1069	0.1043	0.1068	0.0996	0.1173	0.1069		
		0.5464	0.1322	0.3874	0.1257	0.1192	0.1198	0.1213	0.1383	0.1186	0.1264	0.1311	0.1199		0.4439	0.1121	0.258	0.1063	0.1	0.0991	0.1027	0.1137	0.0992	0.1073	0.1068	0.1033		
		0.1205	0.12	0.1367	0.132	0.1351	0.1216	0.1415	0.1118	0.1185	0.1145	0.1163	0.122		0.1072	0.1007	0.1124	0.1109	0.1071	0.1027	0.1133	0.0956	0.1012	0.0996	0.0997	0.104		
		0.131	0.1177	0.1207	0.1301	0.1191	0.125	0.1158	0.116	0.1233	0.1217	0.118	0.1326		0.118	0.1046	0.1045	0.1133	0.1057	0.11	0.1001	0.1007	0.1057	0.1025	0.101	0.1142		
		0.176	0.1326	0.1245	0.1403	0.129	0.1431	0.1208	0.1268	0.1146	0.1189	0.1225	0.1863		0.101	0.1123	0.1054	0.1189	0.1054	0.1236	0.1038	0.1064	0.099	0.1017	0.1055	0.1319		
		0.1361	0.1233	0.1482	0.1199	0.1467	0.1212	0.134	0.1205	0.118	0.1334	0.1198	0.1218		0.1131	0.1046	0.1278	0.0988	0.122	0.1015	0.1029	0.1003	0.0992	0.1133	0.1029	0.1035		
		0.1375	0.5291	0.1203	0.13	0.1603	0.1162	0.1214	0.1156	0.1266	0.1205	0.1205	0.1281		0.1261	0.4665	0.1003	0.1093	0.1363	0.0967	0.1039	0.098	0.1067	0.1015	0.1028	0.1095		
		0.1173	0.1295	0.1365	0.1202	0.1197	0.117	0.1164	0.1309	0.1219	0.1186	0.1167	0.123		0.0993	0.1118	0.1142	0.1015	0.0984	0.0985	0.0987	0.1034	0.1034	0.1008	0.1005	0.104		
		
~End
Copyright © 2003 Molecular Devices. All rights reserved.
