##BLOCKS= 1          
Plate:	Plate#1	1.3	PlateFormat	Endpoint	Absorbance	Raw	FALSE	1						2	490 750	1	12	96	1	8	None	
	Temperature(¡C)	1	2	3	4	5	6	7	8	9	10	11	12		1	2	3	4	5	6	7	8	9	10	11	12		
	23.10	0.1289	0.1422	0.1275	0.1282	0.1256	0.1202	0.1221	0.1375	0.1509	0.1219	0.1259	0.1262		0.1037	0.102	0.1086	0.1083	0.1088	0.1021	0.1039	0.1046	0.1169	0.1033	0.106	0.1077		
		0.5629	0.1208	0.2868	0.1176	0.1263	0.1271	0.114	0.1271	0.1228	0.114	0.1341	0.131		0.4653	0.1024	0.1859	0.1003	0.1072	0.1071	0.098	0.106	0.1031	0.099	0.1098	0.1119		
		0.1291	0.1248	0.1249	0.1323	0.1615	0.129	0.1394	0.135	0.1248	0.1173	0.1181	0.1266		0.1197	0.1052	0.1015	0.1113	0.1278	0.1075	0.1088	0.1154	0.1058	0.1007	0.102	0.1083		
		0.1335	0.1251	0.1241	0.1274	0.1236	0.1345	0.153	0.1197	0.1238	0.1413	0.1186	0.1203		0.1095	0.104	0.109	0.1111	0.1077	0.1143	0.133	0.1018	0.1051	0.119	0.1018	0.1053		
		0.185	0.1205	0.1398	0.1346	0.1306	0.1431	0.1291	0.1229	0.1185	0.1207	0.1221	0.1363		0.1089	0.1037	0.1183	0.1121	0.106	0.1215	0.1102	0.1023	0.1007	0.1044	0.1043	0.0996		
		0.1243	0.1247	0.1302	0.1343	0.1276	0.1418	0.1434	0.1258	0.1189	0.1328	0.13	0.1295		0.1074	0.1053	0.112	0.1097	0.1049	0.1162	0.1101	0.1046	0.0993	0.1116	0.1111	0.11		
		0.1435	0.3175	0.1352	0.1221	0.1249	0.1412	0.1264	0.1286	0.12	0.135	0.1212	0.1218		0.1395	0.3036	0.1141	0.1046	0.1036	0.117	0.1065	0.1102	0.1013	0.1137	0.1035	0.1038		
		0.1244	0.1183	0.1251	0.1218	0.1244	0.1309	0.1259	0.1382	0.1194	0.1231	0.1224	0.133		0.108	0.1011	0.1054	0.1032	0.102	0.111	0.1061	0.1082	0.1014	0.1057	0.1059	0.1138		
		
~End
Copyright © 2003 Molecular Devices. All rights reserved.
