##BLOCKS= 1          
Plate:	Plate#1	1.3	PlateFormat	Endpoint	Absorbance	Raw	FALSE	1						2	490 750	1	12	96	1	8	None	
	Temperature(¡C)	1	2	3	4	5	6	7	8	9	10	11	12		1	2	3	4	5	6	7	8	9	10	11	12		
	23.10	0.1367	0.171	0.1543	0.1311	0.1273	0.1542	0.1426	0.1636	0.1503	0.1359	0.1441	0.1326		0.1205	0.1245	0.1321	0.1122	0.1091	0.1321	0.1216	0.125	0.1148	0.114	0.1206	0.112		
		0.559	0.1521	0.2802	0.1289	0.1207	0.1209	0.1414	0.1335	0.1451	0.1324	0.1393	0.133		0.443	0.1307	0.1838	0.1095	0.1018	0.1014	0.122	0.1114	0.1233	0.114	0.1136	0.1132		
		0.1225	0.1404	0.1362	0.1276	0.1584	0.1293	0.1487	0.1467	0.1362	0.1232	0.1312	0.1322		0.1044	0.1141	0.111	0.1069	0.1283	0.1103	0.1178	0.1251	0.115	0.1063	0.1136	0.1136		
		0.1263	0.1419	0.186	0.1254	0.1367	0.1426	0.1493	0.1453	0.135	0.1281	0.1271	0.1478		0.1073	0.1213	0.1616	0.107	0.1173	0.1262	0.1274	0.1232	0.1113	0.1072	0.1077	0.1293		
		0.1874	0.1277	0.1354	0.4782	0.1493	0.1311	0.1261	0.1376	0.1287	0.1386	0.1217	0.1566		0.1117	0.1072	0.1138	0.4569	0.124	0.1131	0.1078	0.1144	0.1097	0.1182	0.1036	0.1158		
		0.1399	0.1255	0.1538	0.1346	0.141	0.1404	0.1405	0.1564	0.1365	0.1293	0.1294	0.1315		0.128	0.1034	0.1311	0.1102	0.1168	0.1175	0.1077	0.1323	0.1146	0.1099	0.1091	0.1112		
		0.1297	0.4059	0.1193	0.1466	0.1323	0.1315	0.1291	0.1438	0.1296	0.1296	0.1405	0.1279		0.1068	0.4035	0.0997	0.1254	0.1082	0.109	0.1104	0.1221	0.1105	0.1091	0.1195	0.1092		
		0.1471	0.1899	0.1427	0.1357	0.1345	0.1223	0.1252	0.1416	0.1338	0.1537	0.1282	0.1485		0.1269	0.1563	0.1191	0.1131	0.1106	0.1029	0.1074	0.1111	0.1137	0.1335	0.1092	0.128		
		
~End
Copyright © 2003 Molecular Devices. All rights reserved.
