##BLOCKS= 1          
Plate:	Plate#1	1.3	PlateFormat	Endpoint	Absorbance	Raw	FALSE	1						2	490 750	1	12	96	1	8	None	
	Temperature(¡C)	1	2	3	4	5	6	7	8	9	10	11	12		1	2	3	4	5	6	7	8	9	10	11	12		
	23.20	0.1289	0.1766	0.1419	0.136	0.1273	0.1274	0.127	0.1534	0.1409	0.1385	0.1408	0.1447		0.1002	0.1262	0.114	0.1082	0.1029	0.1014	0.1009	0.1076	0.0978	0.1105	0.1108	0.1148		
		0.5073	0.1271	0.3495	0.1282	0.1377	0.1329	0.1288	0.1347	0.1332	0.1326	0.1562	0.1256		0.4491	0.1037	0.2132	0.1034	0.11	0.1031	0.1039	0.1103	0.1047	0.1062	0.1211	0.1007		
		0.1429	0.1408	0.1384	0.1423	0.1464	0.1294	0.1919	0.1313	0.1245	0.1213	0.1314	0.1332		0.1041	0.1124	0.1061	0.108	0.1099	0.1032	0.1539	0.1058	0.0995	0.0976	0.1062	0.1066		
		0.1314	0.126	0.1342	0.14	0.1381	0.135	0.1247	0.124	0.1338	0.128	0.1296	0.1332		0.1044	0.1019	0.1094	0.1136	0.1114	0.1109	0.0975	0.1011	0.1028	0.1008	0.1071	0.1073		
		0.1817	0.1332	0.1286	0.1303	0.1391	0.1286	0.1248	0.1333	0.1284	0.1277	0.1321	0.1584		0.103	0.1031	0.1019	0.1018	0.1043	0.103	0.1012	0.1048	0.1036	0.1031	0.1064	0.1082		
		0.1498	0.1293	0.1408	0.1453	0.1283	0.1413	0.142	0.1327	0.1351	0.1381	0.137	0.1395		0.1141	0.1048	0.1136	0.1157	0.1014	0.1099	0.1016	0.107	0.1055	0.1104	0.1097	0.112		
		0.1392	0.273	0.1365	0.1305	0.1256	0.1447	0.1366	0.1467	0.1331	0.1462	0.1429	0.1342		0.1047	0.2386	0.1088	0.1042	0.1004	0.1153	0.1077	0.1158	0.1032	0.116	0.1145	0.1101		
		0.141	0.1337	0.1595	0.133	0.1443	0.1425	0.141	0.1426	0.1329	0.2021	0.1474	0.1427		0.1157	0.1052	0.1227	0.1044	0.1147	0.1123	0.1112	0.1019	0.1044	0.1721	0.1196	0.1148		
		
~End
Copyright © 2003 Molecular Devices. All rights reserved.
