##BLOCKS= 1          
Plate:	Plate#1	1.3	PlateFormat	Endpoint	Absorbance	Raw	FALSE	1						2	490 750	1	12	96	1	8	None	
	Temperature(¡C)	1	2	3	4	5	6	7	8	9	10	11	12		1	2	3	4	5	6	7	8	9	10	11	12		
	23.20	0.1407	0.1657	0.1376	0.1329	0.1251	0.14	0.1306	0.1523	0.1396	0.1414	0.1285	0.127		0.107	0.1096	0.1094	0.1064	0.1023	0.1132	0.1032	0.106	0.0976	0.1143	0.1023	0.1007		
		0.6355	0.1318	0.2943	0.1279	0.1351	0.1407	0.1273	0.1457	0.1336	0.1317	0.139	0.1398		0.5187	0.1069	0.1918	0.1022	0.1071	0.11	0.102	0.1195	0.1037	0.1051	0.1087	0.1112		
		0.1324	0.1356	0.133	0.1439	0.14	0.13	0.1417	0.1228	0.1235	0.127	0.1276	0.1239		0.1033	0.1053	0.1015	0.1081	0.1056	0.1042	0.1062	0.0993	0.0993	0.1028	0.1021	0.0991		
		0.1236	0.1336	0.1352	0.1341	0.1365	0.1248	0.1256	0.1244	0.1281	0.1432	0.1318	0.145		0.099	0.1094	0.1042	0.1073	0.1103	0.1027	0.1011	0.0958	0.0987	0.1088	0.1066	0.1132		
		0.1927	0.1418	0.1302	0.1241	0.135	0.1275	0.1299	0.1338	0.1293	0.1327	0.125	0.1532		0.1063	0.112	0.1038	0.0983	0.1027	0.1034	0.1054	0.1059	0.1042	0.1071	0.1014	0.1025		
		0.1417	0.1536	0.1285	0.1324	0.1401	0.1427	0.1472	0.1338	0.127	0.1287	0.1394	0.1483		0.1129	0.1283	0.1045	0.1058	0.1104	0.1103	0.1064	0.1076	0.1003	0.1026	0.1113	0.1179		
		0.1364	0.3746	0.1373	0.1382	0.131	0.1273	0.1371	0.1257	0.1362	0.1305	0.1251	0.1633		0.1022	0.3501	0.1102	0.1105	0.1029	0.1009	0.1075	0.099	0.1047	0.101	0.1018	0.1372		
		0.1335	0.1351	0.1485	0.1273	0.1325	0.1322	0.1412	0.1473	0.129	0.3134	0.1297	0.1344		0.1101	0.1084	0.1127	0.1003	0.1054	0.1037	0.11	0.106	0.1029	0.2818	0.1046	0.1069		
		
~End
Copyright © 2003 Molecular Devices. All rights reserved.
