##BLOCKS= 1          
Plate:	Plate#1	1.3	PlateFormat	Endpoint	Absorbance	Raw	FALSE	1						2	490 750	1	12	96	1	8	None	
	Temperature(¡C)	1	2	3	4	5	6	7	8	9	10	11	12		1	2	3	4	5	6	7	8	9	10	11	12		
	22.80	0.122	0.158	0.1263	0.1242	0.1197	0.1212	0.2194	0.144	0.1448	0.1217	0.1187	0.1214		0.0981	0.1046	0.1054	0.1022	0.1002	0.1016	0.1943	0.1	0.1038	0.1022	0.0988	0.1001		
		0.4088	0.128	0.3712	0.1326	0.1284	0.1325	0.1334	0.1362	0.1213	0.131	0.1322	0.1182		0.3445	0.1065	0.2663	0.1092	0.1066	0.1075	0.1116	0.1122	0.1001	0.1109	0.1042	0.0989		
		0.1261	0.1263	0.1298	0.1308	0.1331	0.1222	0.1336	0.1234	0.1174	0.1219	0.1244	0.1262		0.1008	0.1035	0.1031	0.1065	0.105	0.1026	0.1038	0.1039	0.0984	0.1029	0.1045	0.1058		
		0.1373	0.1261	0.121	0.1229	0.1242	0.1205	0.1245	0.1256	0.1234	0.1287	0.1203	0.1214		0.1178	0.1068	0.1043	0.1039	0.1094	0.1025	0.1059	0.0998	0.1002	0.1054	0.0997	0.1016		
		0.1842	0.1223	0.1209	0.1221	0.1392	0.1268	0.1274	0.1331	0.137	0.1268	0.1198	0.1555		0.1001	0.102	0.1005	0.101	0.1102	0.1053	0.1059	0.1085	0.1141	0.1069	0.101	0.1056		
		0.1257	0.1247	0.1292	0.1325	0.1299	0.1244	0.1361	0.1306	0.1233	0.1346	0.123	0.1225		0.1056	0.1053	0.1082	0.1069	0.1059	0.1038	0.103	0.105	0.1023	0.1118	0.1031	0.1033		
		0.1146	0.3874	0.129	0.1192	0.1314	0.1357	0.1208	0.1316	0.1399	0.1249	0.1232	0.1137		0.0969	0.3254	0.1066	0.1	0.1076	0.1117	0.1009	0.1083	0.1144	0.1029	0.104	0.0969		
		0.1231	0.126	0.2326	0.1277	0.1519	0.128	0.1235	0.1404	0.1238	0.1276	0.1201	0.1194		0.1034	0.103	0.1908	0.1044	0.1264	0.1059	0.1028	0.103	0.1031	0.1069	0.1017	0.0995		
		
~End
Copyright © 2003 Molecular Devices. All rights reserved.
