##BLOCKS= 1          
Plate:	Plate#1	1.3	PlateFormat	Endpoint	Absorbance	Raw	FALSE	1						2	490 750	1	12	96	1	8	None	
	Temperature(¡C)	1	2	3	4	5	6	7	8	9	10	11	12		1	2	3	4	5	6	7	8	9	10	11	12		
	22.80	0.1208	0.153	0.1375	0.1274	0.1189	0.1262	0.1269	0.1429	0.142	0.1272	0.14	0.1227		0.099	0.1038	0.1142	0.1049	0.1002	0.1052	0.1059	0.1018	0.1022	0.1047	0.1174	0.1015		
		0.4984	0.1312	0.432	0.1346	0.1358	0.1246	0.1245	0.133	0.1179	0.1253	0.1351	0.1292		0.4201	0.1097	0.3148	0.1107	0.1116	0.1018	0.1037	0.1087	0.0979	0.1054	0.1077	0.108		
		0.126	0.1273	0.1316	0.1366	0.1366	0.1256	0.1407	0.1204	0.128	0.128	0.1255	0.1214		0.1013	0.104	0.1032	0.1082	0.1075	0.1049	0.108	0.1002	0.1068	0.1065	0.1062	0.1019		
		0.1223	0.1233	0.1228	0.1351	0.1235	0.1232	0.1218	0.1214	0.1208	0.126	0.1222	0.1231		0.1016	0.1027	0.104	0.114	0.1049	0.1049	0.103	0.1001	0.0992	0.1024	0.1031	0.104		
		0.1849	0.1212	0.1215	0.1216	0.1306	0.1304	0.1325	0.1243	0.136	0.1213	0.1237	0.1463		0.1019	0.1018	0.1016	0.1006	0.1041	0.108	0.1104	0.1015	0.113	0.1021	0.1047	0.1023		
		0.1339	0.1404	0.1281	0.1313	0.1329	0.1303	0.1358	0.1339	0.1277	0.1281	0.1242	0.1219		0.1222	0.1139	0.1057	0.106	0.1083	0.108	0.1028	0.1071	0.1054	0.1056	0.1033	0.1028		
		0.1182	0.3903	0.1249	0.1199	0.1367	0.1265	0.121	0.1266	0.12	0.1273	0.1225	0.1194		0.1061	0.3509	0.1031	0.1003	0.1097	0.1032	0.1001	0.1036	0.0977	0.1043	0.1009	0.1003		
		0.1254	0.1274	0.1294	0.1318	0.1218	0.1227	0.1216	0.1461	0.1286	0.1369	0.1444	0.1298		0.1093	0.1069	0.1035	0.1077	0.1003	0.1011	0.1003	0.1079	0.1059	0.1146	0.1226	0.1071		
		
~End
Copyright © 2003 Molecular Devices. All rights reserved.
