##BLOCKS= 1          
Plate:	Plate#1	1.3	PlateFormat	Endpoint	Absorbance	Raw	FALSE	1						2	490 750	1	12	96	1	8	None	
	Temperature(¡C)	1	2	3	4	5	6	7	8	9	10	11	12		1	2	3	4	5	6	7	8	9	10	11	12		
	22.80	0.122	0.1574	0.1202	0.1262	0.1213	0.1242	0.1266	0.1452	0.1539	0.1213	0.1384	0.1221		0.0973	0.1059	0.1002	0.1042	0.1019	0.1035	0.1049	0.1022	0.1114	0.1023	0.1147	0.1012		
		0.5691	0.1343	0.3402	0.1218	0.1301	0.1309	0.13	0.1379	0.1283	0.1518	0.1333	0.1326		0.5	0.1125	0.2158	0.1003	0.1062	0.106	0.108	0.112	0.1051	0.1291	0.1049	0.11		
		0.122	0.1354	0.1324	0.1329	0.139	0.1288	0.1436	0.1331	0.1195	0.119	0.1414	0.1372		0.0984	0.1111	0.1033	0.1061	0.108	0.1073	0.111	0.1116	0.0994	0.0996	0.1211	0.1147		
		0.1324	0.1253	0.1195	0.1308	0.1234	0.1278	0.1305	0.1428	0.1434	0.1313	0.1281	0.1451		0.1077	0.1029	0.1055	0.1114	0.1038	0.1094	0.1107	0.119	0.1179	0.1042	0.1078	0.1231		
		0.1787	0.1242	0.1246	0.1233	0.1316	0.1366	0.126	0.1308	0.1403	0.124	0.1384	0.1567		0.0988	0.1024	0.103	0.1018	0.1036	0.114	0.1048	0.1057	0.1161	0.1031	0.1175	0.1095		
		0.1335	0.1292	0.154	0.1294	0.1294	0.1346	0.1423	0.1285	0.1275	0.1283	0.1254	0.1305		0.1117	0.1079	0.1297	0.1058	0.105	0.1107	0.1061	0.1027	0.1044	0.106	0.1045	0.1093		
		0.1132	0.4104	0.1316	0.1273	0.1297	0.1263	0.1257	0.1243	0.1303	0.119	0.1233	0.1196		0.0974	0.3685	0.1107	0.1054	0.1056	0.1038	0.1039	0.1017	0.1054	0.0975	0.1023	0.1001		
		0.1227	0.1221	0.1293	0.1335	0.1272	0.1248	0.1211	0.1441	0.1286	0.1951	0.1234	0.1306		0.108	0.103	0.1038	0.1097	0.1043	0.1025	0.101	0.1067	0.1059	0.1721	0.103	0.1077		
		
~End
Copyright © 2003 Molecular Devices. All rights reserved.
