##BLOCKS= 1          
Plate:	Plate#1	1.3	PlateFormat	Endpoint	Absorbance	Raw	FALSE	1						2	490 750	1	12	96	1	8	None	
	Temperature(¡C)	1	2	3	4	5	6	7	8	9	10	11	12		1	2	3	4	5	6	7	8	9	10	11	12		
	23.10	0.1407	0.2028	0.1404	0.146	0.1421	0.1426	0.1688	0.1569	0.1669	0.1433	0.1449	0.1464		0.1067	0.107	0.1103	0.1134	0.1154	0.1126	0.1265	0.115	0.122	0.1121	0.1096	0.1119		
		0.4284	0.1434	0.2764	0.1446	0.1509	0.1413	0.1445	0.1667	0.1796	0.1598	0.1568	0.1723		0.3467	0.1136	0.1787	0.1124	0.1174	0.1116	0.1152	0.1308	0.1362	0.1259	0.1143	0.1245		
		0.1633	0.1376	0.1393	0.1494	0.1632	0.1569	0.1514	0.1465	0.1471	0.1512	0.1523	0.163		0.1222	0.1096	0.1102	0.116	0.1172	0.123	0.119	0.1127	0.1136	0.1166	0.1192	0.1284		
		0.146	0.1493	0.1507	0.194	0.1492	0.1402	0.1595	0.1497	0.1473	0.1574	0.1507	0.1774		0.1102	0.1142	0.1122	0.1434	0.1144	0.1076	0.12	0.112	0.1151	0.1187	0.119	0.1373		
		0.2145	0.1389	0.1465	0.1638	0.1505	0.1454	0.156	0.1399	0.1489	0.1602	0.1455	0.1738		0.1222	0.111	0.1142	0.1234	0.1164	0.1136	0.1187	0.1116	0.1137	0.1257	0.1151	0.1227		
		0.2249	0.1621	0.1742	0.148	0.1734	0.1536	0.155	0.173	0.1503	0.1458	0.153	0.1454		0.1665	0.1268	0.1385	0.1197	0.1373	0.1195	0.1161	0.136	0.1182	0.1142	0.1199	0.1165		
		0.14	0.3132	0.1552	0.142	0.1472	0.1565	0.157	0.1397	0.1437	0.1531	0.1679	0.1554		0.1129	0.2731	0.1273	0.1132	0.1196	0.1251	0.1231	0.1097	0.1111	0.1166	0.1302	0.1213		
		0.1702	0.1486	0.4984	0.1417	0.1414	0.1441	0.1315	0.1347	0.1403	0.1391	0.1372	0.1902		0.1285	0.1147	0.4692	0.1137	0.1139	0.1114	0.1037	0.1074	0.11	0.1115	0.112	0.1452		
		
~End
Copyright © 2003 Molecular Devices. All rights reserved.
