##BLOCKS= 1          
Plate:	Plate#1	1.3	PlateFormat	Endpoint	Absorbance	Raw	FALSE	1						2	490 750	1	12	96	1	8	None	
	Temperature(¡C)	1	2	3	4	5	6	7	8	9	10	11	12		1	2	3	4	5	6	7	8	9	10	11	12		
	23.10	0.1392	0.2072	0.1618	0.181	0.1453	0.1407	0.1789	0.1528	0.1524	0.151	0.1557	0.225		0.1073	0.1164	0.1272	0.1392	0.1151	0.1115	0.1378	0.1143	0.1124	0.1184	0.1184	0.1718		
		0.5619	0.1487	0.4101	0.1413	0.1579	0.1573	0.1478	0.157	0.1825	0.1632	0.1474	0.1994		0.41	0.1171	0.2528	0.1125	0.1215	0.1247	0.117	0.1263	0.14	0.1262	0.1114	0.1491		
		0.2203	0.1427	0.1425	0.1438	0.1804	0.1496	0.1617	0.1635	0.1573	0.1705	0.163	0.2256		0.162	0.1142	0.1115	0.1152	0.132	0.1166	0.128	0.1267	0.1232	0.1316	0.1246	0.1793		
		0.1696	0.1715	0.1813	0.1687	0.1459	0.1437	0.1415	0.1543	0.1569	0.1487	0.153	0.1835		0.1331	0.1329	0.1429	0.1287	0.1144	0.116	0.1095	0.1249	0.1198	0.1163	0.1181	0.1441		
		0.1931	0.1752	0.1523	0.163	0.16	0.1629	0.1411	0.1554	0.1693	0.1575	0.1476	0.1653		0.1189	0.1422	0.1209	0.1238	0.1239	0.1263	0.1086	0.1246	0.1306	0.123	0.1173	0.1187		
		0.1842	0.1684	0.1902	0.1613	0.1652	0.1561	0.1508	0.1949	0.1501	0.1426	0.1511	0.1842		0.135	0.1332	0.1523	0.1304	0.1314	0.1232	0.1145	0.1558	0.117	0.1119	0.1191	0.1447		
		0.1391	0.2356	0.1635	0.1464	0.1585	0.1593	0.1476	0.1362	0.1471	0.1555	0.1361	0.1573		0.1088	0.1962	0.1315	0.1171	0.128	0.1263	0.1152	0.1052	0.1129	0.118	0.1059	0.1244		
		0.1647	0.149	0.172	0.1448	0.2053	0.1466	0.145	0.1385	0.1471	0.1378	0.1388	0.1353		0.1323	0.114	0.1296	0.1144	0.1592	0.1124	0.1122	0.1104	0.1115	0.1095	0.1116	0.106		
		
~End
Copyright © 2003 Molecular Devices. All rights reserved.
