##BLOCKS= 1          
Plate:	Plate#1	1.3	PlateFormat	Endpoint	Absorbance	Raw	FALSE	1						2	490 750	1	12	96	1	8	None	
	Temperature(¡C)	1	2	3	4	5	6	7	8	9	10	11	12		1	2	3	4	5	6	7	8	9	10	11	12		
	23.10	0.1426	0.2877	0.1773	0.1582	0.1676	0.1859	0.1822	0.1648	0.1617	0.1369	0.1718	1.2086		0.1113	0.1652	0.1406	0.1229	0.1331	0.1459	0.1391	0.1197	0.1175	0.1069	0.1256	1.1151		
		0.4903	0.1632	0.3736	0.159	0.1563	0.164	0.1789	0.231	0.2083	0.1902	0.1672	0.1944		0.3768	0.1268	0.2502	0.1227	0.1207	0.1257	0.1414	0.1799	0.158	0.1451	0.1234	0.1397		
		0.178	0.1585	0.1747	0.1572	0.1848	0.1937	0.1837	0.1667	0.145	0.1633	0.1772	0.1974		0.1216	0.1234	0.1376	0.1239	0.1342	0.1508	0.1429	0.1305	0.1141	0.1253	0.1379	0.1546		
		0.1562	0.2389	0.1678	0.2215	0.1502	0.1578	0.1708	0.1801	0.186	0.1509	0.1623	0.1527		0.1171	0.1998	0.1328	0.1636	0.118	0.1219	0.1303	0.1372	0.1464	0.1187	0.1247	0.1168		
		0.2094	0.2085	0.1613	0.1525	0.1977	0.1576	0.1618	0.1559	0.189	0.1513	0.1618	0.1791		0.13	0.1636	0.1266	0.1183	0.1597	0.1227	0.1247	0.1243	0.1452	0.1167	0.1278	0.126		
		0.1939	0.1973	0.2708	0.173	0.2211	0.1603	0.169	0.2201	0.155	0.1512	0.1508	0.1476		0.143	0.1628	0.2189	0.1386	0.1784	0.1242	0.1247	0.1721	0.1224	0.1184	0.1184	0.1163		
		0.1444	0.3549	0.1618	0.16	0.1511	0.1838	0.1496	0.178	0.1507	0.1839	0.1667	0.1586		0.1091	0.3158	0.1293	0.1249	0.1215	0.1441	0.116	0.1363	0.1152	0.1387	0.1308	0.1254		
		0.1727	0.1769	0.1446	0.207	0.2005	0.1664	0.1597	0.1419	0.1523	0.152	0.1488	0.1648		0.1383	0.1423	0.1129	0.1638	0.1593	0.1283	0.1209	0.1112	0.1159	0.119	0.1163	0.128		
		
~End
Copyright © 2003 Molecular Devices. All rights reserved.
