##BLOCKS= 1          
Plate:	Plate#1	1.3	PlateFormat	Endpoint	Absorbance	Raw	FALSE	1						2	490 750	1	12	96	1	8	None	
	Temperature(¡C)	1	2	3	4	5	6	7	8	9	10	11	12		1	2	3	4	5	6	7	8	9	10	11	12		
	23.20	0.1252	0.1542	0.1279	0.1383	0.1271	0.1314	0.1277	0.1432	0.1381	0.1251	0.1254	0.1253		0.108	0.112	0.1089	0.1164	0.1094	0.1118	0.1075	0.1073	0.1038	0.1063	0.1051	0.1062		
		0.6663	0.1395	0.2873	0.1299	0.1333	0.1298	0.1237	0.1362	0.1303	0.127	0.1382	0.133		0.5147	0.117	0.1887	0.1106	0.1118	0.1074	0.1056	0.1116	0.109	0.1085	0.1123	0.112		
		0.1392	0.1227	0.1295	0.1295	0.1486	0.1327	0.1519	0.1272	0.1246	0.1492	0.1279	0.1467		0.1145	0.1023	0.1047	0.1067	0.1204	0.1125	0.1231	0.109	0.1053	0.1278	0.1077	0.1261		
		0.1391	0.1372	0.1266	0.1447	0.1298	0.13	0.1233	0.1363	0.1506	0.141	0.1264	0.1356		0.1193	0.1132	0.1078	0.1233	0.1142	0.1149	0.1093	0.1162	0.1268	0.116	0.1084	0.1157		
		0.1883	0.1325	0.1318	0.1304	0.1296	0.1333	0.1435	0.1351	0.124	0.1296	0.1358	0.1459		0.1183	0.1135	0.1123	0.1103	0.1064	0.1151	0.1228	0.1119	0.1056	0.1107	0.1158	0.1068		
		0.1375	0.1378	0.1442	0.1431	0.138	0.1478	0.1441	0.1353	0.1372	0.1286	0.1242	0.1417		0.119	0.1166	0.1225	0.1183	0.1144	0.1244	0.1131	0.1104	0.1158	0.1082	0.1053	0.1211		
		0.1468	0.4121	0.1464	0.1252	0.1418	0.1307	0.141	0.1261	0.1298	0.1436	0.1279	0.1299		0.1195	0.3786	0.1243	0.1065	0.1158	0.1104	0.1205	0.1059	0.1084	0.1205	0.1078	0.1116		
		0.1351	0.1296	0.2034	0.138	0.1342	0.1353	0.1245	0.1425	0.1336	0.1302	0.1362	0.1275		0.1157	0.1105	0.1766	0.1149	0.1108	0.1131	0.106	0.1133	0.1137	0.1102	0.1159	0.1082		
		
~End
Copyright © 2003 Molecular Devices. All rights reserved.
