##BLOCKS= 1          
Plate:	Plate#1	1.3	PlateFormat	Endpoint	Absorbance	Raw	FALSE	1						2	490 750	1	12	96	1	8	None	
	Temperature(¡C)	1	2	3	4	5	6	7	8	9	10	11	12		1	2	3	4	5	6	7	8	9	10	11	12		
	23.20	0.1165	0.1509	0.1192	0.1311	0.1237	0.1299	0.138	0.1439	0.149	0.1227	0.1399	0.1348		0.0971	0.1046	0.1008	0.1109	0.1063	0.1098	0.1169	0.1046	0.1101	0.1035	0.118	0.1152		
		0.4983	0.1301	0.2401	0.1225	0.1285	0.1208	0.1199	0.1553	0.1257	0.1195	0.1492	0.1333		0.3985	0.1095	0.1675	0.1036	0.1071	0.1	0.1019	0.1301	0.1054	0.1018	0.1229	0.1136		
		0.129	0.1319	0.151	0.1479	0.1339	0.125	0.1366	0.1257	0.1217	0.1272	0.1315	0.1392		0.1103	0.108	0.1267	0.1227	0.1072	0.1066	0.1101	0.1066	0.1025	0.1091	0.1118	0.1186		
		0.1409	0.135	0.1451	0.1302	0.1243	0.1222	0.1324	0.1331	0.133	0.1424	0.1293	0.1283		0.1237	0.1136	0.1245	0.1141	0.1093	0.1065	0.116	0.1122	0.1087	0.1185	0.1097	0.1097		
		0.204	0.127	0.127	0.1248	0.1339	0.1168	0.1281	0.1339	0.1242	0.1208	0.1578	0.1626		0.1128	0.108	0.1078	0.1037	0.109	0.1001	0.1092	0.1137	0.1065	0.1033	0.1376	0.1164		
		0.1409	0.137	0.1344	0.145	0.1388	0.1329	0.1409	0.135	0.136	0.1357	0.1331	0.1256		0.1241	0.1143	0.1135	0.119	0.1138	0.1098	0.1089	0.1126	0.1141	0.115	0.1129	0.1079		
		0.1202	0.329	0.1239	0.1255	0.1395	0.1227	0.1433	0.1256	0.1303	0.1396	0.1616	0.1391		0.1077	0.2717	0.104	0.1061	0.1127	0.1015	0.1215	0.1061	0.1098	0.1176	0.1369	0.1178		
		0.1349	0.1374	0.1356	0.1307	0.1428	0.1242	0.133	0.1552	0.124	0.2912	0.1484	0.1364		0.1141	0.1145	0.1122	0.1087	0.12	0.1046	0.1121	0.1215	0.1046	0.2742	0.1288	0.1153		
		
~End
Copyright © 2003 Molecular Devices. All rights reserved.
