##BLOCKS= 1          
Plate:	Plate#1	1.3	PlateFormat	Endpoint	Absorbance	Raw	FALSE	1						2	490 750	1	12	96	1	8	None	
	Temperature(¡C)	1	2	3	4	5	6	7	8	9	10	11	12		1	2	3	4	5	6	7	8	9	10	11	12		
	23.20	0.1554	0.1757	0.1155	0.1211	0.1249	0.1519	0.1208	0.1438	0.1459	0.143	0.1388	0.1271		0.1354	0.1327	0.0984	0.1031	0.108	0.1304	0.1013	0.1042	0.1069	0.1228	0.1171	0.107		
		0.5197	0.1508	0.3009	0.1268	0.1245	0.1365	0.1188	0.1437	0.139	0.1441	0.1365	0.1327		0.4202	0.1262	0.1973	0.1085	0.1046	0.1138	0.1019	0.1169	0.1172	0.1234	0.1114	0.1122		
		0.1427	0.1253	0.1319	0.1412	0.1474	0.1186	0.1438	0.1173	0.1247	0.1307	0.1209	0.1266		0.1129	0.1023	0.107	0.1154	0.1176	0.1009	0.1143	0.1	0.1054	0.1116	0.1024	0.109		
		0.1547	0.1295	0.1248	0.1392	0.1234	0.1233	0.1347	0.1223	0.1408	0.1371	0.1371	0.129		0.1482	0.1038	0.1034	0.117	0.1005	0.1037	0.11	0.1024	0.115	0.1111	0.1121	0.108		
		0.2179	0.1268	0.1376	0.1483	0.1253	0.1331	0.1602	0.1398	0.1333	0.1312	0.132	0.1517		0.1448	0.1069	0.1155	0.126	0.1021	0.1132	0.137	0.1172	0.1139	0.1127	0.1122	0.1098		
		0.1582	0.1487	0.1281	0.1461	0.1304	0.1337	0.1472	0.1393	0.1342	0.1392	0.1249	0.1443		0.1241	0.1212	0.1094	0.1209	0.108	0.1104	0.1151	0.1166	0.1124	0.1173	0.1051	0.1224		
		0.1156	0.3927	0.1346	0.135	0.1668	0.1278	0.1204	0.1549	0.1455	0.1467	0.1219	0.1354		0.0994	0.3641	0.1116	0.1145	0.1386	0.1059	0.1012	0.1326	0.1221	0.1222	0.1033	0.1174		
		0.13	0.1215	0.149	0.1344	0.1261	0.1312	0.129	0.1334	0.1398	0.158	0.1252	0.118		0.111	0.1041	0.1233	0.1117	0.1048	0.1101	0.1084	0.1056	0.1167	0.1361	0.1069	0.0999		
		
~End
Copyright © 2003 Molecular Devices. All rights reserved.
