##BLOCKS= 1          
Plate:	Plate#1	1.3	PlateFormat	Endpoint	Absorbance	Raw	FALSE	1						2	490 750	1	12	96	1	8	None	
	Temperature(¡C)	1	2	3	4	5	6	7	8	9	10	11	12		1	2	3	4	5	6	7	8	9	10	11	12		
	23.20	0.1304	0.1554	0.125	0.1379	0.1282	0.1224	0.1308	0.143	0.1549	0.1239	0.1359	0.1278		0.109	0.1101	0.1067	0.112	0.1061	0.1017	0.1109	0.1047	0.1151	0.1042	0.1163	0.1079		
		0.4679	0.124	0.2921	0.1197	0.1201	0.1247	0.1339	0.1319	0.1233	0.1242	0.1262	0.1258		0.3753	0.1036	0.2043	0.1021	0.1018	0.1039	0.1142	0.1101	0.1032	0.1049	0.1024	0.1067		
		0.1288	0.1193	0.1273	0.1221	0.1317	0.1292	0.1337	0.1768	0.1235	0.1358	0.1188	0.1132		0.1009	0.0999	0.1048	0.1021	0.1057	0.1095	0.1057	0.1463	0.1054	0.1169	0.1023	0.0974		
		0.128	0.1314	0.1391	0.1383	0.1201	0.1241	0.1336	0.1265	0.1402	0.1264	0.1215	0.1323		0.102	0.1132	0.1197	0.121	0.1044	0.1064	0.1131	0.1054	0.1147	0.1055	0.1039	0.1142		
		0.1903	0.1624	0.1205	0.1275	0.129	0.1244	0.1391	0.1292	0.1208	0.1285	0.1158	0.1427		0.1051	0.138	0.1021	0.1067	0.1051	0.1077	0.1192	0.1082	0.1027	0.1095	0.1003	0.1001		
		0.1461	0.1513	0.1377	0.2867	0.1261	0.1211	0.14	0.1287	0.159	0.1251	0.1277	0.1609		0.126	0.1272	0.1152	0.2578	0.1041	0.1002	0.109	0.1072	0.135	0.1053	0.1082	0.1346		
		0.1268	0.4115	0.173	0.1468	0.1204	0.1247	0.1328	0.1261	0.1352	0.1288	0.1186	0.1281		0.107	0.3541	0.1433	0.1236	0.0981	0.1042	0.1129	0.1053	0.1124	0.1079	0.1011	0.1098		
		0.1286	0.1244	0.1346	0.1277	0.1414	0.1273	0.2187	0.1551	0.1345	0.1602	0.1264	0.1183		0.1088	0.1066	0.1106	0.1071	0.1183	0.1072	0.1869	0.1249	0.1132	0.1407	0.1089	0.1002		
		
~End
Copyright © 2003 Molecular Devices. All rights reserved.
