##BLOCKS= 1          
Plate:	Plate#1	1.3	PlateFormat	Endpoint	Absorbance	Raw	FALSE	1						2	490 750	1	12	96	1	8	None	
	Temperature(¡C)	1	2	3	4	5	6	7	8	9	10	11	12		1	2	3	4	5	6	7	8	9	10	11	12		
	22.50	0.1452	0.1507	0.1421	0.1437	0.1448	0.1621	0.1464	0.1587	0.1566	0.1446	0.1533	0.1434		0.1224	0.1124	0.1193	0.1192	0.1224	0.1367	0.1223	0.1175	0.117	0.121	0.1301	0.1196		
		0.4974	0.2354	0.316	0.1491	0.1465	0.1581	0.1648	0.1456	0.1487	0.1412	0.1478	0.1431		0.4345	0.1783	0.2067	0.1231	0.1211	0.1292	0.1388	0.1172	0.1229	0.1191	0.1204	0.1185		
		0.1397	0.1474	0.1524	0.1519	0.1659	0.1438	0.16	0.1484	0.1456	0.1407	0.1497	0.1407		0.1094	0.1218	0.1247	0.1189	0.133	0.1198	0.1256	0.1238	0.1217	0.118	0.1263	0.1185		
		0.155	0.1496	0.1401	0.1512	0.1497	0.1504	0.1566	0.1473	0.1462	0.1503	0.1429	0.1438		0.132	0.1208	0.1144	0.1228	0.1246	0.1238	0.1283	0.1211	0.117	0.1232	0.1203	0.1175		
		0.1886	0.1461	0.1451	0.1446	0.1546	0.157	0.1409	0.1402	0.1445	0.1486	0.1489	0.1646		0.1238	0.124	0.1205	0.1213	0.1256	0.1328	0.1176	0.1153	0.1213	0.1241	0.1245	0.1175		
		0.1489	0.1474	0.1449	0.1557	0.1494	0.1458	0.1485	0.1502	0.1531	0.1491	0.1542	0.1484		0.1166	0.1219	0.1179	0.127	0.1209	0.1187	0.115	0.1194	0.1267	0.1221	0.1287	0.1229		
		0.1434	0.5882	0.1514	0.1346	0.1555	0.1491	0.138	0.1515	0.1453	0.1414	0.148	0.1458		0.115	0.5205	0.1224	0.1128	0.1233	0.1205	0.1144	0.1287	0.1194	0.1169	0.1227	0.121		
		0.1468	0.1506	0.1684	0.1495	0.1416	0.1426	0.1413	0.1595	0.1578	0.1905	0.1494	0.1489		0.1224	0.1263	0.1372	0.1211	0.1144	0.1177	0.1198	0.1202	0.1319	0.1591	0.1258	0.1251		
		
~End
Copyright © 2003 Molecular Devices. All rights reserved.
