##BLOCKS= 1          
Plate:	Plate#1	1.3	PlateFormat	Endpoint	Absorbance	Raw	FALSE	1						2	490 750	1	12	96	1	8	None	
	Temperature(¡C)	1	2	3	4	5	6	7	8	9	10	11	12		1	2	3	4	5	6	7	8	9	10	11	12		
	23.00	0.1211	0.1547	0.1224	0.1227	0.1222	0.1263	0.126	0.1503	0.1387	0.1273	0.1297	0.1276		0.0992	0.1064	0.1037	0.1022	0.1036	0.1072	0.1058	0.1148	0.1052	0.1077	0.1097	0.1079		
		0.5134	0.1184	0.2706	0.1233	0.135	0.1231	0.1254	0.1293	0.1215	0.1202	0.135	0.1336		0.453	0.1034	0.1826	0.1031	0.1145	0.1022	0.1062	0.1078	0.1016	0.1039	0.1082	0.1142		
		0.1394	0.1384	0.144	0.1346	0.1407	0.1275	0.1337	0.1247	0.1256	0.1192	0.1257	0.1266		0.1122	0.1129	0.114	0.109	0.1129	0.1074	0.1051	0.1057	0.1063	0.1016	0.1082	0.1082		
		0.1248	0.1307	0.1235	0.1311	0.136	0.1361	0.1239	0.1186	0.1298	0.1477	0.1236	0.1403		0.1034	0.1115	0.1074	0.1143	0.1179	0.1215	0.1058	0.1042	0.1115	0.1239	0.1099	0.1234		
		0.1782	0.1234	0.1159	0.1213	0.1358	0.1287	0.1347	0.1248	0.136	0.1245	0.118	0.1466		0.1019	0.1057	0.0965	0.1019	0.1097	0.109	0.1151	0.1029	0.1155	0.1057	0.1008	0.1048		
		0.127	0.1279	0.1433	0.1291	0.1458	0.1307	0.1441	0.1367	0.1351	0.1279	0.1217	0.1287		0.1087	0.1092	0.1213	0.108	0.12	0.1094	0.1103	0.1099	0.1135	0.1068	0.1034	0.109		
		0.1178	0.3139	0.1265	0.1247	0.1255	0.1205	0.1208	0.12	0.1234	0.1307	0.1371	0.1161		0.0945	0.26	0.1056	0.1061	0.1039	0.1006	0.1036	0.1013	0.1029	0.1098	0.1179	0.1002		
		0.1296	0.1296	0.1883	0.1265	0.1616	0.1264	0.126	0.1471	0.1735	0.1473	0.1224	0.1223		0.1091	0.11	0.1615	0.1061	0.1376	0.1047	0.1066	0.1093	0.1535	0.1249	0.1047	0.1041		
		
~End
Copyright © 2003 Molecular Devices. All rights reserved.
