##BLOCKS= 1          
Plate:	Plate#1	1.3	PlateFormat	Endpoint	Absorbance	Raw	FALSE	1						2	490 750	1	12	96	1	8	None	
	Temperature(¡C)	1	2	3	4	5	6	7	8	9	10	11	12		1	2	3	4	5	6	7	8	9	10	11	12		
	23.00	0.1356	0.1553	0.1257	0.13	0.1368	0.1224	0.137	0.1553	0.1535	0.1412	0.1449	0.1329		0.1207	0.107	0.1068	0.109	0.116	0.1039	0.1161	0.1126	0.1124	0.1189	0.1222	0.1123		
		0.4286	0.1234	0.2945	0.1266	0.1272	0.1371	0.1324	0.1412	0.1279	0.1357	0.1358	0.125		0.3666	0.1035	0.1966	0.1071	0.1063	0.1137	0.1136	0.1164	0.1067	0.1173	0.1077	0.1059		
		0.1234	0.1429	0.126	0.1402	0.1346	0.1289	0.1537	0.1297	0.1331	0.1272	0.1289	0.1304		0.1067	0.1193	0.1013	0.1172	0.108	0.1096	0.1218	0.1098	0.112	0.1082	0.111	0.1112		
		0.1288	0.129	0.1326	0.1483	0.1305	0.1226	0.1245	0.1331	0.1344	0.1434	0.136	0.1327		0.1111	0.1068	0.1141	0.1248	0.1125	0.1034	0.1063	0.1142	0.1123	0.1191	0.1167	0.1159		
		0.1936	0.1346	0.1336	0.1318	0.1461	0.1227	0.1313	0.1371	0.134	0.135	0.1334	0.1753		0.1116	0.116	0.1127	0.1119	0.1182	0.1033	0.1118	0.1137	0.1147	0.1153	0.113	0.1247		
		0.1472	0.1444	0.1531	0.1378	0.1521	0.1229	0.1459	0.1424	0.1261	0.1302	0.1458	0.12		0.1223	0.1205	0.1299	0.1151	0.126	0.1039	0.1134	0.1153	0.1054	0.1091	0.1235	0.1023		
		0.1136	0.329	0.1309	0.1287	0.1289	0.127	0.1312	0.1358	0.1324	0.1364	0.1359	0.1197		0.0984	0.3076	0.1093	0.1092	0.1059	0.1069	0.1098	0.1137	0.1104	0.1151	0.1145	0.1021		
		0.1333	0.1389	0.2565	0.1258	0.1377	0.1262	0.1256	0.1307	0.1407	0.6774	0.1316	0.1332		0.1122	0.1167	0.2297	0.105	0.1147	0.1056	0.106	0.1047	0.1218	0.6172	0.1134	0.1132		
		
~End
Copyright © 2003 Molecular Devices. All rights reserved.
