##BLOCKS= 1          
Plate:	Plate#1	1.3	PlateFormat	Endpoint	Absorbance	Raw	FALSE	1						2	490 750	1	12	96	1	8	None	
	Temperature(¡C)	1	2	3	4	5	6	7	8	9	10	11	12		1	2	3	4	5	6	7	8	9	10	11	12		
	23.00	0.1383	0.1585	0.1332	0.1258	0.1289	0.1271	0.1446	0.1563	0.1507	0.1337	0.1368	0.1681		0.1092	0.1137	0.1121	0.1051	0.1093	0.1066	0.1215	0.1134	0.11	0.1144	0.1161	0.1472		
		0.5907	0.1441	0.3189	0.1262	0.1209	0.1316	0.1254	0.1428	0.1367	0.1314	0.1306	0.1346		0.5023	0.126	0.2082	0.1063	0.1006	0.1087	0.1058	0.1201	0.1141	0.1113	0.1029	0.1145		
		0.1273	0.1382	0.1265	0.1343	0.1412	0.1448	0.137	0.1271	0.1224	0.1243	0.1295	0.132		0.1059	0.1171	0.1015	0.1114	0.1128	0.1206	0.1073	0.109	0.1026	0.1062	0.1108	0.1121		
		0.1251	0.1327	0.127	0.1309	0.1398	0.1279	0.1267	0.1328	0.1264	0.1292	0.1283	0.1404		0.104	0.1143	0.112	0.1107	0.1205	0.1105	0.1096	0.1142	0.1048	0.1089	0.1112	0.1178		
		0.199	0.1356	0.1268	0.126	0.1295	0.1338	0.1371	0.1367	0.1387	0.1336	0.1246	0.1745		0.1111	0.1147	0.1066	0.1063	0.1037	0.1127	0.1171	0.1126	0.1175	0.1131	0.1059	0.1245		
		0.1349	0.1392	0.1392	0.129	0.1419	0.1395	0.1447	0.1351	0.126	0.1412	0.1367	0.1448		0.1106	0.12	0.1172	0.1064	0.1159	0.1183	0.1102	0.1085	0.1065	0.1192	0.1154	0.1238		
		0.1243	0.4074	0.1281	0.1322	0.1449	0.1275	0.1421	0.1433	0.1844	0.1455	0.1334	0.1183		0.1069	0.3596	0.1069	0.112	0.1211	0.107	0.1216	0.1207	0.1641	0.1228	0.1136	0.1013		
		0.1237	0.1359	0.1475	0.1284	0.1379	0.138	0.1303	0.1371	0.1266	0.1247	0.137	0.1305		0.1058	0.113	0.1219	0.1073	0.1148	0.1147	0.1094	0.1094	0.1059	0.1048	0.1171	0.1091		
		
~End
Copyright © 2003 Molecular Devices. All rights reserved.
