##BLOCKS= 1          
Plate:	Plate#1	1.3	PlateFormat	Endpoint	Absorbance	Raw	FALSE	1						2	490 750	1	12	96	1	8	None	
	Temperature(¡C)	1	2	3	4	5	6	7	8	9	10	11	12		1	2	3	4	5	6	7	8	9	10	11	12		
	23.10	0.2642	0.7588	0.2602	0.5765	0.2934	0.6053	0.2555	0.346	0.5226	0.3527	0.7892	0.6906		0.1789	0.5187	0.1988	0.41	0.2199	0.4795	0.1776	0.2474	0.3775	0.2635	0.4061	0.5596		
		0.5771	0.2589	0.9314	0.5889	0.8624	0.2276	0.6226	0.2335	0.664	0.2815	0.5363	0.6987		0.4563	0.2015	0.7105	0.4041	0.6267	0.1664	0.4348	0.1819	0.5292	0.2093	0.3959	0.5301		
		0.3834	0.2002	0.3823	0.404	0.8747	0.4264	0.3128	0.2656	0.3425	0.7113	0.7916	0.7363		0.2527	0.1399	0.2942	0.2818	0.6254	0.3184	0.2283	0.1965	0.2585	0.5343	0.6179	0.5664		
		1.0713	0.9608	0.5991	0.4651	0.3432	0.6918	0.2508	0.7975	0.7056	0.2274	0.7735	0.5429		0.7955	0.7328	0.4477	0.3394	0.255	0.5266	0.1868	0.6491	0.5296	0.1734	0.6027	0.4122		
		0.4153	0.4037	0.217	0.5009	0.3104	0.7374	0.8179	0.3168	0.6101	0.5836	0.3976	0.7809		0.2724	0.3037	0.1595	0.3657	0.2158	0.5603	0.6109	0.2319	0.4606	0.4472	0.294	0.5504		
		0.3483	0.5732	0.5467	0.4188	0.263	0.4102	0.6519	0.3769	0.3098	0.3375	0.4919	1.187		0.3043	0.4161	0.3924	0.3093	0.2025	0.286	0.4401	0.2888	0.2264	0.2365	0.357	0.612		
		0.5548	0.453	0.4367	0.5699	0.249	0.5499	0.2683	0.4343	0.324	0.4134	0.2876	0.5558		0.3288	0.3671	0.3259	0.3154	0.1861	0.4139	0.2026	0.3206	0.2113	0.287	0.2067	0.414		
		0.3519	0.416	0.3539	0.3679	0.6434	0.4096	0.2504	0.2512	0.3777	0.2913	0.2056	0.2672		0.2576	0.2847	0.2381	0.2788	0.4844	0.273	0.1824	0.1653	0.2698	0.2108	0.153	0.1967		
		
~End
Copyright © 2003 Molecular Devices. All rights reserved.
