##BLOCKS= 1          
Plate:	Plate#1	1.3	PlateFormat	Endpoint	Absorbance	Raw	FALSE	1						2	490 750	1	12	96	1	8	None	
	Temperature(¡C)	1	2	3	4	5	6	7	8	9	10	11	12		1	2	3	4	5	6	7	8	9	10	11	12		
	23.10	0.2433	0.6402	0.236	0.2855	0.2046	0.228	0.3374	0.1991	0.5734	0.213	2.0832	0.889		0.2051	0.3469	0.1862	0.2155	0.1614	0.1784	0.2083	0.1411	0.4266	0.1662	0.5801	0.6768		
		0.5927	0.2147	1.3471	0.4268	0.5042	0.2035	0.5288	0.286	0.8314	0.1934	0.3664	1.0565		0.4603	0.1712	1.0114	0.3078	0.3682	0.1571	0.4168	0.2223	0.6722	0.1504	0.2523	0.7867		
		0.3606	0.1953	0.3316	0.3171	0.69	0.614	0.5474	0.2417	0.2567	0.4608	0.6762	0.9429		0.2536	0.1443	0.2606	0.2494	0.5199	0.3321	0.3697	0.1939	0.2032	0.3725	0.5448	0.733		
		0.383	0.8293	0.8715	0.477	0.22	0.3216	0.1686	0.6581	0.5896	0.1894	0.7081	0.5093		0.2941	0.6088	0.6612	0.3553	0.1721	0.2584	0.1328	0.4956	0.4259	0.1464	0.5317	0.356		
		0.3331	0.6425	0.2854	0.2887	0.1694	0.4681	0.6765	0.2191	0.8512	0.7196	0.2	0.7227		0.1962	0.4885	0.2262	0.2314	0.1327	0.3513	0.4643	0.1741	0.6609	0.5004	0.1542	0.4153		
		0.5473	0.4705	1.4991	0.4526	0.3029	0.4359	0.2957	0.3277	0.2234	0.5891	0.7442	1.5872		0.4277	0.3756	0.4655	0.3736	0.2429	0.3072	0.2015	0.2692	0.1732	0.3028	0.326	0.5123		
		0.3069	0.4367	0.4099	0.5895	0.2354	0.237	0.2881	0.6221	0.3928	0.268	0.2597	0.4675		0.2526	0.3772	0.3377	0.421	0.1895	0.1923	0.2159	0.4058	0.2843	0.1964	0.1882	0.3335		
		0.2863	0.2775	0.373	0.376	0.2387	0.3312	0.2098	0.1966	0.3284	0.2276	0.2211	0.1998		0.2127	0.2187	0.2266	0.2893	0.1894	0.2316	0.1481	0.148	0.2435	0.1813	0.169	0.1489		
		
~End
Copyright © 2003 Molecular Devices. All rights reserved.
