##BLOCKS= 1          
Plate:	Plate#1	1.3	PlateFormat	Endpoint	Absorbance	Raw	FALSE	1						2	490 750	1	12	96	1	8	None	
	Temperature(¡C)	1	2	3	4	5	6	7	8	9	10	11	12		1	2	3	4	5	6	7	8	9	10	11	12		
	23.10	0.212	0.5937	0.2356	0.4362	0.2142	0.2172	0.3175	0.2247	0.4451	0.2266	2.2286	0.9099		0.1655	0.3733	0.1886	0.338	0.1693	0.1707	0.2102	0.1659	0.3218	0.1822	0.6311	0.6976		
		0.5186	0.2989	1.0354	0.7069	0.5434	0.2261	0.4838	0.8921	0.7053	0.2851	0.5547	0.8259		0.4027	0.2542	0.7273	0.5316	0.3933	0.177	0.3753	0.7382	0.5525	0.2284	0.3927	0.6011		
		0.2965	0.1867	0.2832	0.2575	0.7876	0.4626	0.5923	0.3012	0.2241	0.5107	0.785	0.9915		0.2013	0.1433	0.2191	0.1914	0.6004	0.3099	0.4089	0.2443	0.177	0.4206	0.6266	0.7942		
		0.2901	0.6747	0.7377	0.8113	0.2626	0.4038	0.2186	0.7196	0.5896	0.1775	0.6423	0.3504		0.2319	0.5062	0.5726	0.6404	0.2049	0.3325	0.1697	0.5603	0.438	0.1355	0.4787	0.2645		
		0.4877	0.6243	0.2166	0.2342	0.2308	0.7891	0.9728	0.2293	0.551	0.6229	0.2386	0.592		0.287	0.4917	0.1653	0.1817	0.1885	0.6079	0.7069	0.182	0.4102	0.4256	0.1874	0.3423		
		0.4092	0.4406	1.4293	0.4462	0.3537	0.3825	0.4495	0.3191	0.2135	0.7852	0.9965	1.7641		0.3472	0.3449	0.5075	0.364	0.2887	0.2644	0.3109	0.2615	0.1665	0.3278	0.3256	0.5747		
		0.2372	0.366	0.2866	0.3854	0.1769	0.3233	0.3169	0.4936	0.2899	0.2109	0.2393	0.5702		0.1805	0.303	0.2354	0.2734	0.1436	0.2661	0.2486	0.3373	0.2065	0.1545	0.173	0.3923		
		0.276	0.4318	0.4265	0.2651	0.2814	0.365	0.2589	0.212	0.345	0.2825	0.2086	0.2227		0.2101	0.3468	0.2543	0.2046	0.2249	0.2611	0.1905	0.1532	0.2554	0.217	0.1603	0.1697		
		
~End
Copyright © 2003 Molecular Devices. All rights reserved.
