##BLOCKS= 1          
Plate:	Plate#1	1.3	PlateFormat	Endpoint	Absorbance	Raw	FALSE	1						2	490 750	1	12	96	1	8	None	
	Temperature(¡C)	1	2	3	4	5	6	7	8	9	10	11	12		1	2	3	4	5	6	7	8	9	10	11	12		
	22.70	0.1212	0.1484	0.127	0.1308	0.1242	0.122	0.123	0.1537	0.149	0.1248	0.1297	0.1254		0.1029	0.1057	0.1086	0.1108	0.107	0.1042	0.1054	0.1109	0.108	0.1061	0.1095	0.1072		
		0.6013	0.1262	0.2535	0.126	0.1307	0.1225	0.1219	0.1295	0.1285	0.1281	0.1334	0.127		0.4658	0.1076	0.1833	0.1082	0.1112	0.102	0.1041	0.1091	0.1077	0.1101	0.1071	0.1086		
		0.1213	0.122	0.1344	0.1292	0.1398	0.1415	0.2233	0.1236	0.1242	0.1364	0.1281	0.1298		0.1038	0.1017	0.1091	0.1082	0.1144	0.1209	0.1967	0.1072	0.1067	0.1175	0.1099	0.1118		
		0.1185	0.1182	0.1191	0.1239	0.1269	0.1237	0.1236	0.1278	0.1222	0.1287	0.1263	0.1339		0.1025	0.1019	0.1061	0.1088	0.1122	0.1128	0.106	0.1076	0.1061	0.1118	0.1111	0.1197		
		0.1848	0.1202	0.127	0.126	0.1362	0.1297	0.1303	0.1348	0.1329	0.1213	0.1288	0.1548		0.104	0.1017	0.1073	0.1083	0.1107	0.1107	0.1121	0.1125	0.1129	0.1049	0.1111	0.1086		
		0.1326	0.1335	0.1356	0.1415	0.1379	0.1321	0.1395	0.1283	0.1244	0.1425	0.1294	0.1376		0.1141	0.1132	0.1157	0.1162	0.1144	0.1124	0.1078	0.1061	0.1047	0.1219	0.1107	0.1159		
		0.1223	0.4126	0.1291	0.1298	0.1245	0.1272	0.1298	0.1258	0.125	0.1258	0.1217	0.1194		0.106	0.3617	0.108	0.1107	0.1035	0.1049	0.1119	0.1072	0.106	0.1065	0.1035	0.1034		
		0.1273	0.1283	0.1318	0.132	0.1263	0.1188	0.1309	0.1453	0.1229	0.2002	0.124	0.1258		0.1115	0.1096	0.1094	0.11	0.1041	0.1015	0.113	0.1102	0.1047	0.1804	0.1064	0.1067		
		
~End
Copyright © 2003 Molecular Devices. All rights reserved.
