##BLOCKS= 1          
Plate:	Plate#1	1.3	PlateFormat	Endpoint	Absorbance	Raw	FALSE	1						2	490 750	1	12	96	1	8	None	
	Temperature(¡C)	1	2	3	4	5	6	7	8	9	10	11	12		1	2	3	4	5	6	7	8	9	10	11	12		
	22.10	0.1249	0.1589	0.1238	0.1177	0.1251	0.1266	0.1253	0.1496	0.1532	0.1233	0.1252	0.1264		0.1024	0.1135	0.1042	0.099	0.1062	0.1068	0.1042	0.1072	0.111	0.103	0.1043	0.1053		
		0.5416	0.1314	0.3218	0.1304	0.1228	0.1276	0.1242	0.1337	0.136	0.1365	0.1314	0.1237		0.4252	0.1083	0.2331	0.1055	0.1025	0.1041	0.1046	0.1094	0.113	0.1147	0.1054	0.1026		
		0.1239	0.1281	0.1362	0.1324	0.154	0.1258	0.1357	0.1503	0.1238	0.1208	0.1145	0.1308		0.1098	0.1048	0.1084	0.1084	0.1223	0.1058	0.1048	0.1287	0.1038	0.1013	0.0977	0.1098		
		0.1303	0.1229	0.1264	0.1385	0.1308	0.1293	0.131	0.1283	0.1233	0.1354	0.1288	0.1277		0.1044	0.1008	0.1061	0.1163	0.1146	0.1064	0.1069	0.1043	0.1008	0.1127	0.1073	0.1051		
		0.1871	0.1253	0.1203	0.1281	0.1322	0.1236	0.1215	0.1237	0.1341	0.1222	0.1231	0.1579		0.104	0.1039	0.1001	0.1066	0.1059	0.1041	0.1024	0.1019	0.1112	0.103	0.1028	0.1099		
		0.1329	0.1368	0.1301	0.1387	0.1335	0.1342	0.1387	0.1269	0.124	0.1286	0.13	0.1271		0.1127	0.1125	0.1087	0.1116	0.1077	0.1102	0.105	0.104	0.1027	0.1062	0.1073	0.1075		
		0.1178	0.3864	0.1326	0.1267	0.1334	0.1275	0.1259	0.1241	0.1232	0.1297	0.1181	0.1196		0.0994	0.3517	0.108	0.106	0.1066	0.1045	0.1052	0.1027	0.1013	0.1073	0.0994	0.101		
		0.1311	0.1228	0.1291	0.1509	0.1336	0.1262	0.1257	0.2741	0.1299	0.3149	0.1181	0.1266		0.1147	0.1027	0.1043	0.1207	0.1081	0.1036	0.1056	0.2281	0.1074	0.273	0.1001	0.106		
		
~End
Copyright © 2003 Molecular Devices. All rights reserved.
