##BLOCKS= 1          
Plate:	Plate#1	1.3	PlateFormat	Endpoint	Absorbance	Raw	FALSE	1						2	490 750	1	12	96	1	8	None	
	Temperature(¡C)	1	2	3	4	5	6	7	8	9	10	11	12		1	2	3	4	5	6	7	8	9	10	11	12		
	22.20	0.1313	0.1551	0.1257	0.1305	0.1226	0.1203	0.1239	0.148	0.1532	0.1332	0.1355	0.1278		0.1044	0.1112	0.1048	0.1075	0.1041	0.1018	0.1043	0.1043	0.1098	0.1107	0.1147	0.1061		
		0.4969	0.273	0.368	0.1337	0.126	0.1285	0.1378	0.1372	0.1439	0.1283	0.1421	0.1243		0.3962	0.2273	0.2401	0.1098	0.1045	0.1043	0.1135	0.1098	0.1185	0.1067	0.1113	0.1038		
		0.1401	0.1367	0.1405	0.1282	0.2586	0.1562	0.1509	0.1313	0.1221	0.128	0.1259	0.1277		0.1141	0.1097	0.1118	0.1052	0.225	0.1339	0.1177	0.1115	0.1019	0.1077	0.1062	0.1067		
		0.1301	0.1232	0.1229	0.134	0.1353	0.141	0.1282	0.1369	0.1375	0.1371	0.1176	0.1268		0.1022	0.101	0.1039	0.1092	0.1101	0.117	0.1046	0.1104	0.1156	0.1104	0.0985	0.1078		
		0.1847	0.1242	0.1267	0.1353	0.1399	0.1455	0.1322	0.1262	0.1254	0.1418	0.1288	0.1582		0.1014	0.1044	0.1045	0.1113	0.1115	0.1204	0.1111	0.1033	0.1052	0.119	0.1089	0.1077		
		0.1297	0.1328	0.1326	0.1325	0.1338	0.1236	0.1453	0.1264	0.1365	0.1254	0.1244	0.1308		0.1089	0.1107	0.1092	0.1068	0.1098	0.103	0.1109	0.103	0.1133	0.1034	0.1049	0.1102		
		0.1211	0.4289	0.1362	0.132	0.1394	0.1334	0.1224	0.1236	0.1374	0.1343	0.1227	0.1242		0.1057	0.3265	0.1111	0.1094	0.1131	0.1093	0.1026	0.1026	0.1124	0.1101	0.1026	0.1045		
		0.1305	0.1321	0.1622	0.1327	0.1426	0.1306	0.1145	0.3229	0.1328	0.1356	0.1203	0.1353		0.1072	0.1097	0.1368	0.1082	0.116	0.1076	0.0969	0.2492	0.11	0.1135	0.1015	0.1125		
		
~End
Copyright © 2003 Molecular Devices. All rights reserved.
