##BLOCKS= 1          
Plate:	Plate#1	1.3	PlateFormat	Endpoint	Absorbance	Raw	FALSE	1						2	490 750	1	12	96	1	8	None	
	Temperature(¡C)	1	2	3	4	5	6	7	8	9	10	11	12		1	2	3	4	5	6	7	8	9	10	11	12		
	22.20	0.1253	0.1553	0.125	0.1396	0.135	0.1274	0.1296	0.1477	0.1554	0.1445	0.1354	0.1324		0.1046	0.1099	0.106	0.1167	0.1138	0.1056	0.1075	0.106	0.1121	0.1213	0.1115	0.1109		
		0.6038	0.1333	0.3866	0.1259	0.135	0.1249	0.1266	0.1433	0.1231	0.1355	0.134	0.1226		0.489	0.1112	0.2865	0.1052	0.1116	0.1019	0.106	0.1162	0.1024	0.1143	0.1093	0.1026		
		0.1235	0.131	0.1462	0.1459	0.142	0.1375	0.1446	0.1338	0.1223	0.1266	0.1222	0.1315		0.1015	0.1102	0.1173	0.1205	0.1115	0.1145	0.1132	0.1125	0.1027	0.1063	0.1028	0.1094		
		0.1301	0.13	0.123	0.1241	0.1285	0.1284	0.1303	0.1205	0.1268	0.1435	0.125	0.1319		0.1128	0.1079	0.1107	0.1086	0.1124	0.1091	0.1105	0.104	0.1089	0.1238	0.1067	0.1126		
		0.1788	0.1396	0.1404	0.1447	0.1348	0.1407	0.1508	0.1418	0.1312	0.1274	0.1286	0.1552		0.1051	0.1158	0.1149	0.1207	0.1073	0.1167	0.126	0.1168	0.11	0.107	0.108	0.1063		
		0.1376	0.1378	0.1444	0.1307	0.1333	0.1527	0.1413	0.1424	0.1281	0.1356	0.1351	0.1343		0.1134	0.1128	0.1207	0.1056	0.1083	0.1274	0.1076	0.1147	0.1065	0.1131	0.1133	0.1127		
		0.1243	0.3466	0.1336	0.1284	0.1275	0.1383	0.1296	0.1534	0.1352	0.1282	0.1318	0.1325		0.1034	0.2971	0.1104	0.1063	0.1034	0.1123	0.1083	0.1276	0.111	0.1059	0.1096	0.1107		
		0.1198	0.154	0.1309	0.1306	0.1253	0.1383	0.1351	0.154	0.1529	0.1505	0.1169	0.1277		0.1016	0.1264	0.1072	0.1072	0.1021	0.1158	0.1123	0.1095	0.1291	0.1289	0.099	0.1061		
		
~End
Copyright © 2003 Molecular Devices. All rights reserved.
