##BLOCKS= 1          
Plate:	Plate#1	1.3	PlateFormat	Endpoint	Absorbance	Raw	FALSE	1						2	490 750	1	12	96	1	8	None	
	Temperature(¡C)	1	2	3	4	5	6	7	8	9	10	11	12		1	2	3	4	5	6	7	8	9	10	11	12		
	22.90	0.2595	1.7352	0.2702	2.1975	0.4064	2.0363	1.3411	0.8241	1.1644	1.1389	1.5988	1.7055		0.1661	0.7586	0.1621	0.9733	0.2223	1.4777	0.5727	0.5305	0.655	0.864	0.8496	1.0572		
		0.4389	0.4226	1.9937	1.4781	1.522	1.5692	1.83	0.7662	1.6476	0.6684	1.5127	2.0912		0.365	0.2762	1.0533	0.9042	0.9573	0.9652	1.1281	0.4565	0.9682	0.3779	0.8333	1.0339		
		0.7155	0.2822	0.9119	1.7077	1.6534	1.461	1.4801	1.1976	0.4934	1.4057	2.2011	1.8007		0.4129	0.1445	0.4841	0.9891	0.823	0.9294	0.6548	0.7466	0.2396	0.9075	1.2208	0.9821		
		1.9346	2.0496	2.0118	1.4883	1.6709	0.6303	2.1717	1.5912	1.4213	0.4647	2.2551	1.3839		1.2129	1.1833	1.1287	0.9365	0.9984	0.3394	1.3536	0.9683	0.85	0.2439	1.2559	0.7712		
		0.683	1.4864	1.9576	2.3464	2.0854	1.8851	2.3755	1.1787	2.2613	1.8905	0.463	1.8434		0.3277	0.4005	0.9854	1.1761	1.1751	0.9849	1.2182	0.7132	1.2787	0.9416	0.2445	1.0487		
		0.4419	1.7299	1.0306	2.2099	2.3999	1.4862	1.2818	0.5438	0.6865	2.044	1.6027	2.1483		0.3041	0.5564	0.382	0.8358	0.8388	0.7409	0.5702	0.301	0.3467	0.8059	0.5284	0.7044		
		1.8186	1.7423	1.2327	1.467	0.2572	1.6958	0.3259	0.3721	0.2512	0.4346	0.2939	0.2299		0.5259	0.8662	0.6294	0.5318	0.1655	0.4311	0.1886	0.1886	0.1424	0.2285	0.1699	0.1408		
		0.2716	0.4021	0.2712	0.3884	0.4913	0.5911	0.4235	0.4479	0.8194	1.041	0.238	0.2782		0.1721	0.2166	0.1566	0.1957	0.2971	0.2978	0.2121	0.2017	0.3854	0.9404	0.143	0.1638		
		
~End
Copyright © 2003 Molecular Devices. All rights reserved.
