##BLOCKS= 1          
Plate:	Plate#1	1.3	PlateFormat	Endpoint	Absorbance	Raw	FALSE	1						2	490 750	1	12	96	1	8	None	
	Temperature(¡C)	1	2	3	4	5	6	7	8	9	10	11	12		1	2	3	4	5	6	7	8	9	10	11	12		
	22.60	0.2783	1.0739	0.2711	2.0917	0.3722	0.4131	0.9881	1.2516	1.6143	1.6161	1.7279	1.6842		0.1906	0.7064	0.1807	1.2561	0.2509	0.2819	0.6752	0.9239	1.1478	1.1993	1.1072	1.2447		
		0.6427	0.4218	1.4698	0.3625	1.3984	1.8464	1.5989	0.9556	1.3991	0.4942	1.3095	1.7558		0.5134	0.2984	1.0106	0.2363	0.9227	1.2518	1.1389	0.7054	1.022	0.3168	0.9101	1.2539		
		1.2723	0.5172	1.4126	1.6866	1.2427	1.2636	1.478	1.7141	1.8296	1.8945	1.3661	1.6336		0.7484	0.3193	0.8798	1.2012	0.8137	0.7858	0.8768	1.2264	1.3133	1.2861	0.9747	1.1674		
		1.7981	1.7749	0.3522	1.9127	0.3711	0.6289	0.322	1.5385	0.3591	0.471	1.9588	1.741		1.3066	1.3057	0.2378	1.2798	0.2461	0.4268	0.2106	1.0303	0.23	0.3151	1.25	1.1934		
		1.9726	1.0827	0.2839	0.739	1.2439	2.13	1.8646	0.3579	1.8606	0.3842	0.3141	2.3099		1.2526	0.5753	0.1872	0.4727	0.837	1.3252	1.3387	0.2322	1.1579	0.2346	0.1951	1.0661		
		1.0181	0.9222	0.8562	1.4081	1.3754	2.0005	1.5184	0.4756	0.5924	0.7006	0.8853	1.6191		0.6554	0.5625	0.4991	0.9833	0.9008	1.069	0.7319	0.3039	0.3747	0.4124	0.5064	0.7453		
		0.9198	1.4633	1.2043	0.8274	1.2398	0.3181	0.638	1.5825	0.9872	1.3367	0.9212	1.2942		0.54	0.9186	0.867	0.4465	0.7641	0.2295	0.4086	0.9398	0.638	0.8758	0.5607	0.8284		
		1.1003	1.6954	2.3032	1.8638	1.2673	1.3898	1.4516	0.408	0.3278	0.293	0.2674	0.318		0.6254	0.9577	1.1264	0.9834	0.7756	0.7984	0.8556	0.2356	0.2065	0.1853	0.1699	0.1908		
		
~End
Copyright © 2003 Molecular Devices. All rights reserved.
