##BLOCKS= 1          
Plate:	Plate#1	1.3	PlateFormat	Endpoint	Absorbance	Raw	FALSE	1						2	490 750	1	12	96	1	8	None	
	Temperature(¡C)	1	2	3	4	5	6	7	8	9	10	11	12		1	2	3	4	5	6	7	8	9	10	11	12		
	22.70	0.3284	1.2415	0.2616	2.0451	0.3325	0.4663	1.1129	1.281	1.7363	1.3541	1.9968	1.397		0.1963	0.8318	0.1714	1.2201	0.2228	0.3193	0.7769	0.9518	1.2514	1.0155	1.3327	1.0069		
		0.6227	0.3432	1.5279	0.3567	1.1371	1.9764	1.5989	0.9622	1.4889	0.5619	1.4035	1.5181		0.5011	0.2489	1.0723	0.2335	0.7332	1.3468	1.1245	0.7041	1.0964	0.3592	0.9702	1.0969		
		1.1794	0.4996	1.459	1.7157	1.2145	1.2789	1.4779	1.7201	1.7741	1.8637	1.5606	1.5773		0.6961	0.2979	0.9119	1.227	0.7812	0.7894	0.8816	1.2145	1.2506	1.2746	1.1196	1.1133		
		1.6945	1.6346	0.3035	1.967	0.3762	0.6567	0.3589	1.7191	0.3621	0.4735	1.8843	1.9866		1.2803	1.1847	0.2045	1.307	0.2473	0.4465	0.2416	1.1161	0.227	0.3132	1.1866	1.2672		
		1.9742	1.147	0.2839	0.8004	1.1481	2.1306	1.638	0.3516	2.0101	0.418	0.3545	2.3096		1.2568	0.603	0.1873	0.5108	0.7577	1.3138	1.1787	0.2323	1.2342	0.2565	0.2204	1.0783		
		0.9061	0.9266	0.776	1.4575	1.2684	2.1672	1.3575	0.4296	0.5532	0.916	0.8418	1.2963		0.6361	0.5594	0.4492	0.991	0.8224	1.1563	0.6247	0.2731	0.3514	0.5568	0.4645	0.5621		
		0.9261	1.6216	1.4031	0.9342	1.2971	0.3273	0.5902	1.5707	0.9789	1.3572	0.8801	1.2452		0.498	1.0321	1.003	0.5193	0.8029	0.2402	0.3687	0.8901	0.6296	0.8656	0.5318	0.7934		
		1.1344	1.6069	1.9665	1.6832	1.197	1.3547	1.5153	0.4607	0.2933	0.2733	0.2631	0.316		0.6752	0.905	0.8863	0.904	0.7271	0.7554	0.8859	0.2723	0.1869	0.1742	0.1643	0.1961		
		
~End
Copyright © 2003 Molecular Devices. All rights reserved.
