##BLOCKS= 1          
Plate:	Plate#1	1.3	PlateFormat	Endpoint	Absorbance	Raw	FALSE	1						2	490 750	1	12	96	1	8	None	
	Temperature(¡C)	1	2	3	4	5	6	7	8	9	10	11	12		1	2	3	4	5	6	7	8	9	10	11	12		
	23.00	0.324	1.144	0.2692	2.203	0.2483	2.5516	0.8859	0.6433	1.9971	1.3271	2.8402	2.1712		0.2344	0.6645	0.1936	1.2083	0.1843	1.7802	0.5574	0.4344	1.2756	0.8779	1.2952	1.1152		
		0.4355	0.2493	2.0369	0.4791	2.134	0.781	2.074	0.9307	2.1851	0.333	1.3507	1.7504		0.2993	0.1784	1.1884	0.3208	1.2152	0.5034	1.0849	0.5783	1.1098	0.2199	0.7295	0.9168		
		0.4637	0.1802	0.8908	0.987	1.3094	1.6832	2.415	0.6381	0.3472	1.9164	2.043	1.9279		0.3253	0.1429	0.6061	0.6627	0.8159	0.7662	0.8907	0.4344	0.2402	1.0921	1.066	1.0273		
		2.7325	2.1905	2.0223	2.2053	0.65	2.0648	2.6466	1.9683	2.0421	0.607	2.043	2.1837		1.8147	1.1274	1.0782	1.1128	0.4667	1.4021	1.6598	1.109	1.1548	0.3661	1.0409	1.3141		
		2.4464	1.1067	0.2372	2.2803	1.6389	2.0581	2.1919	0.6841	2.1562	2.2432	0.3078	2.3334		1.5258	0.3901	0.1635	1.1775	0.9539	1.1119	1.1516	0.4077	1.1536	1.1166	0.2098	1.1277		
		1.7193	0.8553	1.3338	1.4194	1.5055	1.6753	1.4147	0.4285	0.4889	1.1633	0.9888	1.6803		1.0469	0.5709	0.7336	0.9422	0.9595	0.9858	0.7305	0.2948	0.3509	0.6532	0.4994	0.7752		
		1.0504	2.0189	1.1397	0.9906	1.2752	0.6494	0.5714	1.7785	1.7725	1.7564	1.2127	1.4527		0.5819	1.1289	0.8529	0.5516	0.7207	0.4271	0.3836	0.7995	0.7913	0.7699	0.6275	0.6983		
		0.3091	1.8811	1.2841	0.5549	1.456	1.4664	0.5549	0.293	1.4876	0.2381	0.2764	0.2839		0.1983	1.0246	0.73	0.3902	0.9486	0.7406	0.3841	0.2106	0.7745	0.1778	0.1842	0.1884		
		
~End
Copyright © 2003 Molecular Devices. All rights reserved.
