##BLOCKS= 1          
Plate:	Plate#1	1.3	PlateFormat	Endpoint	Absorbance	Raw	FALSE	1						2	490 750	1	12	96	1	8	None	
	Temperature(¡C)	1	2	3	4	5	6	7	8	9	10	11	12		1	2	3	4	5	6	7	8	9	10	11	12		
	23.00	0.2628	1.1633	0.3702	2.2045	0.2614	2.4878	0.682	0.4608	2.267	1.1414	2.7285	2.0254		0.1796	0.6578	0.2771	1.2325	0.1882	1.6822	0.366	0.3095	1.4291	0.731	1.2249	0.996		
		0.5845	0.2703	2.1385	0.3858	2.142	1.067	2.0715	0.9961	2.1581	0.4097	1.2725	1.836		0.4763	0.1917	1.289	0.2671	1.1807	0.6022	1.0975	0.6103	1.0534	0.2708	0.6525	0.9663		
		0.5887	0.2449	0.6876	0.7834	1.2518	1.4587	1.8191	0.4972	0.3167	2.0121	2.0884	1.9851		0.4109	0.1897	0.4204	0.5236	0.7737	0.7105	0.6852	0.3496	0.215	1.0808	1.0757	1.0468		
		2.8244	2.1863	2.2326	2.3079	1.0048	2.2431	2.7965	1.9571	1.8792	0.5579	2.1164	2.1768		1.9527	1.0991	1.1732	1.1503	0.6842	1.4599	1.7341	1.1098	1.0597	0.3402	1.0629	1.3433		
		2.5246	1.0636	0.2839	2.2807	1.6935	2.3096	2.1834	0.5479	2.2034	2.5585	0.3375	2.2062		1.5969	0.3901	0.2082	1.2555	1.0023	1.2096	1.1477	0.3247	1.1747	1.2504	0.227	1.1114		
		1.7629	0.8859	1.1882	1.4478	1.4582	1.742	1.0794	0.3713	0.5484	1.2372	1.2952	1.9553		1.139	0.6091	0.6374	0.9588	0.9474	1.0278	0.5884	0.258	0.4011	0.6903	0.6065	0.8673		
		1.1904	1.9997	0.8454	0.8873	1.2773	0.6871	0.3935	1.9934	1.7765	1.5048	1.1707	1.3385		0.64	1.1209	0.6317	0.554	0.7137	0.4576	0.2622	0.8931	0.7937	0.661	0.5924	0.6448		
		0.3461	1.7251	0.9953	0.7443	1.3666	1.3521	0.6259	0.1899	1.576	0.2091	0.2724	0.3885		0.2443	0.9738	0.6163	0.5176	0.9167	0.6445	0.4537	0.1435	0.801	0.1634	0.1798	0.289		
		
~End
Copyright © 2003 Molecular Devices. All rights reserved.
