##BLOCKS= 1          
Plate:	Plate#1	1.3	PlateFormat	Endpoint	Absorbance	Raw	FALSE	1						2	490 750	1	12	96	1	8	None	
	Temperature(¡C)	1	2	3	4	5	6	7	8	9	10	11	12		1	2	3	4	5	6	7	8	9	10	11	12		
	23.10	0.2315	1.0705	0.2714	2.0969	0.2883	2.8637	0.4681	0.6026	2.0288	0.817	2.9172	1.9436		0.1675	0.6145	0.2004	1.1927	0.2004	1.9341	0.2346	0.4046	1.2699	0.5623	1.3917	0.9739		
		0.4786	0.2271	2.0816	0.4568	2.0878	1.0468	2.1054	0.9498	2.2187	0.3414	1.211	1.9725		0.3787	0.1632	1.2623	0.3154	1.1486	0.6026	1.0687	0.5872	1.1036	0.2332	0.6722	0.9984		
		0.501	0.1625	0.7911	0.8807	1.2505	1.5158	2.0165	0.6304	0.2857	2.0825	2.1463	1.9985		0.3682	0.1279	0.4182	0.6059	0.7747	0.7323	0.7477	0.4283	0.2073	1.1333	1.1304	1.0422		
		2.8819	2.4409	2.2831	2.436	1.0665	2.3599	2.868	1.9282	2.0033	0.5412	2.2318	2.21		2.0017	1.2458	1.1638	1.2029	0.6989	1.4996	1.7642	1.0916	1.078	0.4119	1.1293	1.3487		
		2.4574	1.0211	0.3104	2.3423	1.8117	2.0741	2.2731	0.7986	2.1993	2.5153	0.2335	2.1547		1.5201	0.3761	0.237	1.2498	1.0481	1.119	1.1925	0.4816	1.1817	1.2204	0.1748	1.0247		
		1.7908	0.891	1.2596	1.4439	1.4375	1.8125	1.3809	0.3874	0.5163	1.1399	1.4315	1.9446		1.1268	0.5902	0.6827	0.9697	0.9242	1.1139	0.8313	0.2674	0.3752	0.6572	0.7392	0.87		
		1.0067	2.342	0.9525	1.2167	1.4741	0.7405	0.5565	1.9066	1.7705	1.6479	1.12	1.2794		0.5788	1.2425	0.7122	0.7158	0.8344	0.5044	0.3897	0.8714	0.8013	0.7328	0.5859	0.5979		
		0.4358	1.6443	1.1534	0.8121	1.617	1.4712	0.3375	0.2724	1.6203	0.2462	0.2276	0.2575		0.3063	0.9198	0.7327	0.5432	1.1102	0.7202	0.1822	0.1873	0.84	0.1916	0.1707	0.174		
		
~End
Copyright © 2003 Molecular Devices. All rights reserved.
