##BLOCKS= 1          
Plate:	Plate#1	1.3	PlateFormat	Endpoint	Absorbance	Raw	FALSE	1						2	490 750	1	12	96	1	8	None	
	Temperature(¡C)	1	2	3	4	5	6	7	8	9	10	11	12		1	2	3	4	5	6	7	8	9	10	11	12		
	21.30	0.6081	1.8339	0.3898	2.8559	0.4327	0.641	2.4457	1.0983	2.0288	2.5031	2.4147	2.5026		0.2981	1.063	0.2309	1.4793	0.2716	0.4181	1.1945	0.8755	1.2333	1.9209	1.5851	1.3525		
		0.606	2.7826	2.7338	0.524	2.6885	1.5712	2.3855	1.1758	2.8104	1.0288	1.9643	2.7573		0.4753	2.1272	1.5223	0.3265	1.5292	1.119	1.3446	0.9176	1.6552	0.7122	1.1992	1.3839		
		1.3693	0.1448	1.59	1.8471	2.3613	2.4773	2.2377	2.2146	2.5106	2.1353	2.3925	2.7039		0.9237	0.1181	1.0821	1.2554	1.055	1.4894	0.9034	1.666	1.844	1.4775	1.4273	1.4438		
		2.3842	2.5088	2.5808	2.586	1.8448	1.9532	1.7995	2.5077	2.2744	0.5497	2.7391	2.3014		1.4414	1.444	1.6045	1.4804	1.4023	1.2387	1.3426	1.3848	1.3281	0.3114	1.403	1.3884		
		0.6466	1.697	0.3301	1.8491	1.8076	2.3035	2.498	1.15	2.7803	2.2057	0.4528	2.8259		0.3623	0.5601	0.1934	1.0914	1.1166	1.4434	1.4497	0.7077	1.5826	1.1806	0.2647	1.4936		
		2.5672	1.1174	1.2096	2.4213	2.5502	2.1549	1.1231	0.4185	0.8324	1.7662	1.3922	2.6129		1.3021	0.6803	0.884	1.2765	1.1097	1.4174	0.5661	0.3198	0.545	0.9308	0.7147	1.1898		
		1.542	2.1893	0.6427	0.8546	1.4999	0.8366	0.7576	1.7525	1.166	1.4966	1.1602	2.115		0.7258	1.4994	0.4966	0.601	0.8848	0.6281	0.4258	1.0657	0.7664	0.7643	0.5838	0.7759		
		0.7151	1.1871	2.1064	1.0164	1.4877	1.1666	0.5268	0.4653	1.4245	0.3402	0.8728	0.4278		0.4664	0.7687	1.4424	0.6816	1.0547	0.7285	0.2476	0.2664	0.9054	0.2023	0.4309	0.2386		
		
~End
Copyright © 2003 Molecular Devices. All rights reserved.
