##BLOCKS= 1          
Plate:	Plate#1	1.3	PlateFormat	Endpoint	Absorbance	Raw	FALSE	1						2	490 750	1	12	96	1	8	None	
	Temperature(¡C)	1	2	3	4	5	6	7	8	9	10	11	12		1	2	3	4	5	6	7	8	9	10	11	12		
	21.30	0.3903	1.7065	0.5016	3.0337	0.3893	0.5628	2.6146	1.1128	2.2068	2.1408	2.321	2.4349		0.2173	0.964	0.3075	1.5347	0.2472	0.3828	1.2429	0.8939	1.3858	1.6078	1.553	1.3856		
		0.5812	2.8774	2.6866	0.5646	2.6915	1.2414	2.6542	1.1567	2.6614	1.1176	1.6805	2.686		0.4229	2.2337	1.5638	0.3315	1.4854	0.9402	1.5961	0.9164	1.4433	0.7941	1.0481	1.4371		
		2.0962	0.1534	1.6004	1.6465	2.5509	2.5347	1.9307	2.1764	2.1229	1.9141	2.2485	2.8297		1.4742	0.122	1.0906	1.0802	1.175	1.5841	0.7753	1.6572	1.5443	1.2797	1.3145	1.5712		
		2.2199	2.4111	2.3367	2.6257	1.8029	1.9223	1.7498	2.4521	2.1447	0.6594	3.0895	1.9911		1.4049	1.4641	1.4066	1.5424	1.3531	1.2846	1.2641	1.3689	1.2656	0.37	1.6208	1.1878		
		0.6712	1.9516	0.3473	2.5282	2.0804	2.5588	2.7239	1.1749	2.7566	2.3202	0.4197	2.6901		0.3764	0.7441	0.2103	1.618	1.332	1.5794	1.5996	0.6964	1.593	1.2116	0.2538	1.513		
		2.7137	1.1407	1.0667	2.5445	2.6248	2.2603	0.8277	0.4088	0.929	1.7232	1.1644	1.7035		1.3603	0.7204	0.754	1.2752	1.0986	1.5389	0.3888	0.3013	0.6232	0.9492	0.6989	0.8409		
		1.3616	2.0224	0.6278	0.8906	1.3297	0.7665	0.6025	1.8919	1.1487	1.1253	0.8163	1.5487		0.6987	1.3533	0.4749	0.6199	0.8019	0.5635	0.346	1.0677	0.7248	0.6374	0.4511	0.6199		
		0.6223	1.3732	2.0257	1.181	1.4664	0.9345	0.5608	0.4961	1.6767	0.3321	0.4476	0.3181		0.4057	0.9211	1.3294	0.7889	1.0692	0.5694	0.2788	0.2186	1.0684	0.1991	0.2184	0.1792		
		
~End
Copyright © 2003 Molecular Devices. All rights reserved.
