##BLOCKS= 1          
Plate:	Plate#1	1.3	PlateFormat	Endpoint	Absorbance	Raw	FALSE	1						2	490 750	1	12	96	1	8	None	
	Temperature(¡C)	1	2	3	4	5	6	7	8	9	10	11	12		1	2	3	4	5	6	7	8	9	10	11	12		
	21.30	0.3376	2.2869	0.3386	3.0764	0.4681	0.661	2.6378	0.9866	2.2076	2.2077	2.0008	2.7038		0.1836	1.2266	0.2007	1.8549	0.2831	0.4527	1.5469	0.7886	1.335	1.6554	1.4048	1.5195		
		0.5017	2.7295	2.5628	0.4322	2.6114	1.2452	2.1066	1.0886	2.5886	1.0371	1.8407	2.6232		0.3825	2.0638	1.49	0.2747	1.4894	0.9185	1.2882	0.856	1.4597	0.741	1.1996	1.5082		
		1.3988	0.1527	1.5861	1.6918	2.2091	2.2614	2.3672	2.2567	1.909	1.9647	2.2965	2.9624		0.9066	0.1188	1.092	1.1715	1.0303	1.4056	0.9313	1.6886	1.4015	1.2836	1.4115	1.5549		
		2.0912	2.7049	2.2145	2.6279	2.1165	1.8846	1.5764	2.5716	2.4161	0.8195	2.8486	2.5132		1.2634	1.5986	1.3061	1.5702	1.593	1.239	1.2025	1.431	1.5439	0.4306	1.4737	1.4882		
		0.6501	1.6351	0.3495	2.1715	2.1646	2.2549	2.472	1.0095	2.6533	2.6387	0.3669	2.9738		0.3453	0.598	0.216	1.3946	1.3361	1.3887	1.4602	0.6138	1.5048	1.5949	0.2258	1.6284		
		2.6775	0.9107	1.2057	2.4587	2.5424	2.3392	0.9153	0.4492	0.8767	2.5478	1.3014	2.2847		1.2665	0.5657	0.832	1.2913	0.9638	1.5128	0.4414	0.334	0.6088	1.2236	0.7782	1.1065		
		1.3195	2.0894	0.713	0.8911	1.2017	0.9769	0.8493	1.3395	1.3069	1.445	0.9039	2.1279		0.5878	1.3819	0.5522	0.6253	0.7938	0.7166	0.4887	0.8763	0.8336	0.7896	0.5344	0.8698		
		0.6098	1.1508	1.8943	1.4613	2.0827	1.182	0.4298	0.5276	1.4259	0.2797	0.3128	0.3825		0.4364	0.7591	1.3016	1.0189	1.0906	0.74	0.2162	0.286	0.9227	0.172	0.1729	0.2024		
		
~End
Copyright © 2003 Molecular Devices. All rights reserved.
