##BLOCKS= 1          
Plate:	Plate#1	1.3	PlateFormat	Endpoint	Absorbance	Raw	FALSE	1						2	490 750	1	12	96	1	8	None	
	Temperature(¡C)	1	2	3	4	5	6	7	8	9	10	11	12		1	2	3	4	5	6	7	8	9	10	11	12		
	23.10	0.4184	1.4628	0.3895	3.0698	0.3694	0.4465	0.3585	0.2963	1.2077	0.7697	1.3971	1.761		0.2373	1.0373	0.2228	2.0604	0.2158	0.2162	0.1964	0.1672	0.695	0.43	0.5482	1.1246		
		0.613	2.1901	1.7808	2.2405	1.1663	0.3505	1.3352	0.2216	1.3294	0.4728	1.3841	1.6638		0.4766	1.7042	1.217	1.668	0.7834	0.1896	0.7021	0.1492	0.6884	0.3087	0.9619	1.0608		
		0.6988	0.2964	1.5998	3.1205	1.3065	1.0689	1.2482	1.5657	1.5583	2.1764	1.8437	1.8539		0.3893	0.1627	0.8883	2.2624	0.8571	0.6486	0.7251	1	1.11	1.5668	1.3191	1.2872		
		1.8436	1.6895	2.1529	1.8075	0.5732	2.0228	2.1503	1.7924	1.8406	0.5139	1.7486	2.0345		1.3126	1.0697	1.5242	1.2226	0.3607	1.4637	1.4762	1.1025	1.2551	0.3042	1.1975	1.4543		
		0.7877	1.2731	2.6763	2.0828	1.5878	2.102	2.2941	0.4829	1.954	2.9209	0.4273	2.5882		0.4523	0.4724	1.8203	1.4159	1.0393	1.4952	1.53	0.2835	1.2366	1.9513	0.2482	1.2258		
		2.1637	0.998	2.2041	1.8665	1.3939	1.9842	1.238	0.3817	0.5547	1.9758	0.8539	2.1212		1.5965	0.5506	1.0745	1.2406	0.9239	1.2595	0.7082	0.2665	0.378	1.0588	0.4287	1.1164		
		1.3608	1.7675	0.6832	1.1233	1.4292	1.2815	0.4423	1.435	0.6745	1.5325	1.1402	1.7389		0.7451	1.2347	0.4891	0.6093	0.9389	0.6881	0.2765	0.7503	0.3788	1.0068	0.7113	1.0919		
		0.6622	0.999	1.792	0.7644	0.5169	0.9635	0.4258	0.385	0.5306	0.606	0.3663	0.4899		0.4959	0.6667	1.0435	0.5207	0.3724	0.5754	0.2477	0.254	0.3175	0.4547	0.2075	0.288		
		
~End
Copyright © 2003 Molecular Devices. All rights reserved.
