##BLOCKS= 1          
Plate:	Plate#1	1.3	PlateFormat	Endpoint	Absorbance	Raw	FALSE	1						2	490 750	1	12	96	1	8	None	
	Temperature(¡C)	1	2	3	4	5	6	7	8	9	10	11	12		1	2	3	4	5	6	7	8	9	10	11	12		
	23.10	0.3785	1.2468	0.4141	3.1672	0.3927	0.5569	0.3689	0.3968	0.9004	0.68	1.3216	1.7811		0.2149	0.934	0.2625	2.1263	0.2403	0.2633	0.2099	0.2417	0.4989	0.4077	0.4797	1.1886		
		0.6308	2.2136	1.645	2.5302	1.5533	0.3872	1.1079	0.2585	1.0968	0.4851	1.572	1.7193		0.4884	1.7372	1.1494	1.9081	1.0023	0.2169	0.6022	0.169	0.5718	0.3278	1.1327	1.1528		
		0.6907	0.2612	1.2334	3.2206	1.3209	1.2161	1.3551	1.3857	1.5392	2.2094	1.8031	1.9555		0.4414	0.1521	0.7546	2.5239	0.8628	0.6974	0.795	0.8484	1.0938	1.6212	1.3395	1.4054		
		1.5626	1.8518	2.2683	1.4264	0.4638	2.0211	2.0402	1.3853	2.1988	0.6092	1.6551	2.1696		1.0799	1.2315	1.5893	0.9587	0.303	1.4644	1.4095	0.8617	1.5771	0.4127	1.1364	1.5834		
		0.7563	0.8602	2.2156	2.0878	1.8023	1.5247	2.2516	0.3512	2.0364	2.5868	0.3978	2.6077		0.4038	0.3556	1.5498	1.4853	1.1403	1.0526	1.5291	0.2148	1.347	1.6984	0.2578	1.2286		
		2.2395	1.0553	1.4886	1.8991	1.4963	2.1021	1.8109	0.3359	0.3954	1.7928	1.3515	1.7954		1.6684	0.5901	0.7612	1.2354	0.9814	1.3843	1.0515	0.2404	0.2709	0.955	0.6781	0.9731		
		1.2201	2.1448	0.6661	1.6083	1.5724	1.4264	0.5679	1.2497	0.6158	1.4357	1.1274	1.3996		0.6424	1.512	0.4812	0.8768	0.9798	0.776	0.3625	0.6991	0.3758	0.9109	0.6984	0.8216		
		0.6905	0.7643	1.7457	0.748	0.4336	0.7481	0.3458	0.2954	0.3709	0.3526	0.3111	0.4056		0.5343	0.5152	1.0544	0.5549	0.3045	0.4653	0.2181	0.1931	0.2399	0.2365	0.1894	0.2492		
		
~End
Copyright © 2003 Molecular Devices. All rights reserved.
