##BLOCKS= 1          
Plate:	Plate#1	1.3	PlateFormat	Endpoint	Absorbance	Raw	FALSE	1						2	490 750	1	12	96	1	8	None	
	Temperature(¡C)	1	2	3	4	5	6	7	8	9	10	11	12		1	2	3	4	5	6	7	8	9	10	11	12		
	22.90	1.3597	2.6187	1.3476	2.9831	0.5308	2.4838	2.5364	1.3807	2.1654	1.9677	3.2074	2.7213		0.3295	0.9396	0.407	1.6202	0.1876	1.2435	1.2088	0.7534	1.31	0.9324	1.3724	1.2628		
		0.5729	2.1769	2.5842	2.2414	2.2434	0.9898	2.4501	1.4055	2.267	1.0398	2.0967	2.8626		0.4176	1.5331	1.3905	1.0893	1.1135	0.395	1.2869	0.9292	1.1416	0.4684	1.0923	1.2973		
		1.8479	0.3186	1.5204	2.6248	2.7515	2.2689	2.2405	2.4539	2.4796	2.7591	2.6606	2.843		1.1174	0.1788	0.7436	1.7051	1.1752	1.1382	0.9475	1.3284	1.5302	1.3823	1.4546	1.3289		
		2.7733	2.8505	2.7809	2.7081	2.0723	2.714	3.0243	2.6657	2.734	0.8699	2.7964	2.3763		1.6022	1.3954	1.3693	1.4198	0.9391	1.4621	1.8195	1.3223	1.3296	0.2692	1.1785	1.2449		
		0.8042	1.8334	2.5951	2.6985	1.6682	2.7753	2.8502	1.2999	2.9142	2.5896	2.0695	2.7762		0.459	0.5581	1.3825	1.323	0.9532	1.3912	1.4661	0.4112	1.3735	1.3999	0.6162	1.3327		
		1.2024	1.0376	3.0624	2.2387	1.3946	2.2486	2.7156	0.4837	0.5243	2.0782	2.1629	2.0779		0.8661	0.6375	1.2646	0.8277	0.8966	1.1112	1.2372	0.3184	0.3122	1.1269	0.7039	0.744		
		2.0428	2.2337	2.5814	2.6315	2.1688	3.0706	0.6461	2.1393	1.0166	2.0601	0.9135	1.735		1.2106	1.3768	1.4947	0.928	1.1209	1.6489	0.3458	1.2075	0.4195	1.0927	0.5838	1.1127		
		0.5208	1.4259	2.0203	0.3478	0.3656	1.0317	0.7372	0.2812	0.9419	0.9212	0.8846	0.841		0.2397	0.5833	1.324	0.2418	0.2701	0.348	0.2497	0.1976	0.3026	0.3339	0.2396	0.2377		
		
~End
Copyright © 2003 Molecular Devices. All rights reserved.
