##BLOCKS= 1          
Plate:	Plate#1	1.3	PlateFormat	Endpoint	Absorbance	Raw	FALSE	1						2	490 750	1	12	96	1	8	None	
	Temperature(¡C)	1	2	3	4	5	6	7	8	9	10	11	12		1	2	3	4	5	6	7	8	9	10	11	12		
	22.90	0.6175	2.7089	0.7312	3.054	0.9896	1.9762	2.9335	1.0658	2.2375	1.8419	3.1389	3.0766		0.1901	1.1219	0.3149	1.6333	0.2847	1.0412	1.5948	0.5916	1.3238	0.8408	0.9142	1.4821		
		0.6141	2.1751	2.2633	2.7543	2.8181	0.8307	2.2137	1.0654	2.4504	0.8336	2.0048	2.8021		0.4343	1.5364	1.2942	1.3078	1.4487	0.3673	1.247	0.6876	1.2472	0.4586	1.0282	1.261		
		1.894	0.4231	1.9914	2.708	2.5421	2.4869	2.618	2.6048	2.638	2.4514	2.614	2.8973		1.0939	0.2285	1.0418	1.8279	1.0278	1.2708	1.1726	1.5604	1.5269	1.2927	1.3969	1.3332		
		2.632	2.9071	2.7642	2.783	2.2169	2.5693	2.8529	2.6467	2.8505	0.8734	2.8302	2.598		1.3517	1.5771	1.3881	1.4207	1.0815	1.4376	1.6345	1.3052	1.4293	0.3088	1.342	1.3414		
		1.2	2.7498	2.139	2.777	2.0038	2.7829	2.9126	1.0231	2.8979	2.7564	1.1678	2.8566		0.7013	0.8665	1.1551	1.5173	1.1389	1.448	1.4419	0.3198	1.5001	1.4412	0.3961	1.2931		
		0.8077	1.4017	2.869	2.92	1.5945	2.3489	2.8871	0.5062	0.8877	2.5114	2.0632	2.6362		0.5725	0.846	0.9667	1.4911	1.0233	1.1013	1.3941	0.3357	0.4927	1.4421	0.6643	1.0557		
		1.1575	2.3061	2.6236	2.4247	2.5303	2.4741	1.7553	2.7591	0.8335	1.6685	1.3941	1.5248		0.693	1.4503	1.5093	0.8082	1.2766	1.1851	0.972	1.7276	0.3676	0.9534	0.9543	0.9453		
		0.6476	1.0709	1.8248	0.3197	0.3197	0.6881	0.6656	0.2785	1.673	0.7482	0.9215	0.8632		0.2912	0.4881	0.9951	0.2222	0.2369	0.221	0.2505	0.1774	0.4682	0.2542	0.2611	0.2618		
		
~End
Copyright © 2003 Molecular Devices. All rights reserved.
