##BLOCKS= 1          
Plate:	Plate#1	1.3	PlateFormat	Endpoint	Absorbance	Raw	FALSE	1						2	490 750	1	12	96	1	8	None	
	Temperature(¡C)	1	2	3	4	5	6	7	8	9	10	11	12		1	2	3	4	5	6	7	8	9	10	11	12		
	23.10	0.3405	1.0954	0.3409	2.8404	0.3655	2.2391	1.1579	1.6056	1.4467	1.7936	1.3396	1.7816		0.2123	0.7178	0.1973	1.859	0.2223	1.6124	0.5872	1.2045	0.9022	1.2404	0.4196	0.9824		
		0.4503	1.9383	1.7036	1.9897	1.5837	1.5218	1.631	1.1404	1.5399	0.972	1.3716	1.5891		0.3328	1.296	1.08	1.4073	1.0079	1.0554	1.0624	0.608	0.8147	0.6659	0.8531	0.8221		
		0.4733	0.2923	1.245	2.7965	1.2989	1.469	1.6357	1.8182	1.9428	1.8742	1.9052	2.0051		0.3107	0.1783	0.8265	1.9272	0.8179	1.0114	0.9838	1.1517	1.3078	1.2252	1.1507	1.2795		
		2.0679	1.7407	1.6481	1.6796	0.6082	1.6527	2.3184	1.8863	1.5019	0.5287	1.6408	1.5415		1.5105	1.1387	1.0605	1.1377	0.3722	1.1018	1.4803	1.0405	1.0103	0.3119	1.1994	1.0933		
		0.8365	1.0002	0.3472	2.1538	1.5357	1.7836	2.2942	0.5291	2.0196	1.8797	0.4543	2.6522		0.4607	0.3711	0.2037	1.4136	1.0203	1.2164	1.5284	0.3275	1.2895	1.2497	0.2882	1.6152		
		2.5813	1.2228	1.2019	1.9128	2.4101	2.6855	1.4374	0.542	0.5757	1.7664	1.2653	1.528		1.7427	0.7127	0.7085	1.282	1.514	1.7152	0.8312	0.3682	0.394	1.1497	0.7384	0.9884		
		1.5358	1.7606	0.9405	1.6187	1.4484	1.6701	0.8502	1.8648	0.4483	1.0925	1.318	1.1624		0.9277	1.2301	0.6754	0.9147	1.0521	0.9828	0.5647	1.2668	0.3036	0.8328	0.9116	0.7311		
		0.4917	1.4455	1.5702	0.7179	0.5742	0.3143	0.438	0.306	0.3349	0.3034	0.2803	0.337		0.3481	1.0948	1.1325	0.5321	0.4025	0.2054	0.2822	0.204	0.2208	0.1867	0.1682	0.2015		
		
~End
Copyright © 2003 Molecular Devices. All rights reserved.
