##BLOCKS= 1          
Plate:	Plate#1	1.3	PlateFormat	Endpoint	Absorbance	Raw	FALSE	1						2	490 750	1	12	96	1	8	None	
	Temperature(¡C)	1	2	3	4	5	6	7	8	9	10	11	12		1	2	3	4	5	6	7	8	9	10	11	12		
	23.10	0.3222	1.1115	0.3742	2.8969	0.3733	2.1084	1.466	1.3918	1.4145	1.2285	1.6804	1.7578		0.186	0.7153	0.2186	1.9308	0.2165	1.4869	0.8778	0.9851	0.8489	0.8336	0.5968	0.9779		
		0.4296	1.9273	1.8346	1.7679	1.7023	1.4166	1.7985	0.9858	1.7028	1.0099	1.6039	1.6978		0.3229	1.3262	1.173	1.2232	1.1603	0.973	1.1799	0.5044	1.0003	0.6781	1.0083	0.9092		
		0.4897	0.3052	1.1688	2.8348	1.2926	1.2957	1.3799	1.55	1.9235	1.7431	1.827	1.7849		0.312	0.1772	0.7743	2.0296	0.8024	0.8852	0.8089	1.02	1.3146	1.1212	1.106	1.0652		
		2.0352	1.7217	1.6941	1.7012	0.6221	1.596	1.8463	1.8162	1.5952	0.4677	1.2779	1.6085		1.4339	1.0828	1.1031	1.1606	0.3775	1.0557	1.2001	0.9382	1.093	0.2778	0.8373	1.1101		
		0.953	0.9581	0.4009	2.2137	1.5062	1.9354	1.4882	0.3805	1.8099	2.1521	0.4152	2.0818		0.4579	0.3283	0.2368	1.4188	0.9903	1.3489	0.9115	0.2384	1.1446	1.485	0.2591	1.1937		
		2.6671	1.1635	1.5743	2.0802	2.0384	2.7176	1.3818	0.518	0.7059	1.8965	1.0683	1.5953		1.84	0.7033	0.9252	1.4144	1.286	1.776	0.7991	0.3521	0.4985	1.2434	0.6059	1.0453		
		1.6955	2.3047	0.7694	1.4565	1.5824	1.4328	0.6915	1.2888	0.4938	0.9735	1.3104	1.8201		0.9326	1.6467	0.546	0.8355	1.1692	0.8289	0.4622	0.8979	0.3373	0.7185	0.8872	1.2217		
		0.561	1.3839	2.3504	0.4542	0.4631	0.3921	0.4794	0.4017	0.3748	0.3891	0.2653	0.2847		0.4654	1.066	1.7643	0.3215	0.3245	0.2633	0.3144	0.2732	0.2402	0.2443	0.1599	0.169		
		
~End
Copyright © 2003 Molecular Devices. All rights reserved.
