##BLOCKS= 1          
Plate:	Plate#1	1.3	PlateFormat	Endpoint	Absorbance	Raw	FALSE	1						2	490 750	1	12	96	1	8	None	
	Temperature(¡C)	1	2	3	4	5	6	7	8	9	10	11	12		1	2	3	4	5	6	7	8	9	10	11	12		
	22.50	0.3352	1.2151	0.2226	2.0481	0.346	0.6324	1.0049	1.2075	1.8591	1.6234	1.9163	1.7548		0.1717	0.6943	0.1435	1.1079	0.2276	0.3815	0.4744	0.831	1.2801	1.1225	1.0451	1.1192		
		0.6577	1.9303	2.1973	0.4665	1.9934	2.1493	2.2887	1.3917	1.7498	0.9309	2.0075	1.7538		0.4959	1.2978	1.3969	0.2656	1.1838	1.459	1.5404	0.9293	1.1059	0.6052	1.301	1.1345		
		1.518	0.3597	1.7974	2.0336	1.6628	1.9098	0.3427	1.8582	2.0593	1.8992	1.887	1.7988		0.8831	0.2369	0.7819	1.3833	1.092	1.1377	0.2166	1.0463	1.1614	1.0711	1.1664	1.1135		
		2.2054	2.5125	0.3702	2.0945	0.4212	2.2194	0.3668	1.5952	1.0332	0.5713	2.5455	2.0803		1.4836	1.7894	0.2053	1.2802	0.2536	1.3855	0.221	0.8446	0.6522	0.3392	1.4998	1.3297		
		2.1035	1.2609	0.2613	2.1828	2.377	0.7192	2.1315	0.422	1.6489	1.9824	0.4559	2.3837		1.1929	0.4375	0.159	1.4681	1.5014	0.4455	1.3783	0.2519	1.0511	1.2601	0.2599	1.1512		
		1.4416	1.7768	1.5183	1.5243	0.9755	0.5537	1.5726	0.4775	0.5132	1.3264	1.3257	1.718		0.9235	0.5768	0.7	0.9807	0.6605	0.2901	0.6757	0.297	0.3103	0.7095	0.6226	0.6615		
		0.7858	1.0196	1.1704	1.3627	1.853	0.342	1.2381	1.7827	0.8035	1.1623	1.0504	1.4954		0.4072	0.6565	0.839	0.6464	1.0037	0.2308	0.6534	0.9267	0.462	0.7131	0.5832	0.7333		
		0.8417	2.0216	2.1769	2.1611	1.91	1.4511	1.5551	0.276	0.2557	0.2804	0.3123	0.2978		0.5043	1.1071	1.1381	1.0786	0.9285	0.6574	0.7655	0.1312	0.1582	0.1797	0.1908	0.1584		
		
~End
Copyright © 2003 Molecular Devices. All rights reserved.
