##BLOCKS= 1          
Plate:	Plate#1	1.3	PlateFormat	Endpoint	Absorbance	Raw	FALSE	1						2	490 750	1	12	96	1	8	None	
	Temperature(¡C)	1	2	3	4	5	6	7	8	9	10	11	12		1	2	3	4	5	6	7	8	9	10	11	12		
	23.10	0.277	1.1741	0.2956	2.0422	0.2301	0.5717	0.8863	0.6852	1.4457	1.3995	2.3236	1.345		0.2046	0.9028	0.2256	1.3135	0.1783	0.4463	0.4168	0.5247	1.0839	1.1215	1.2429	0.8816		
		0.6737	1.5788	1.456	1.5057	1.1582	0.3969	1.1083	0.8604	0.8817	0.3737	1.0826	1.2691		0.5378	1.2672	0.9899	1.176	0.8433	0.289	0.7862	0.6713	0.6216	0.2741	0.8263	0.8112		
		1.1087	0.3783	0.9227	1.3375	1.0244	1.2007	2.0138	1.5583	1.5347	1.1455	1.4438	1.5402		0.8651	0.2814	0.6281	0.9614	0.6481	0.9152	0.6628	1.2164	1.211	0.8983	1.0638	1.0483		
		1.3533	1.6536	1.0787	1.4069	0.3767	0.9093	0.3089	1.122	1.6699	0.2946	1.3827	1.2878		0.9982	1.1779	0.8121	1.0449	0.2897	0.731	0.2348	0.7169	1.1857	0.2148	1.0246	0.9256		
		0.7022	0.7553	0.3018	1.8075	1.2304	1.311	1.5453	0.3894	2.0082	1.3145	0.36	1.1962		0.4142	0.4383	0.2242	1.1344	0.8792	0.9553	1.1377	0.2833	1.3384	0.9435	0.2809	0.8475		
		0.9994	0.8284	0.9845	1.0566	0.8932	1.4979	1.1936	0.3385	0.3584	1.3562	1.1406	2.0878		0.8236	0.6264	0.7501	0.835	0.6669	1.0402	0.8189	0.2522	0.2744	0.8537	0.8787	0.8601		
		1.1208	1.3972	0.3657	0.7322	0.9606	0.6795	0.656	1.5811	0.4212	1.173	0.6941	1.2256		0.6298	1.0271	0.2909	0.5676	0.6465	0.5104	0.489	0.943	0.2982	0.7208	0.5238	0.8803		
		0.2945	1.5043	1.4159	1.7737	0.987	0.9638	0.2818	0.2431	0.8498	0.2605	0.266	0.2231		0.229	1.1318	1.0191	1.3893	0.7293	0.5709	0.1918	0.1642	0.6141	0.1978	0.2051	0.1612		
		
~End
Copyright © 2003 Molecular Devices. All rights reserved.
