##BLOCKS= 1          
Plate:	Plate#1	1.3	PlateFormat	Endpoint	Absorbance	Raw	FALSE	1						2	490 750	1	12	96	1	8	None	
	Temperature(¡C)	1	2	3	4	5	6	7	8	9	10	11	12		1	2	3	4	5	6	7	8	9	10	11	12		
	23.00	0.8569	2.3717	1.0206	3.1048	0.9714	2.1278	0.8163	2.331	2.6287	1.5151	3.189	1.9904		0.2403	1.0819	0.3006	2.0297	0.2985	1.6408	0.3478	1.4771	1.3088	1.0657	1.7644	0.9755		
		0.596	2.1117	1.9684	2.2413	2.3089	1.2576	1.9883	0.9865	2.488	1.436	0.6453	2.142		0.4532	1.4648	1.0646	1.4934	1.3335	0.7185	1.2614	0.629	1.2188	0.717	0.2395	1.0843		
		1.0789	0.26	1.4082	2.6133	1.7036	1.9597	2.4562	2.4078	2.4197	2.6168	2.3827	2.5701		0.6267	0.1774	0.7043	1.8556	0.8305	1.2279	1.0149	1.532	1.5288	1.5826	1.466	1.4726		
		2.3728	2.7071	2.3283	2.5174	2.6756	2.374	2.4627	1.5878	2.3391	1.5319	2.4713	2.1306		1.4886	1.4155	1.5182	1.4618	1.7189	1.4934	1.6064	0.8395	1.2995	0.5287	1.2953	1.3871		
		0.8424	1.6058	2.4562	2.4738	1.9139	2.3625	2.6032	2.5057	2.2137	2.4532	1.6994	2.6387		0.4169	0.6246	1.5146	1.5461	1.2021	1.5709	1.5335	0.7689	1.0987	1.4986	0.8601	1.304		
		0.7107	1.1382	2.4162	2.621	1.8177	2.6144	2.2717	0.4351	1.5321	2.3379	2.1517	2.7561		0.4769	0.7304	0.8226	1.1276	0.8733	1.3928	0.9597	0.2858	0.6831	1.2955	0.7611	0.8925		
		1.3672	2.4846	2.2797	2.5801	0.894	0.536	0.9412	2.275	0.6199	0.8307	0.5422	1.9062		0.6947	1.6478	1.0401	0.8407	0.4563	0.3733	0.4908	1.3569	0.2912	0.4597	0.2663	0.9767		
		1.1616	0.6013	1.0313	1.0906	0.2619	0.937	1.0072	0.5112	0.4372	0.7495	0.7494	0.8626		0.4043	0.2471	0.5451	0.6318	0.1921	0.3542	0.3432	0.3124	0.1727	0.3286	0.2935	0.3268		
		
~End
Copyright © 2003 Molecular Devices. All rights reserved.
