##BLOCKS= 1          
Plate:	Plate#1	1.3	PlateFormat	Endpoint	Absorbance	Raw	FALSE	1						2	490 750	1	12	96	1	8	None	
	Temperature(¡C)	1	2	3	4	5	6	7	8	9	10	11	12		1	2	3	4	5	6	7	8	9	10	11	12		
	23.00	0.5813	2.6186	1.2528	3.1178	0.9208	2.3471	1.7468	2.3395	2.6223	2.229	3.2496	2.3907		0.1924	1.0944	0.3497	1.8616	0.305	1.6789	0.6848	1.5492	1.2349	1.3594	1.9221	1.0889		
		0.6138	2.0551	1.8872	2.545	2.4111	1.6333	2.5355	1.0715	2.4353	1.4958	0.6005	2.1686		0.4502	1.466	0.9275	1.5896	1.2909	0.8056	1.5271	0.6483	1.1136	0.7647	0.2021	1.077		
		1.3434	0.203	1.8332	2.6621	1.9662	2.2082	2.6668	2.2958	2.4613	2.6266	2.3597	2.6068		0.6274	0.1427	0.8441	1.8515	0.9533	1.3197	0.9977	1.3766	1.4804	1.5781	1.3849	1.2898		
		2.5403	2.1562	2.4222	2.6461	2.8538	2.388	2.4792	2.5565	2.6608	1.7368	2.6048	2.637		1.4416	1.1414	1.4732	1.3715	1.921	1.4655	1.5467	1.1052	1.397	0.5343	1.5472	1.4637		
		0.9488	1.5903	2.429	2.5192	1.8361	2.2787	2.6357	1.2874	2.5946	2.5243	2.212	2.6816		0.4763	0.5918	1.5203	1.4991	1.0786	1.3794	1.4909	0.5387	1.0923	1.4328	0.8791	1.2443		
		0.6744	0.9612	2.8734	2.6933	1.6558	2.4451	2.64	0.5172	1.3602	2.3013	2.2231	2.6939		0.4411	0.596	1.0584	1.0941	0.8164	1.2749	1.1634	0.3478	0.5313	1.3456	0.7349	1.1151		
		2.0998	2.6319	2.2442	2.677	1.3024	0.5137	0.7748	1.7706	0.6062	1.1904	0.5823	1.8951		0.9166	1.74	1.0244	0.7992	0.6525	0.3524	0.4228	1.0038	0.2636	0.594	0.3089	0.9592		
		1.2535	0.722	1.1213	0.748	0.4073	1.4847	0.9472	0.5896	0.4716	1.0499	0.8491	0.8265		0.3924	0.2759	0.5982	0.4022	0.2971	0.5946	0.3495	0.3624	0.1829	0.4387	0.2831	0.283		
		
~End
Copyright © 2003 Molecular Devices. All rights reserved.
