##BLOCKS= 1          
Plate:	Plate#1	1.3	PlateFormat	Endpoint	Absorbance	Raw	FALSE	1						2	490 750	1	12	96	1	8	None	
	Temperature(¡C)	1	2	3	4	5	6	7	8	9	10	11	12		1	2	3	4	5	6	7	8	9	10	11	12		
	22.00	0.3278	1.2317	0.3132	2.966	0.2494	1.3097	0.4628	0.5943	2.6244	0.5423	2.3973	2.2356		0.2432	0.8887	0.2371	1.9491	0.1835	0.8795	0.3307	0.4225	1.7364	0.4135	1.4958	1.5766		
		0.7004	2.665	2.2295	2.9403	2.5334	1.0397	2.3803	1.2356	2.3941	0.4421	2.0723	2.1769		0.5303	1.8851	1.4212	2.0606	1.5862	0.7448	1.6256	0.8462	1.5977	0.3193	1.4155	1.4389		
		0.5684	0.1462	0.5213	2.4791	1.2101	1.9	1.6014	2.5236	1.1427	2.1818	2.1452	2.1138		0.3926	0.1162	0.3578	1.7035	0.7725	1.0824	0.6845	1.7064	0.7663	1.3947	1.3398	1.3743		
		2.546	2.2768	2.435	2.1533	0.589	2.7113	2.5913	2.0063	2.0256	0.4346	2.2354	1.9603		1.7515	1.4693	1.5249	1.3801	0.4321	1.7945	1.6843	1.3744	1.2545	0.2775	1.3603	1.2557		
		3.3114	1.2769	0.2665	2.3253	1.4648	2.3248	2.363	0.2689	2.5566	2.0279	0.3088	2.3563		2.5004	0.8235	0.1934	1.5306	1.0445	1.5282	1.4612	0.1927	1.6865	1.2541	0.229	1.4181		
		1.7343	0.6911	0.7371	1.5951	1.5776	2.2037	0.8992	0.3908	0.4264	1.0573	1.1865	1.3312		1.0301	0.4717	0.5504	0.979	0.9079	1.4873	0.5891	0.2935	0.3127	0.7284	0.7939	0.8451		
		1.1798	1.9166	1.5404	1.3291	1.2299	0.6353	0.7436	2.1908	2.3571	1.5076	0.8368	2.1858		0.6462	1.1726	1.0055	0.9212	0.6247	0.4529	0.4985	1.3344	1.5315	0.8605	0.555	1.5134		
		0.5295	1.6762	2.3136	2.628	0.3917	1.5961	0.4932	0.2648	1.3717	0.2771	0.3021	0.3136		0.3732	1.1323	1.6322	1.7404	0.2896	0.9794	0.3694	0.1726	0.8044	0.2144	0.2273	0.231		
		
~End
Copyright © 2003 Molecular Devices. All rights reserved.
