##BLOCKS= 1          
Plate:	Plate#1	1.3	PlateFormat	Endpoint	Absorbance	Raw	FALSE	1						2	490 750	1	12	96	1	8	None	
	Temperature(¡C)	1	2	3	4	5	6	7	8	9	10	11	12		1	2	3	4	5	6	7	8	9	10	11	12		
	21.90	0.3379	1.3128	0.4105	2.7137	0.3275	1.8706	0.6614	0.5989	2.6079	0.5221	2.5631	2.419		0.256	0.9561	0.3135	1.7624	0.2397	1.2684	0.4919	0.4223	1.7369	0.4029	1.5112	1.6828		
		0.9886	2.6405	2.3004	2.6314	2.0171	0.9336	2.2799	1.1336	2.1162	0.3383	1.8222	2.1112		0.7914	1.8301	1.48	1.8724	1.3125	0.6624	1.5032	0.7764	1.4389	0.248	1.2012	1.3423		
		0.5565	0.1617	0.6961	1.5372	1.3343	1.4107	1.7014	2.5372	1.2623	2.1517	2.0114	2.1696		0.3943	0.1275	0.4989	1.0769	0.8649	0.8358	0.7874	1.714	0.8384	1.4025	1.3073	1.4127		
		2.7431	1.9499	2.258	2.0798	0.4941	2.7211	2.3007	2.2373	2.3382	0.3723	1.8753	1.8314		2.0245	1.301	1.4071	1.3805	0.3592	1.8113	1.4899	1.5078	1.391	0.2371	1.1837	1.2204		
		3.3673	1.043	0.3004	2.4865	1.5221	2.3055	2.546	0.3485	2.4133	2.3438	0.5051	2.2145		2.4323	0.6525	0.2232	1.635	1.0675	1.5092	1.5886	0.2494	1.6069	1.4145	0.3692	1.2949		
		1.6855	0.6768	0.602	1.6778	1.5335	1.8606	0.8886	0.3825	0.3966	0.9485	1.0637	1.6124		0.9474	0.4594	0.4224	1.0133	0.8604	1.2509	0.5928	0.2877	0.2951	0.6377	0.6973	1.0255		
		1.398	1.5538	1.5691	1.173	0.9154	0.7967	0.6484	2.4611	2.3536	1.7537	0.9808	1.7673		0.8178	0.9789	1.0563	0.8073	0.4903	0.5747	0.4246	1.5761	1.6494	1.0107	0.6699	1.2169		
		0.4136	1.693	2.5047	2.5949	0.3999	1.5621	0.32	0.2748	1.1996	0.2656	0.2981	0.2392		0.3084	1.165	1.712	1.7203	0.2959	0.9461	0.2397	0.1906	0.6858	0.2008	0.2261	0.18		
		
~End
Copyright © 2003 Molecular Devices. All rights reserved.
