##BLOCKS= 1          
Plate:	Plate#1	1.3	PlateFormat	Endpoint	Absorbance	Raw	FALSE	1						2	490 750	1	12	96	1	8	None	
	Temperature(¡C)	1	2	3	4	5	6	7	8	9	10	11	12		1	2	3	4	5	6	7	8	9	10	11	12		
	22.00	1.7832	2.3541	2.6963	2.6	1.0037	1.2373	1.6079	1.6353	2.3446	1.4696	3.0649	2.6637		0.4858	0.8777	1.6012	1.4929	0.3105	0.4156	0.6953	0.7856	1.1355	0.9866	1.3698	1.1578		
		0.6083	1.6619	2.1629	0.8223	2.2319	0.7941	2.3976	1.077	2.0766	1.6345	1.2981	2.4194		0.4726	1.0365	1.1633	0.3314	1.2305	0.3532	1.3439	0.624	1.0144	0.7302	0.5919	1.1225		
		1.6365	0.1509	1.7349	1.4042	1.1951	2.2881	1.9598	2.0964	2.5016	2.3126	2.213	2.4848		0.838	0.1161	0.9472	0.795	0.678	1.2161	0.8375	1.3075	1.4377	1.2964	1.2092	1.1326		
		2.5882	2.0748	2.4809	2.2558	1.0273	1.9335	2.3518	2.3369	2.4186	1.2267	2.5046	2.3983		1.6058	1.085	1.295	1.3055	0.3438	1.105	1.3962	1.0788	1.1336	0.4182	1.3797	1.2298		
		0.9	1.4527	2.3788	2.5505	1.4011	2.2487	2.7773	0.7983	2.3547	2.6347	0.9596	2.7457		0.3851	0.4926	1.2767	1.4877	0.8428	1.3342	1.4483	0.3113	1.1298	1.5675	0.3633	1.2387		
		0.5802	1.0021	2.2673	2.0493	1.8327	2.0588	2.7166	0.3622	0.872	1.5626	1.7752	2.2669		0.3856	0.6698	0.8984	0.8624	0.9963	1.0346	1.7311	0.2502	0.3853	0.8888	0.8021	0.9387		
		2.1183	2.604	2.3257	2.0782	0.9819	0.9027	0.6052	2.3575	0.7952	1.3635	1.026	1.1298		1.1421	1.72	1.2896	0.9133	0.6162	0.61	0.3242	1.4577	0.365	0.7619	0.4612	0.4811		
		1.3678	0.9255	1.7689	0.7754	0.4971	1.229	1.343	0.522	0.5943	0.5192	0.7097	0.4361		0.2979	0.3922	1.1292	0.3543	0.3601	0.4778	0.7771	0.2723	0.232	0.2281	0.2944	0.1812		
		
~End
Copyright © 2003 Molecular Devices. All rights reserved.
