##BLOCKS= 1          
Plate:	Plate#1	1.3	PlateFormat	Endpoint	Absorbance	Raw	FALSE	1						2	490 750	1	12	96	1	8	None	
	Temperature(¡C)	1	2	3	4	5	6	7	8	9	10	11	12		1	2	3	4	5	6	7	8	9	10	11	12		
	22.00	0.8447	2.1391	2.9252	2.4046	0.948	0.8714	1.4869	0.8917	2.517	1.0956	2.88	2.1922		0.2439	0.8165	1.5617	1.4143	0.3461	0.363	0.6065	0.4574	1.1369	0.6733	1.2906	1.0565		
		0.6011	1.2069	2.4623	0.9425	2.2518	0.7023	2.3338	0.9801	2.2115	1.3802	0.7504	2.4027		0.4881	0.7435	1.2823	0.3593	1.2308	0.2922	1.3528	0.5693	1.1945	0.5749	0.5187	1.0906		
		0.708	0.2272	1.1116	1.4194	1.6813	1.9767	1.795	2.3642	2.1452	2.5994	2.121	2.2462		0.3742	0.1547	0.6552	0.8761	0.843	1.1447	0.8089	1.358	1.2818	1.3553	1.2754	0.9531		
		2.3351	2.3147	2.0646	2.2065	0.6412	2.1344	2.5811	2.296	2.5476	1.4065	2.3054	2.3965		1.4252	1.1769	1.0475	1.2944	0.238	1.2097	1.471	1.1249	1.229	0.5001	1.1759	1.193		
		0.872	1.2023	1.8792	2.0477	0.9715	2.4722	2.5071	0.7702	2.4966	2.3333	1.2854	2.4951		0.3363	0.5001	1.0585	1.1473	0.6925	1.3811	1.2962	0.2974	1.1422	1.2527	0.5209	1.1578		
		0.8729	1.0713	2.2264	1.8984	1.5287	2.2512	1.9227	0.2942	0.6377	2.6649	2.2764	2.3654		0.6317	0.709	0.892	0.8132	0.8086	1.0389	1.0492	0.2065	0.2753	1.703	1.0035	1.1408		
		2.4255	2.5895	2.1996	2.2373	0.8939	1.5021	0.791	2.0651	0.4607	1.1335	0.8675	1.187		1.5333	1.7356	1.2375	0.9035	0.5299	1.0736	0.3866	1.0887	0.2006	0.6557	0.3815	0.5763		
		1.4882	0.616	0.9505	0.6602	0.3359	0.8205	0.7892	0.5471	0.6685	0.9035	0.4171	1.1909		0.3904	0.223	0.5804	0.3486	0.2443	0.3029	0.2875	0.2593	0.2598	0.4078	0.1774	0.4357		
		
~End
Copyright © 2003 Molecular Devices. All rights reserved.
