##BLOCKS= 1          
Plate:	Plate#1	1.3	PlateFormat	Endpoint	Absorbance	Raw	FALSE	1						2	490 750	1	12	96	1	8	None	
	Temperature(¡C)	1	2	3	4	5	6	7	8	9	10	11	12		1	2	3	4	5	6	7	8	9	10	11	12		
	22.00	1.2031	2.0731	2.7976	2.0684	1.0898	0.8883	2.0157	0.9386	2.6451	1.7723	3.1163	2.6203		0.3777	0.7582	1.5011	1.223	0.3254	0.3477	0.8457	0.3949	1.1978	1.0589	1.4272	1.2223		
		0.6942	1.1438	2.0887	0.6341	1.9806	0.6249	2.2416	1.0951	2.1979	1.1648	0.3191	2.431		0.5619	0.7274	1.1355	0.2465	1.0471	0.2583	1.1688	0.6728	1.2102	0.5839	0.2028	1.1211		
		1.687	0.1533	1.3198	2.3283	1.9447	1.5038	2.0437	2.373	2.1897	2.5963	1.8126	2.5459		0.8972	0.1189	0.735	1.4298	0.8899	0.8158	0.8852	1.4246	1.0665	1.3807	1.0008	1.1099		
		2.5899	2.1341	2.3962	2.0886	1.2553	2.0199	2.4347	2.2651	2.5186	0.9997	2.6333	2.1421		1.497	1.2047	1.3125	1.1315	0.3921	1.0966	1.4369	1.1176	1.1269	0.3614	1.3107	1.1333		
		1.007	1.2267	2.404	2.5208	1.0192	2.5226	2.21	1.1135	2.6791	2.3574	1.2424	2.67		0.4067	0.4059	1.2596	1.4774	0.5225	1.4682	1.1277	0.4521	1.3403	1.1155	0.4091	1.3052		
		0.5451	1.2318	2.1307	2.6825	1.9792	2.0794	1.2472	0.4003	1.2806	1.8565	1.9495	2.0715		0.323	0.8335	0.9334	1.1022	1.079	1.0291	0.6849	0.2823	0.4994	1.1024	0.8973	0.7659		
		2.64	2.5443	2.0187	2.5693	1.8065	1.125	0.5435	2.3404	0.719	1.1465	0.818	1.3439		1.5583	1.6962	1.099	0.9905	1.1033	0.7603	0.2875	1.4767	0.3299	0.6612	0.3575	0.6517		
		1.7784	0.497	1.1965	0.9276	0.4463	0.8078	0.5127	0.4336	0.6756	0.5651	0.5115	0.9719		0.5157	0.2208	0.7616	0.3656	0.3062	0.2985	0.2212	0.2344	0.2663	0.2565	0.2121	0.3732		
		
~End
Copyright © 2003 Molecular Devices. All rights reserved.
