##BLOCKS= 1          
Plate:	Plate#1	1.3	PlateFormat	Endpoint	Absorbance	Raw	FALSE	1						2	490 750	1	12	96	1	8	None	
	Temperature(¡C)	1	2	3	4	5	6	7	8	9	10	11	12		1	2	3	4	5	6	7	8	9	10	11	12		
	22.40	0.3136	1.3038	0.3818	2.242	0.3576	0.9547	1.6257	1.4465	1.884	1.4397	3.7169	2.0187		0.1453	0.4711	0.176	1.0853	0.1753	0.3973	0.6473	0.6167	0.8929	0.5559	2.3573	0.7526		
		0.459	1.4108	1.6653	2.5451	1.6284	0.9166	1.3978	1.082	1.6087	0.8648	1.6289	1.7842		0.3175	0.8629	0.6267	1.174	0.6171	0.4829	0.5634	0.5834	0.6219	0.3545	0.4924	0.6505		
		1.0198	0.2926	1.3111	2.3544	1.4583	1.2569	1.1891	1.0131	0.5068	2.2914	2.0359	1.8894		0.4714	0.162	0.6053	1.1134	0.5496	0.5216	0.6468	0.3059	0.2265	1.0841	0.8905	0.7193		
		2.1978	1.5579	0.2888	0.7705	0.4236	0.5908	0.4385	1.1635	2.287	1.5103	0.9569	1.4707		1.1593	0.6831	0.1242	0.3628	0.1751	0.2526	0.1848	0.4347	1.179	0.5976	0.4912	0.5744		
		1.5201	1.8432	0.3612	1.0705	1.7339	0.5215	1.9926	0.885	1.7296	1.6232	0.6507	1.573		0.7939	0.7082	0.155	0.4267	1.1024	0.2064	0.6964	0.3989	0.7228	0.7373	0.3417	0.6728		
		0.6825	1.0527	1.7611	1.5198	1.5323	0.8256	1.7874	0.4493	0.8272	1.1167	1.3089	2.8964		0.2311	0.4675	0.6248	0.7515	0.7106	0.2531	0.6673	0.1975	0.3468	0.4955	0.4437	0.7449		
		1.106	1.9324	1.0353	1.4353	0.168	0.5144	0.5062	2.048	0.6443	0.5946	0.7338	0.9992		0.5361	0.8377	0.5116	0.4603	0.1413	0.2177	0.2256	0.8344	0.2893	0.2595	0.2255	0.3769		
		0.3978	1.039	0.7328	0.9427	1.5509	0.3767	0.3874	0.3189	0.3734	0.3247	0.4191	0.3685		0.1683	0.4407	0.2717	0.3524	0.6778	0.1611	0.1818	0.176	0.181	0.1604	0.1891	0.1696		
		
~End
Copyright © 2003 Molecular Devices. All rights reserved.
