##BLOCKS= 1          
Plate:	Plate#1	1.3	PlateFormat	Endpoint	Absorbance	Raw	FALSE	1						2	490 750	1	12	96	1	8	None	
	Temperature(¡C)	1	2	3	4	5	6	7	8	9	10	11	12		1	2	3	4	5	6	7	8	9	10	11	12		
	22.30	0.4346	1.1542	0.3449	1.8474	0.3789	1.1182	1.565	1.4884	2.1959	1.7128	3.7171	1.6843		0.1931	0.4426	0.1662	0.9066	0.189	0.4698	0.621	0.6372	1.0953	0.6483	2.1705	0.712		
		0.4898	1.3681	1.5672	2.2973	1.608	0.8651	1.349	1.1435	1.7594	0.5749	2.1038	1.5825		0.3936	0.8205	0.5954	0.9873	0.5713	0.4601	0.552	0.4909	0.6654	0.2622	0.6242	0.614		
		1.1011	0.3832	1.4268	2.3637	1.4946	1.1677	1.2646	1.1316	0.5648	2.1088	1.8938	1.7137		0.5421	0.2018	0.6794	1.1185	0.5682	0.4929	0.6651	0.3623	0.2503	1.0066	0.8606	0.7095		
		2.2319	2.0052	0.3239	0.9322	0.5474	0.7175	0.4709	1.5653	2.3766	1.3945	1.2033	1.5039		1.1848	0.9118	0.1355	0.4333	0.2186	0.2808	0.203	0.5902	1.2578	0.5779	0.6214	0.6482		
		1.7596	2.1069	0.3388	1.0078	1.5534	0.4807	2.003	0.8598	1.8169	1.404	0.8308	1.583		0.917	0.8626	0.1475	0.3992	0.9346	0.1958	0.722	0.3836	0.7993	0.6248	0.3896	0.5987		
		0.6639	1.1729	1.4003	1.4081	1.7696	0.8035	1.3769	0.4799	0.6475	1.0007	1.0193	3.2776		0.2179	0.4959	0.6247	0.6636	0.7783	0.2504	0.5147	0.2081	0.2826	0.3777	0.6209	1.3021		
		1.1523	1.7364	1.1592	1.202	0.1588	0.5196	0.5083	1.7802	0.7059	0.5284	0.7861	0.9063		0.4735	0.8012	0.5456	0.3862	0.1334	0.2182	0.2275	0.7337	0.3239	0.2254	0.2632	0.3433		
		0.3627	1.0179	0.6838	0.6759	1.8132	0.3692	0.4895	0.3212	0.4166	0.335	0.333	0.3322		0.1518	0.3766	0.2663	0.2579	0.7803	0.1564	0.2721	0.1727	0.1933	0.1655	0.1612	0.1596		
		
~End
Copyright © 2003 Molecular Devices. All rights reserved.
