##BLOCKS= 1          
Plate:	Plate#1	1.3	PlateFormat	Endpoint	Absorbance	Raw	FALSE	1						2	490 750	1	12	96	1	8	None	
	Temperature(¡C)	1	2	3	4	5	6	7	8	9	10	11	12		1	2	3	4	5	6	7	8	9	10	11	12		
	23.10	0.2381	1.2528	0.2559	2.9977	0.2667	1.4135	0.5227	0.4024	1.8442	1.4454	2.3983	1.5493		0.1618	0.8275	0.1892	1.6224	0.1914	0.8791	0.2229	0.2593	1.3276	0.913	0.669	1.078		
		0.7119	1.7447	1.853	0.2507	2.3411	1.1722	2.427	1.4214	1.7092	0.3343	0.7201	1.8841		0.5434	1.4036	1.2037	0.18	1.4215	0.7863	1.3949	1.0367	1.1672	0.2159	0.5292	1.2627		
		0.3464	0.1796	0.2813	0.3895	1.5479	1.9698	1.4184	0.3982	0.4625	1.8761	1.9039	1.6034		0.226	0.1212	0.1973	0.2797	0.8826	1.129	0.8927	0.2486	0.2848	1.3452	1.3188	1.0605		
		2.0617	2.0825	1.9466	2.3914	0.3094	1.8343	0.4532	1.711	2.2774	0.4024	1.6517	1.7909		1.3561	1.4105	1.308	1.4101	0.2204	1.2927	0.2942	1.1169	1.5234	0.2556	1.1607	1.2215		
		1.7389	1.54	0.2429	2.5033	1.6806	0.2886	1.8431	0.2214	2.083	2.2907	0.255	1.863		1.2001	0.4404	0.1766	1.4057	0.9962	0.2015	1.2217	0.163	1.3275	1.3177	0.1804	1.1942		
		0.2605	0.8382	1.2466	1.2701	1.2689	0.3448	1.2215	0.4705	0.2884	1.1321	1.165	1.5409		0.1847	0.5716	0.7932	0.9444	0.8244	0.216	0.7624	0.3305	0.2	0.7864	0.8303	0.8744		
		1.0416	0.8145	0.7864	0.622	1.0938	1.4261	0.2443	0.3136	0.3403	0.274	0.3015	0.3665		0.7278	0.5295	0.5349	0.4029	0.8216	0.9462	0.1691	0.1954	0.2262	0.1873	0.1984	0.2287		
		0.2061	0.2484	0.2835	0.3547	0.3475	0.2474	0.2301	0.2248	0.3024	0.2576	0.2051	0.2723		0.1409	0.1703	0.1975	0.2454	0.2528	0.1563	0.1653	0.1569	0.2207	0.1889	0.1486	0.1834		
		
~End
Copyright © 2003 Molecular Devices. All rights reserved.
