##BLOCKS= 1          
Plate:	Plate#1	1.3	PlateFormat	Endpoint	Absorbance	Raw	FALSE	1						2	490 750	1	12	96	1	8	None	
	Temperature(¡C)	1	2	3	4	5	6	7	8	9	10	11	12		1	2	3	4	5	6	7	8	9	10	11	12		
	23.10	0.229	1.2256	0.3785	2.7684	0.2235	1.5265	1.5007	0.3746	1.8364	1.2704	2.4464	1.7478		0.1624	0.7921	0.2826	1.4917	0.1638	0.9341	0.9689	0.2364	1.3512	0.8227	0.675	1.1985		
		0.6196	1.7342	1.8176	0.2752	2.2586	1.2371	2.3721	1.3724	1.9088	0.3317	0.6151	1.8862		0.4647	1.4014	1.1808	0.1923	1.3558	0.8414	1.3816	1.0032	1.2804	0.2166	0.4405	1.2863		
		0.2997	0.174	0.3007	0.2878	1.5204	2.0807	1.3696	0.425	0.3617	1.971	1.9385	1.8048		0.2075	0.1201	0.2116	0.2082	0.8205	1.1907	0.8494	0.2721	0.2331	1.4004	1.3149	1.2556		
		1.8193	1.8915	1.7864	2.6023	0.2852	1.8393	0.443	1.697	2.0744	0.4735	1.8631	1.7745		1.2171	1.254	1.2299	1.451	0.2001	1.3036	0.3001	1.1332	1.3481	0.2939	1.3026	1.225		
		1.7725	1.715	0.2612	2.5753	2.4562	0.2596	1.9125	0.2698	2.0338	2.0636	0.258	1.9674		1.2035	0.5104	0.1973	1.4002	1.4455	0.1824	1.2723	0.21	1.2861	1.2497	0.1838	1.237		
		0.3198	0.8384	1.3217	1.3279	1.1032	0.401	1.1534	0.4012	0.2933	1.2715	1.2679	1.1783		0.2303	0.586	0.8345	0.9765	0.7012	0.2513	0.7398	0.2784	0.2069	0.849	0.8349	0.658		
		1.1387	1.0823	0.8121	0.8232	0.6904	1.6594	0.374	0.3846	0.3908	0.2494	0.3209	0.2902		0.7785	0.6899	0.5556	0.552	0.4924	1.1028	0.2533	0.2395	0.2616	0.1715	0.2113	0.1843		
		0.2158	0.273	0.2834	0.3367	0.2683	0.379	0.2202	0.24	0.2355	0.6228	0.1866	0.268		0.1553	0.1831	0.1924	0.222	0.1899	0.2472	0.1523	0.1645	0.1722	0.5684	0.1399	0.1844		
		
~End
Copyright © 2003 Molecular Devices. All rights reserved.
