##BLOCKS= 1          
Plate:	Plate#1	1.3	PlateFormat	Endpoint	Absorbance	Raw	FALSE	1						2	490 750	1	12	96	1	8	None	
	Temperature(¡C)	1	2	3	4	5	6	7	8	9	10	11	12		1	2	3	4	5	6	7	8	9	10	11	12		
	23.10	0.217	1.2557	0.3188	2.7408	0.2581	1.6679	1.1134	0.4466	2.742	1.3001	2.558	1.8431		0.153	0.8011	0.2337	1.5202	0.1852	1.0271	0.6706	0.2827	2.029	0.873	0.684	1.3019		
		0.5923	1.7769	1.9918	0.2684	1.5	1.5158	1.8915	1.2291	1.9601	0.4772	0.7511	1.751		0.4612	1.4348	1.2399	0.1839	0.9851	1.1608	1.2771	0.891	1.3734	0.2864	0.536	1.1667		
		0.2982	0.1714	1.2215	0.3677	1.445	1.891	1.3553	0.4163	0.4316	1.7861	1.7338	1.8303		0.1995	0.1126	0.8246	0.2491	0.8549	1.1295	0.8094	0.2518	0.2601	1.3337	1.243	1.1925		
		1.8814	1.7401	1.7371	2.0912	0.2949	2.4007	0.42	1.9765	1.9364	0.3518	1.8494	1.7644		1.2453	1.1783	1.22	1.4324	0.2015	1.4806	0.2672	1.2566	1.3389	0.217	1.269	1.2403		
		1.7513	1.5572	0.2381	2.3631	2.0587	1.7093	2.1512	0.235	2.1051	2.0558	0.4693	2.0034		1.1734	0.4527	0.171	1.3391	1.1875	1.0644	1.3656	0.1693	1.3179	1.345	0.3247	1.2326		
		0.2745	0.8348	1.2433	1.3101	1.1861	0.4368	1.1561	0.4832	0.2501	1.1038	1.2808	1.1161		0.1974	0.5723	0.8113	0.9559	0.7636	0.2705	0.7255	0.3447	0.1758	0.7517	0.8909	0.6447		
		1.2243	1.1961	0.8595	0.9694	0.7395	1.3677	0.2763	0.4146	0.3762	0.292	0.2659	0.3236		0.8749	0.7592	0.5773	0.6915	0.5619	0.9187	0.1893	0.2463	0.2481	0.2017	0.1737	0.2023		
		0.3083	0.2902	0.3309	0.2967	0.2481	0.2567	0.2076	0.1825	0.2743	0.2107	0.2098	0.2604		0.2112	0.1939	0.2189	0.2036	0.1804	0.1672	0.1484	0.139	0.1944	0.1582	0.1523	0.18		
		
~End
Copyright © 2003 Molecular Devices. All rights reserved.
