##BLOCKS= 1          
Plate:	Plate#1	1.3	PlateFormat	Endpoint	Absorbance	Raw	FALSE	1						2	490 750	1	12	96	1	8	None	
	Temperature(¡C)	1	2	3	4	5	6	7	8	9	10	11	12		1	2	3	4	5	6	7	8	9	10	11	12		
	23.10	0.3011	1.2343	0.2693	2.5666	0.2677	0.4408	1.3434	0.3984	1.1014	0.3063	2.7075	1.9029		0.208	0.7989	0.1908	1.4407	0.1943	0.3046	0.7607	0.2785	0.6651	0.2439	0.8115	1.28		
		0.4709	2.0521	1.8711	0.2779	1.9475	0.4736	1.444	1.1801	1.9198	0.4981	1.279	1.7024		0.3812	1.4917	1.1784	0.1666	1.1884	0.2927	0.9623	0.7111	1.1105	0.3406	0.9468	1.0656		
		1.202	0.1593	0.6791	1.4552	1.2138	1.6514	1.3819	2.1769	1.8054	1.6729	1.8503	1.9706		0.7399	0.1205	0.4138	0.9262	0.8003	0.994	0.7635	1.2464	1.1842	1.2618	1.2375	1.2185		
		2.0677	1.8174	1.9753	2.1842	0.4678	2.1028	1.1427	1.8017	1.7336	0.8143	1.7726	1.6897		1.332	1.1265	1.2563	1.2997	0.2937	1.2549	0.7024	1.0644	1.1495	0.5383	1.1028	0.9389		
		0.7891	1.2396	2.0661	0.644	0.9935	2.149	1.6914	0.4793	2.0089	1.7624	0.3763	2.2358		0.3116	0.6014	1.297	0.4082	0.6561	1.2341	1.1174	0.2988	1.1801	1.1387	0.2619	1.2324		
		1.775	0.8817	1.4575	1.9015	1.826	2.391	1.331	0.4083	0.4681	2.1644	1.224	1.4154		1.2437	0.4874	0.6728	0.8838	0.7196	0.9369	0.7001	0.2462	0.2723	0.9692	0.6211	0.6332		
		1.1049	1.7382	0.8999	1.4594	1.0878	1.3111	0.5209	0.9729	0.684	0.4461	1.2077	1.1125		0.4861	1.1053	0.5624	0.7518	0.5518	0.932	0.3544	0.6839	0.4901	0.2855	0.7697	0.7046		
		0.8138	0.593	1.8932	1.1879	1.5946	0.785	0.2711	0.3114	0.3706	0.2197	0.2163	0.4344		0.5007	0.3699	0.9528	0.6585	1.1248	0.5172	0.176	0.1848	0.2635	0.1565	0.153	0.2977		
		
~End
Copyright © 2003 Molecular Devices. All rights reserved.
