##BLOCKS= 1          
Plate:	Plate#1	1.3	PlateFormat	Endpoint	Absorbance	Raw	FALSE	1						2	490 750	1	12	96	1	8	None	
	Temperature(¡C)	1	2	3	4	5	6	7	8	9	10	11	12		1	2	3	4	5	6	7	8	9	10	11	12		
	23.10	0.2165	1.2884	0.3257	2.4741	0.2492	0.3252	1.378	0.4535	1.2826	0.314	2.9273	2.1693		0.1545	0.8501	0.2397	1.4807	0.1903	0.234	0.8073	0.3225	0.7899	0.2525	1.1295	1.2966		
		0.6017	2.0333	1.852	0.4116	2.1135	0.3794	1.8923	1.2208	2.3749	0.5528	1.7785	1.8358		0.4823	1.4897	1.1468	0.3004	1.2929	0.2494	1.1726	0.7631	1.3398	0.3621	1.3202	1.1416		
		1.312	0.1619	0.6003	1.4055	1.0519	1.9738	1.3564	2.1578	1.9425	1.595	1.9141	1.9078		0.7831	0.1245	0.374	0.8953	0.6574	1.1997	0.7732	1.2529	1.2688	1.1456	1.2576	1.1771		
		2.193	2.151	2.0527	2.1511	0.502	1.9441	1.5216	2.0295	1.9249	1.1777	1.9247	1.6027		1.395	1.3057	1.2981	1.2567	0.3097	1.1562	0.9058	1.2487	1.2389	0.8088	1.2167	0.8862		
		0.8891	1.4455	2.2209	0.7284	1.1126	2.4716	1.9888	0.4567	2.1803	2.0409	0.2621	2.1303		0.3714	0.7139	1.3339	0.4756	0.7181	1.4848	1.2944	0.2838	1.3136	1.2853	0.1836	1.1319		
		1.8466	0.8582	1.7871	1.9891	1.5121	1.9263	1.0029	0.3957	0.5674	2.0012	1.0255	1.7462		1.2682	0.4779	0.8324	0.9255	0.6064	0.7496	0.5454	0.2353	0.3294	0.9004	0.4597	0.8045		
		1.1335	1.3448	0.8439	1.1611	1.3657	1.1891	0.5912	0.982	0.6187	0.5196	1.0651	1.2928		0.4696	0.9847	0.5213	0.5868	0.7616	0.7077	0.4177	0.7106	0.4499	0.3392	0.6921	0.8596		
		0.7849	0.9052	1.9055	1.5776	1.4271	0.773	0.2865	0.3334	0.3532	0.2975	0.277	0.2556		0.5235	0.5866	1.1078	0.896	0.8264	0.5318	0.2021	0.1943	0.2333	0.2045	0.1951	0.1759		
		
~End
Copyright © 2003 Molecular Devices. All rights reserved.
