##BLOCKS= 1          
Plate:	Plate#1	1.3	PlateFormat	Endpoint	Absorbance	Raw	FALSE	1						2	490 750	1	12	96	1	8	None	
	Temperature(¡C)	1	2	3	4	5	6	7	8	9	10	11	12		1	2	3	4	5	6	7	8	9	10	11	12		
	23.10	0.223	1.1627	0.2353	2.5153	0.2334	0.3931	1.8774	0.5561	1.3398	0.286	3.28	2.091		0.1718	0.7877	0.1707	1.4839	0.1774	0.2863	1.0666	0.3899	0.8105	0.2276	1.1322	1.2808		
		0.4882	2.1042	2.0307	0.3301	2.004	0.3069	1.8395	1.1696	2.2616	0.5348	0.289	2.0866		0.3744	1.5209	1.2088	0.2042	1.2341	0.2033	1.1114	0.7446	1.313	0.3644	0.1727	1.2821		
		1.2713	0.15	0.6219	0.9691	1.2834	1.8521	1.532	2.287	1.8486	1.647	1.7394	1.9609		0.817	0.114	0.3908	0.6731	0.7887	1.0898	0.8478	1.317	1.253	1.1614	1.1512	1.188		
		1.9556	2.1664	2.1288	2.2865	0.5801	2.1349	1.378	1.7875	1.7452	0.9739	1.7788	2.008		1.2531	1.2983	1.333	1.3619	0.3814	1.3011	0.8368	1.0336	1.101	0.6561	1.1055	1.082		
		0.9194	0.8529	2.1201	0.6938	1.4688	2.3364	1.9259	0.4619	2.0675	1.9082	0.2989	2.391		0.3337	0.414	1.2933	0.463	0.9168	1.383	1.2289	0.3152	1.2477	1.2077	0.195	1.2637		
		1.827	0.8517	1.1761	1.7712	1.5494	1.6608	0.9956	0.3949	0.4635	1.2786	1.3309	2.2454		1.295	0.5077	0.6532	0.8345	0.6272	0.6077	0.5217	0.2503	0.2823	0.572	0.6511	1.1414		
		1.3125	1.55	0.6835	1.0132	1.0759	1.5763	0.4451	0.9024	1.1002	0.5911	1.013	1.8537		0.5492	1.0471	0.4262	0.5032	0.572	1.1335	0.3021	0.6282	0.8119	0.3843	0.6185	1.1294		
		0.7224	0.7345	1.8867	2.0377	1.1965	0.6454	0.2243	0.3001	0.3999	0.2313	0.3722	0.2855		0.5647	0.5385	1.0006	1.2346	0.8296	0.4079	0.1546	0.1878	0.2811	0.1615	0.2774	0.1888		
		
~End
Copyright © 2003 Molecular Devices. All rights reserved.
