##BLOCKS= 1          
Plate:	Plate#1	1.3	PlateFormat	Endpoint	Absorbance	Raw	FALSE	1						2	490 750	1	12	96	1	8	None	
	Temperature(¡C)	1	2	3	4	5	6	7	8	9	10	11	12		1	2	3	4	5	6	7	8	9	10	11	12		
	23.10	0.2457	0.7706	0.2186	1.3617	0.2646	0.6085	0.4476	0.3863	1.722	1.1259	1.574	1.3402		0.1835	0.5634	0.1677	0.9649	0.2015	0.4839	0.2832	0.2774	1.3681	0.8617	0.481	0.9349		
		0.5073	0.2997	1.205	0.172	1.1526	0.1618	1.6679	1.07	1.1293	0.3973	0.1925	1.1108		0.3818	0.2054	0.8768	0.1259	0.8597	0.1225	1.334	0.7521	0.8376	0.2659	0.1332	0.7732		
		0.6967	0.1515	0.3803	0.2811	0.8995	0.4202	0.5167	1.2318	0.9982	1.4314	0.9598	1.0948		0.4854	0.1204	0.2783	0.1752	0.6443	0.3006	0.4001	0.9815	0.8199	1.1423	0.6608	0.8191		
		1.2606	1.3124	0.8989	1.6922	0.2604	0.5062	1.0175	1.0043	0.8216	0.1893	1.4576	1.3594		1.0445	0.9623	0.6011	1.3391	0.1849	0.3969	0.7629	0.7242	0.5664	0.1426	1.1499	0.9377		
		0.5459	1.2437	0.1989	1.4354	0.494	1.8125	1.259	0.2563	1.6177	1.337	0.2564	1.9743		0.2655	0.6473	0.1394	1.0131	0.3383	1.4673	0.9537	0.1966	1.2458	0.9656	0.1954	1.3323		
		0.6465	1.272	1.3721	0.8965	0.2979	0.3344	0.7547	0.3563	0.2258	1.4046	1.3748	1.2459		0.4318	0.803	0.7351	0.5949	0.2194	0.2147	0.4647	0.2253	0.1704	0.7533	0.9038	0.7036		
		0.3344	1.5336	0.4391	1.1393	0.1609	0.9638	0.2098	0.1831	0.2358	0.2484	0.2949	0.2572		0.231	0.9973	0.3138	0.6975	0.1223	0.6792	0.1534	0.136	0.1741	0.1757	0.1976	0.1569		
		0.3197	0.2642	0.2446	0.3782	0.2381	0.1621	0.3738	0.1874	0.1681	0.1977	0.383	0.5996		0.2331	0.1945	0.1683	0.2627	0.1723	0.1182	0.2509	0.1364	0.1245	0.1444	0.3007	0.4517		
		
~End
Copyright © 2003 Molecular Devices. All rights reserved.
