##BLOCKS= 1          
Plate:	Plate#1	1.3	PlateFormat	Endpoint	Absorbance	Raw	FALSE	1						2	490 750	1	12	96	1	8	None	
	Temperature(¡C)	1	2	3	4	5	6	7	8	9	10	11	12		1	2	3	4	5	6	7	8	9	10	11	12		
	23.10	0.285	0.7769	0.4461	1.4371	0.2759	0.29	0.3841	0.3509	1.5132	0.3087	1.8745	1.0664		0.1963	0.5672	0.3507	1.0365	0.2125	0.2249	0.2415	0.2582	1.2101	0.233	0.6653	0.7498		
		0.6219	0.3063	1.3307	0.1794	1.3317	0.261	1.3482	1.2123	1.086	0.4956	0.1747	1.4489		0.4638	0.2116	0.9647	0.141	1.0175	0.196	1.0361	0.9288	0.7848	0.3543	0.1254	1.0405		
		0.7716	0.1553	0.3203	0.2707	0.912	0.2408	0.5396	1.3193	0.8634	1.6723	1.1033	1.6623		0.5249	0.1216	0.2329	0.197	0.6569	0.1771	0.4234	1.0414	0.6914	1.3766	0.783	1.2941		
		1.6897	1.6991	1.3419	1.706	0.3373	0.5373	0.7747	0.4474	1.1504	0.2209	1.5804	1.4114		1.2505	1.2793	0.9724	1.3162	0.2511	0.4129	0.5766	0.2915	0.8066	0.163	1.266	1.0651		
		0.4899	1.6574	0.2942	1.1982	0.6283	1.6664	1.2542	0.2708	1.6009	1.5485	0.2155	1.5522		0.2215	0.8646	0.2144	0.8618	0.4627	1.3348	0.9105	0.2085	1.2278	1.1372	0.1643	1.0696		
		0.3335	1.1347	2.3691	0.7983	0.3429	0.3666	0.4052	0.4085	0.2461	1.7852	0.5051	1.3369		0.2234	0.7026	1.4093	0.5177	0.2522	0.242	0.2305	0.2816	0.1808	0.9853	0.327	0.7027		
		0.2237	0.381	0.3802	1.859	0.3884	0.3792	0.2788	0.1681	0.244	0.2608	0.2352	0.583		0.1599	0.2739	0.2773	1.1375	0.2754	0.2694	0.2097	0.1276	0.1732	0.1867	0.1633	0.3714		
		0.2349	0.2989	0.2452	0.3322	0.3267	0.2233	0.1896	0.1692	0.2294	0.2044	0.1673	0.2428		0.1841	0.2113	0.1751	0.2164	0.2315	0.1657	0.1423	0.1215	0.1615	0.1494	0.1268	0.1741		
		
~End
Copyright © 2003 Molecular Devices. All rights reserved.
