##BLOCKS= 1          
Plate:	Plate#1	1.3	PlateFormat	Endpoint	Absorbance	Raw	FALSE	1						2	490 750	1	12	96	1	8	None	
	Temperature(¡C)	1	2	3	4	5	6	7	8	9	10	11	12		1	2	3	4	5	6	7	8	9	10	11	12		
	23.10	0.1722	0.9232	0.3624	1.7334	0.34	0.8082	0.6364	0.4448	1.3633	0.2711	1.6641	1.2544		0.136	0.6645	0.27	1.2554	0.2613	0.6262	0.4177	0.3233	1.0562	0.1916	0.4929	1.0752		
		0.6399	0.2774	1.2036	0.2878	1.3997	0.285	1.4929	0.6863	1.0045	0.5597	0.2282	1.1166		0.4752	0.1907	0.842	0.2142	1.0798	0.2183	1.1851	0.4658	0.7176	0.4067	0.1595	0.7654		
		0.6285	0.1676	0.5543	0.3119	1.4218	0.4466	0.6757	1.3402	1.3748	1.3314	1.4111	1.2257		0.4068	0.1303	0.4133	0.2233	1.0802	0.3229	0.52	1.0514	1.1555	1.0181	1.0089	0.8754		
		1.6762	1.3527	1.4071	1.6932	0.2995	0.7362	1.1337	1.0964	1.3277	0.2203	1.7484	1.3678		1.3769	0.923	1.0916	1.3411	0.216	0.5844	0.8796	0.7683	0.9439	0.1689	1.3766	1.0087		
		0.6416	1.1181	0.221	0.7779	1.0676	1.5004	1.0577	0.2532	1.5047	1.0642	0.2783	1.4588		0.3126	0.5696	0.1615	0.5511	0.7992	1.1911	0.7692	0.1966	1.1429	0.7563	0.2071	0.9739		
		0.3986	1.0711	1.9329	1.3451	0.4974	0.4174	1.1658	0.3884	0.2858	1.5814	0.9817	1.7291		0.2942	0.6655	1.3494	0.9076	0.372	0.2685	0.6948	0.2655	0.2173	0.7988	0.6375	0.9465		
		0.1933	0.8249	0.4318	1.1225	0.1573	0.8037	0.1981	0.3123	0.2782	0.3249	0.3303	0.4647		0.1427	0.5597	0.3249	0.6551	0.1211	0.5331	0.1521	0.2111	0.1983	0.2328	0.2203	0.2783		
		0.2447	0.2928	0.2206	0.422	0.2977	0.2216	0.1918	0.2031	0.234	0.2026	0.2218	0.3338		0.1909	0.2091	0.1515	0.2538	0.2164	0.1545	0.1364	0.1455	0.1694	0.1487	0.1673	0.2348		
		
~End
Copyright © 2003 Molecular Devices. All rights reserved.
