##BLOCKS= 1          
Plate:	Plate#1	1.3	PlateFormat	Endpoint	Absorbance	Raw	FALSE	1						2	490 750	1	12	96	1	8	None	
	Temperature(¡C)	1	2	3	4	5	6	7	8	9	10	11	12		1	2	3	4	5	6	7	8	9	10	11	12		
	22.80	0.2942	1.6474	1.6127	2.9114	0.3238	0.6174	1.5486	0.4872	2.1664	0.347	2.8408	2.5903		0.1957	0.9979	0.8386	1.3941	0.2129	0.3558	0.7541	0.3038	1.0309	0.2645	0.794	1.347		
		0.6161	1.0771	1.9609	0.389	2.0232	0.523	1.8568	1.2035	2.3852	0.9213	1.4427	1.9414		0.4859	0.7712	1.0831	0.231	1.0017	0.3173	1.0606	0.6948	1.0769	0.549	0.9105	1.0322		
		1.7951	0.1725	0.7987	2.2965	1.4701	1.9798	1.5408	2.6693	2.0177	2.3376	2.328	2.2049		0.8959	0.1209	0.4019	1.5023	0.73	0.9794	0.658	1.2659	1.2799	1.3214	1.3339	1.1875		
		2.0817	2.4738	2.4562	2.5039	0.5647	2.1864	1.4309	2.1705	2.2894	0.9353	2.5873	1.8061		1.2398	1.3338	1.2516	1.2578	0.3081	1.2479	0.8488	1.0338	1.138	0.5005	1.2167	0.8636		
		1.013	2.1114	0.446	0.538	1.4749	1.8547	2.2271	1.1251	2.73	2.2206	0.3541	1.9717		0.3276	0.8368	0.2824	0.3219	0.9275	1.0621	1.1253	0.5852	1.3786	1.1081	0.213	1.0084		
		1.8996	0.9293	1.9042	2.1888	1.6987	2.3169	1.4089	0.3884	0.6382	1.4907	1.6032	1.646		1.2617	0.4179	0.7153	0.883	0.6292	0.9183	0.6645	0.2475	0.3354	0.6767	0.6399	0.5568		
		1.4206	1.8251	0.6493	1.81	1.4705	1.6123	0.7041	1.895	1.2675	1.183	0.9044	0.8842		0.4683	1.0787	0.4011	0.6185	0.6798	1.0027	0.4333	1.1992	0.8382	0.6918	0.5181	0.509		
		0.9037	0.8918	1.3218	1.9151	1.0255	0.8145	0.3361	0.3842	0.3388	0.22	0.2516	0.2622		0.5496	0.5453	0.6467	1.0752	0.5778	0.4762	0.1927	0.2252	0.214	0.1473	0.1639	0.1614		
		
~End
Copyright © 2003 Molecular Devices. All rights reserved.
