##BLOCKS= 1          
Plate:	Plate#1	1.3	PlateFormat	Endpoint	Absorbance	Raw	FALSE	1						2	490 750	1	12	96	1	8	None	
	Temperature(¡C)	1	2	3	4	5	6	7	8	9	10	11	12		1	2	3	4	5	6	7	8	9	10	11	12		
	22.80	0.3894	1.6562	2.1026	2.9667	0.2788	0.4975	1.1872	0.4528	1.6354	0.3215	3.0232	2.6336		0.2437	1.0472	1.1438	1.4015	0.1819	0.2916	0.5757	0.2899	0.7866	0.2343	0.8844	1.3859		
		0.638	1.263	1.9123	0.2982	2.1501	0.3268	1.9312	1.1612	2.6088	0.9123	0.9354	1.9063		0.5033	0.9291	1.0759	0.1725	1.0664	0.1972	1.114	0.659	1.2794	0.5387	0.575	0.9788		
		1.722	0.1631	0.8379	2.2499	1.3963	1.9583	1.5126	2.7224	1.8823	2.059	2.1923	2.3006		0.8891	0.1163	0.449	1.4677	0.7045	1.0116	0.6925	1.2553	1.205	1.0789	1.2914	1.2179		
		2.2646	2.5182	2.4732	2.6684	0.5116	2.3585	1.6886	2.1397	1.7577	1.0105	2.4053	1.8425		1.3619	1.3812	1.2048	1.2863	0.2788	1.3098	1.0011	1.0288	0.9333	0.5359	1.1474	0.9033		
		0.8997	1.4023	0.3133	0.5909	1.1125	1.9091	2.4152	0.8983	2.6687	2.4539	0.3618	2.4366		0.3147	0.6063	0.1903	0.3537	0.693	1.0881	1.2617	0.473	1.3853	1.3409	0.2216	1.1789		
		1.9354	1.0501	1.5763	1.9041	1.6237	2.4268	1.4059	0.4572	0.7557	1.1412	1.2501	1.8388		1.2748	0.4885	0.5643	0.7599	0.5897	1.008	0.6297	0.2917	0.3891	0.4919	0.4676	0.6455		
		1.739	1.7495	0.7113	1.317	1.7525	1.179	0.5853	1.5846	1.0328	0.8202	1.741	1.0362		0.6062	1.0818	0.4345	0.4832	0.8417	0.7768	0.352	0.9926	0.6594	0.4331	1.0347	0.6276		
		0.732	1.1319	1.1026	1.3247	0.9089	1.3721	0.2996	0.3276	0.2716	0.2495	0.2536	0.4017		0.4124	0.6671	0.5503	0.7924	0.511	0.8325	0.1774	0.1885	0.1668	0.1711	0.1645	0.2408		
		
~End
Copyright © 2003 Molecular Devices. All rights reserved.
