##BLOCKS= 1          
Plate:	Plate#1	1.3	PlateFormat	Endpoint	Absorbance	Raw	FALSE	1						2	490 750	1	12	96	1	8	None	
	Temperature(¡C)	1	2	3	4	5	6	7	8	9	10	11	12		1	2	3	4	5	6	7	8	9	10	11	12		
	23.10	0.3126	1.6895	0.2977	2.729	0.3407	1.5704	1.3909	0.7632	2.0153	1.8689	2.0004	1.8255		0.1748	0.7254	0.163	1.2457	0.1897	1.052	0.6365	0.4637	0.943	1.3494	0.611	1.167		
		0.5198	1.9617	2.049	2.3193	2.0271	0.9134	1.8712	0.9347	2.0046	0.7685	1.9217	1.7945		0.3891	1.4864	1.1426	1.3934	1.2931	0.4762	1.1078	0.5819	1.1949	0.4381	0.9714	1.115		
		0.3979	0.6366	1.4655	2.4015	1.52	2.1281	2.26	2.1367	1.8332	2.0747	1.7837	1.9931		0.2265	0.3136	0.8276	1.2877	0.7735	0.9937	0.8594	1.2468	1.2149	1.3222	1.2003	1.146		
		2.1651	2.1148	1.8296	2.3711	0.9364	2.0193	0.972	2.1362	1.331	0.4792	1.8701	2.3402		1.2536	1.2118	1.0503	1.2979	0.5476	1.1874	0.5598	1.258	0.7677	0.2668	0.9257	1.0018		
		0.8794	1.797	2.2419	2.5281	2.4992	2.1097	2.119	0.396	2.5593	2.5595	0.3424	1.874		0.3812	0.5551	1.2843	1.3257	1.368	1.2642	1.132	0.2154	1.4599	1.4616	0.1805	0.9539		
		0.427	1.2809	2.1641	2.0008	2.0301	3.209	2.0929	0.4326	0.6761	1.8434	1.7631	1.7173		0.2655	0.4375	0.6809	0.7881	0.79	0.8667	0.7434	0.2816	0.3274	0.6492	0.5203	0.653		
		1.5108	1.9576	0.7071	1.8536	1.7541	1.8665	0.4354	0.7518	0.5703	0.6117	0.7561	0.8277		0.5648	1.1051	0.3909	0.5237	0.7797	0.8678	0.2488	0.3838	0.3163	0.3203	0.359	0.4002		
		0.3673	0.5186	1.1909	0.5192	0.4109	0.7286	0.4524	0.4402	0.3529	0.2756	0.318	0.3084		0.1714	0.2524	0.5648	0.2366	0.2797	0.2988	0.2176	0.2558	0.1785	0.1588	0.163	0.1616		
		
~End
Copyright © 2003 Molecular Devices. All rights reserved.
