##BLOCKS= 1          
Plate:	Plate#1	1.3	PlateFormat	Endpoint	Absorbance	Raw	FALSE	1						2	490 750	1	12	96	1	8	None	
	Temperature(¡C)	1	2	3	4	5	6	7	8	9	10	11	12		1	2	3	4	5	6	7	8	9	10	11	12		
	23.10	0.3251	1.7145	0.3261	2.4782	0.3172	1.348	1.4802	0.7931	1.9904	1.8516	2.1218	1.9329		0.1739	0.7374	0.1786	1.0678	0.1816	0.8736	0.6985	0.4809	0.9321	1.3207	0.5896	1.2543		
		0.7078	1.9523	2.094	2.1883	1.92	0.7838	1.8022	0.9937	2.0222	0.6297	1.9661	1.7996		0.5468	1.5087	1.1886	1.3239	1.2057	0.3992	1.0772	0.6134	1.1823	0.3543	0.9876	1.121		
		0.415	0.5285	1.4847	2.3305	1.6189	2.3089	2.1599	2.0669	1.7112	2.2166	2.0833	2.1175		0.2266	0.2694	0.8915	1.2507	0.8113	1.0737	0.8125	1.2299	1.0971	1.3899	1.3537	1.2341		
		2.1973	2.0736	1.8084	2.3102	0.892	2.0458	0.9537	1.9807	1.2328	0.5703	2.0395	2.2477		1.2659	1.1813	1.0395	1.2345	0.5199	1.201	0.5285	1.1575	0.6786	0.312	1.0506	0.9416		
		0.7557	1.889	2.1766	2.6328	2.5618	2.0695	2.2488	0.3621	2.6492	2.5105	0.3547	1.9585		0.3456	0.5841	1.2509	1.3897	1.3887	1.1999	1.2177	0.1979	1.4745	1.451	0.1802	0.9959		
		0.4112	1.2824	1.9096	2.247	1.9066	3.3035	1.7448	0.4302	0.521	2.3	1.9087	2.243		0.2645	0.4288	0.5643	0.916	0.7052	0.9403	0.5745	0.287	0.2636	0.79	0.5869	0.7831		
		1.4588	1.8682	0.811	1.8203	1.8044	1.7459	0.4379	0.7986	0.569	0.6058	0.7624	0.7033		0.5149	1.1	0.4724	0.5125	0.7989	0.7984	0.2447	0.399	0.3189	0.3014	0.3622	0.3179		
		0.5411	0.5711	1.0555	0.5331	0.3753	0.7397	0.4248	0.3971	0.348	0.272	0.3075	0.3488		0.28	0.2698	0.499	0.2359	0.2591	0.3076	0.2021	0.217	0.1744	0.1562	0.1618	0.1792		
		
~End
Copyright © 2003 Molecular Devices. All rights reserved.
