##BLOCKS= 1          
Plate:	Plate#1	1.3	PlateFormat	Endpoint	Absorbance	Raw	FALSE	1						2	490 750	1	12	96	1	8	None	
	Temperature(¡C)	1	2	3	4	5	6	7	8	9	10	11	12		1	2	3	4	5	6	7	8	9	10	11	12		
	23.10	0.3601	1.7522	0.3636	2.6096	0.3598	1.4943	1.4692	0.8245	1.8813	1.917	1.7106	1.985		0.1967	0.7389	0.1974	1.1906	0.2026	1.0076	0.6607	0.4973	0.8869	1.3855	0.5025	1.2751		
		0.7257	1.9747	2.1836	2.2	1.9304	0.8474	1.9246	0.9993	2.142	0.6582	1.9071	1.9928		0.5738	1.5093	1.2273	1.4269	1.2191	0.4406	1.1767	0.6306	1.3037	0.3721	0.9819	1.2907		
		0.4721	0.7619	1.5954	2.4271	1.7061	2.1784	1.9023	2.1821	1.6913	2.0236	1.8726	2.2283		0.2696	0.3807	0.9435	1.2902	0.8442	1.0146	0.6985	1.295	1.1131	1.2989	1.2503	1.2913		
		2.2696	2.1679	1.9258	2.4406	0.9391	2.0338	1.0007	1.9153	1.3799	0.5267	2.1371	2.2629		1.2771	1.3012	1.1145	1.3151	0.5517	1.1913	0.5672	1.1414	0.7853	0.2874	1.0971	1.0043		
		0.911	1.7119	2.1716	2.7624	2.3842	2.2012	2.2461	0.3647	2.6097	2.5668	0.3368	2.1383		0.3978	0.523	1.2375	1.4275	1.3089	1.3134	1.2005	0.195	1.4571	1.483	0.1779	1.0959		
		0.4697	1.3081	2.0484	2.1863	2.0455	3.3005	1.7129	0.4597	0.5763	1.883	1.7464	1.8314		0.2546	0.456	0.6417	0.8959	0.7827	0.9633	0.5962	0.3114	0.2818	0.6863	0.5432	0.6682		
		1.7898	1.9849	0.7687	1.7076	1.6817	1.8687	0.4888	0.7998	0.6042	0.4986	0.8197	0.7137		0.698	1.1714	0.4515	0.4958	0.7812	0.7712	0.2678	0.4046	0.3281	0.265	0.3731	0.3285		
		0.4131	0.6821	0.9733	0.5147	0.337	0.782	0.4547	0.4599	0.3376	0.2858	0.2942	0.3224		0.1978	0.3788	0.4566	0.2206	0.2333	0.3168	0.222	0.224	0.1719	0.1604	0.1525	0.181		
		
~End
Copyright © 2003 Molecular Devices. All rights reserved.
