##BLOCKS= 1          
Plate:	Plate#1	1.3	PlateFormat	Endpoint	Absorbance	Raw	FALSE	1						2	490 750	1	12	96	1	8	None	
	Temperature(¡C)	1	2	3	4	5	6	7	8	9	10	11	12		1	2	3	4	5	6	7	8	9	10	11	12		
	22.10	0.3524	1.6558	0.3465	2.4371	0.1864	1.8055	1.2382	0.471	1.5847	1.5588	2.0777	1.3628		0.214	0.9522	0.2443	1.4157	0.1507	1.3505	0.8707	0.3775	1.2224	1.1983	1.4684	1.0229		
		0.5937	0.3197	1.6411	2.2913	1.5733	1.6272	2.4195	1.1271	1.474	0.4065	2.1906	1.3035		0.463	0.2453	1.1968	1.5334	1.177	1.0817	1.3163	0.834	1.0942	0.3042	1.5544	0.9179		
		0.6086	0.1815	2.0672	2.3862	1.5112	1.7828	1.5995	2.349	2.0732	2.0354	2.307	1.722		0.3545	0.1372	0.8701	1.5374	0.9712	1.1873	0.6532	1.6372	1.433	1.4146	1.6137	1.2551		
		2.3426	1.4243	1.788	1.7712	0.3809	0.5484	1.9075	1.5622	2.126	0.3363	2.2167	2.0618		1.6791	1.0573	1.236	1.1909	0.2769	0.4374	1.2855	1.0959	1.3944	0.2379	1.4657	1.3195		
		1.895	0.9237	0.2367	2.4399	0.9646	1.9162	2.0901	0.216	2.4635	2.2139	0.2974	1.5806		1.2501	0.6327	0.1714	1.605	0.75	1.2594	1.4075	0.1632	1.6265	1.4415	0.1978	1.1297		
		0.4782	0.7949	0.877	1.5093	1.6356	2.0169	0.5841	0.6507	0.4388	0.7176	0.8313	2.1795		0.3441	0.564	0.6288	1.0218	1.0696	1.1332	0.266	0.4968	0.3095	0.4849	0.5445	0.8096		
		1.1127	1.4578	0.4949	1.3804	1.5153	1.1517	1.8003	1.8357	1.6701	0.5085	0.5964	1.5721		0.7413	0.9785	0.3738	0.9012	0.8112	0.6627	1.2398	1.035	0.7205	0.3284	0.3524	0.7285		
		0.9515	0.4339	2.3716	0.7182	0.6666	2.5205	0.3559	0.2978	1.4459	0.702	0.3769	0.299		0.5663	0.2851	1.2886	0.4893	0.5196	1.13	0.191	0.2296	0.9243	0.6514	0.2671	0.2001		
		
~End
Copyright © 2003 Molecular Devices. All rights reserved.
