##BLOCKS= 1          
Plate:	Plate#1	1.3	PlateFormat	Endpoint	Absorbance	Raw	FALSE	1						2	490 750	1	12	96	1	8	None	
	Temperature(¡C)	1	2	3	4	5	6	7	8	9	10	11	12		1	2	3	4	5	6	7	8	9	10	11	12		
	22.20	0.4524	1.5857	0.3704	2.5285	0.2146	1.6511	2.071	0.3652	1.874	1.6705	2.0634	1.7281		0.3059	0.9089	0.2745	1.4983	0.1799	1.1974	1.5079	0.2792	1.4529	1.3315	1.4942	1.2796		
		0.5637	0.2334	1.4209	1.849	1.42	1.5395	2.2039	1.4056	2.0436	0.5163	1.807	1.5992		0.4252	0.1716	1.0123	1.1311	1.0377	1.0144	1.4853	1.0586	1.5447	0.3827	1.3074	1.1792		
		0.5803	0.1687	1.8222	2.0501	1.395	1.7268	2.0782	2.5282	2.4322	2.2317	1.7961	1.9833		0.404	0.1292	0.8746	1.3583	0.9134	1.1554	0.8516	1.7588	1.6276	1.3829	1.251	1.3095		
		1.7725	1.6413	1.5448	1.6517	0.4715	0.3434	2.0494	2.3158	1.7218	0.2461	1.72	1.6796		1.3944	1.2475	1.0542	1.1278	0.34	0.2539	1.3681	1.1897	1.224	0.1788	1.1554	1.0666		
		1.9003	0.6559	0.2101	1.7286	0.7473	2.7163	2.1419	0.3411	2.2666	1.9476	0.3834	1.6012		1.2697	0.4568	0.1638	1.1561	0.5648	1.6428	1.4412	0.2608	1.574	1.278	0.2672	1.1666		
		0.6639	1.2278	1.3807	1.3654	0.3856	1.9083	0.613	0.4947	0.4082	0.746	1.0653	2.4652		0.4582	0.92	1.1139	0.9709	0.281	1.1792	0.2911	0.3714	0.2937	0.5178	0.7407	1.0772		
		0.8016	2.2787	0.5424	0.9521	0.7743	1.8798	1.2999	1.8627	1.172	0.3303	0.6247	1.7173		0.5157	1.5887	0.406	0.5902	0.3971	1.0973	0.8616	0.9476	0.5269	0.2139	0.3587	0.8045		
		1.9208	0.4621	2.5406	0.5664	0.5325	1.3778	0.3318	0.2079	1.0027	1.2602	0.2216	0.2743		0.9197	0.3209	1.2868	0.3877	0.3938	0.7088	0.1921	0.136	0.5975	1.2176	0.1567	0.1782		
		
~End
Copyright © 2003 Molecular Devices. All rights reserved.
