##BLOCKS= 1          
Plate:	Plate#1	1.3	PlateFormat	Endpoint	Absorbance	Raw	FALSE	1						2	490 750	1	12	96	1	8	None	
	Temperature(¡C)	1	2	3	4	5	6	7	8	9	10	11	12		1	2	3	4	5	6	7	8	9	10	11	12		
	23.10	0.3951	1.3204	0.4466	2.9387	0.4161	2.1697	0.994	1.3736	1.7189	2.1549	1.4474	1.6931		0.2273	0.8963	0.2821	1.9483	0.2608	1.5303	0.6138	0.9981	1.1755	1.5734	0.3699	1.2042		
		0.5954	2.1961	1.603	1.3703	1.6843	1.0311	1.56	1.3968	1.6544	1.2511	1.3343	1.7155		0.4468	1.594	1.1989	0.9007	1.2143	0.7289	1.1381	0.9516	1.2502	0.8244	0.9024	1.2263		
		2.2642	0.1526	1.5642	2.0095	1.1418	1.535	1.4949	1.8737	1.8069	1.5571	1.6815	1.5142		1.3615	0.1195	1.0663	1.4277	0.7853	1.1753	0.9156	1.3805	1.4561	1.0933	1.29	1.0838		
		2.5776	2.3796	1.8055	1.5645	2.6585	1.7724	2.957	1.3999	1.5213	0.5684	1.9918	2.2092		1.7186	1.7445	1.2922	1.1791	1.9201	1.3649	2.0691	0.9672	1.1034	0.3609	1.4516	1.5112		
		0.5659	0.894	0.3537	2.4759	1.2903	1.9004	1.6314	0.4346	1.8127	1.726	0.3837	2.1446		0.3083	0.3777	0.2244	1.6769	0.925	1.392	1.1336	0.2937	1.3564	1.2944	0.2532	1.3999		
		0.9786	1.0049	2.0443	1.9606	1.4581	1.7331	2.2194	0.3322	0.7266	1.7334	1.7015	1.7216		0.6661	0.6551	0.9058	1.1966	0.9319	1.1794	1.0608	0.2365	0.4773	0.9088	0.8056	0.716		
		1.5549	2.7543	1.2888	1.8538	1.7993	0.2698	0.5853	2.4514	0.5128	0.8964	1.0418	1.7023		0.7889	1.8788	0.9232	0.8444	1.0502	0.1911	0.3791	1.5112	0.3009	0.4948	0.5974	0.9508		
		0.3093	1.4437	1.1833	0.559	0.549	0.6645	0.3446	0.4444	0.5511	0.2646	0.3757	0.3296		0.208	0.9141	0.6331	0.3955	0.4008	0.4546	0.2408	0.2524	0.2982	0.1694	0.2199	0.1994		
		
~End
Copyright © 2003 Molecular Devices. All rights reserved.
