##BLOCKS= 1          
Plate:	Plate#1	1.3	PlateFormat	Endpoint	Absorbance	Raw	FALSE	1						2	490 750	1	12	96	1	8	None	
	Temperature(¡C)	1	2	3	4	5	6	7	8	9	10	11	12		1	2	3	4	5	6	7	8	9	10	11	12		
	23.10	0.3788	1.0984	0.3372	2.9165	0.3847	2.4615	1.0142	1.2436	1.8352	2.0034	1.6326	1.7191		0.2213	0.7699	0.2196	1.8385	0.2519	1.7168	0.6193	0.8953	1.2339	1.4921	0.5106	1.2386		
		0.7451	1.7265	1.7004	1.3564	1.5681	0.9732	1.6755	1.1781	1.4341	1.1139	1.599	1.9201		0.5466	1.3946	1.2802	0.8969	1.1438	0.6928	1.2563	0.7961	1.0094	0.7214	1.1643	1.4191		
		2.4601	0.1622	1.5249	2.1834	1.2226	1.4884	1.3391	2.0392	1.7892	1.7039	1.858	1.6672		1.4937	0.1278	1.0401	1.5493	0.8763	1.1366	0.8172	1.5165	1.4498	1.2596	1.4379	1.183		
		2.3639	1.837	1.5044	1.8271	2.5041	1.8775	2.8596	1.3373	1.9784	0.4134	1.5517	2.2449		1.6223	1.3593	1.0887	1.3973	1.7436	1.4591	2.0165	0.9603	1.5117	0.2742	1.0478	1.5445		
		0.7286	0.7518	0.3195	2.5808	1.0592	1.854	1.7209	0.3509	2.0746	1.2925	0.4214	2.0563		0.4417	0.3182	0.2071	1.8473	0.7832	1.3199	1.2284	0.2378	1.4963	0.9365	0.2869	1.363		
		0.9323	0.8958	2.6024	1.7001	1.7338	1.6885	2.0584	0.3059	0.6389	2.3241	1.8893	1.8782		0.6402	0.6006	1.1869	1.0041	1.0715	1.1363	1.0159	0.2166	0.4227	1.1438	0.905	0.8378		
		1.3924	2.8498	0.8969	1.0278	1.8728	0.3106	0.6968	2.3339	0.4971	0.8213	1.1869	1.7013		0.7632	2.0471	0.6319	0.5098	1.0488	0.2189	0.4594	1.2922	0.3112	0.4748	0.651	0.9133		
		0.3203	1.1605	1.5372	0.5984	0.3914	0.6505	0.3322	0.2927	0.5088	0.2748	0.242	0.3722		0.2063	0.7925	0.8139	0.4145	0.2772	0.4495	0.2363	0.1763	0.2841	0.1845	0.159	0.2312		
		
~End
Copyright © 2003 Molecular Devices. All rights reserved.
