##BLOCKS= 1          
Plate:	Plate#1	1.3	PlateFormat	Endpoint	Absorbance	Raw	FALSE	1						2	490 750	1	12	96	1	8	None	
	Temperature(¡C)	1	2	3	4	5	6	7	8	9	10	11	12		1	2	3	4	5	6	7	8	9	10	11	12		
	23.10	0.5255	1.204	0.286	3.1231	0.452	2.479	0.6388	1.2852	1.8955	1.8945	1.572	1.7635		0.2957	0.8112	0.1915	2.1772	0.29	1.6853	0.3699	0.931	1.2372	1.418	0.5544	1.3033		
		0.6934	1.724	1.5906	1.6244	1.5992	1.1328	1.3097	1.1562	1.5561	1.0478	1.4405	1.641		0.4889	1.3847	1.1776	1.0733	1.1559	0.8204	0.9548	0.804	1.1236	0.6684	1.0392	1.2119		
		2.5931	0.1784	1.4435	2.4092	1.0346	1.5781	1.6246	2.015	1.8065	2.036	1.6398	1.6076		1.5993	0.1403	0.997	1.6951	0.7402	1.1757	0.9271	1.4913	1.449	1.4964	1.2736	1.1718		
		2.9817	1.8369	1.9227	1.8847	2.8915	2.0478	2.9549	1.4281	1.7312	0.6495	1.5127	2.4865		1.9961	1.3724	1.4359	1.4286	2.2642	1.5804	2.1312	1.0494	1.3064	0.4011	1.1064	1.7733		
		0.5334	1.019	0.4501	2.5331	0.916	1.9534	1.5359	0.3498	2.0839	1.5845	0.4761	2.1631		0.293	0.4138	0.2893	1.708	0.642	1.3717	1.0496	0.24	1.5256	1.1682	0.3047	1.4		
		0.8819	0.9924	2.3097	1.8763	1.5602	1.6225	1.6799	0.2849	0.8564	1.6113	2.0352	2.0679		0.6116	0.6659	1.0503	1.1531	0.9934	1.0832	0.8429	0.2044	0.5666	0.8634	0.9494	0.994		
		1.9462	2.5237	0.6655	1.8621	1.4794	0.2931	0.7946	2.2081	0.4572	1.115	1.0961	2.2445		0.9696	1.6113	0.4619	0.8783	0.8579	0.2054	0.5376	1.2761	0.2876	0.6514	0.5665	1.1596		
		0.4326	1.3135	2.2846	0.4643	0.598	0.578	0.2972	0.3596	0.3514	0.3359	0.3621	0.478		0.3031	0.8398	1.3513	0.3221	0.4193	0.3932	0.2009	0.2212	0.2107	0.2201	0.2233	0.2784		
		
~End
Copyright © 2003 Molecular Devices. All rights reserved.
