##BLOCKS= 1          
Plate:	Plate#1	1.3	PlateFormat	Endpoint	Absorbance	Raw	FALSE	1						2	490 750	1	12	96	1	8	None	
	Temperature(¡C)	1	2	3	4	5	6	7	8	9	10	11	12		1	2	3	4	5	6	7	8	9	10	11	12		
	21.10	0.3034	1.5211	0.3688	3.5428	0.446	1.5251	0.337	1.1265	3.209	0.7489	0.7441	3.0946		0.2105	0.9648	0.2458	2.9642	0.2976	1.1153	0.1917	0.7997	2.2684	0.5861	0.294	2.1481		
		0.6506	3.1643	2.5958	1.5861	2.7362	1.7977	3.7862	2.2799	2.3117	1.2385	2.2926	1.8341		0.4862	2.4849	1.6053	1.0403	1.8467	1.21	2.6469	1.5757	1.5669	0.8127	1.5648	1.2		
		1.1373	0.1711	1.7102	0.8868	1.9517	1.8287	1.8611	1.2544	1.0271	3.0666	2.636	2.6718		0.7395	0.1358	1.0577	0.618	1.1275	1.2188	1.2011	0.7918	0.6693	2.3291	1.8069	1.8729		
		3.188	2.6251	3.158	3.0601	0.9235	3.3979	1.2523	2.733	2.9635	0.4451	2.2905	3.3396		2.7118	1.7271	2.1509	2.2191	0.6105	2.7051	0.7846	1.8333	2.0999	0.2961	1.5869	2.4945		
		0.7539	2.3816	0.3348	3.4201	0.6239	3.0719	2.2883	0.4728	2.4249	2.681	0.6175	2.9759		0.4611	1.4864	0.2308	2.5473	0.4763	2.1348	1.4734	0.3208	1.5796	1.7727	0.4037	2.0354		
		1.8071	0.9245	2.1228	1.9985	1.4476	1.1969	1.6679	0.3328	0.7124	2.2219	1.463	1.7505		1.2249	0.6734	1.4426	1.2747	0.9607	0.7572	0.982	0.2299	0.454	1.0223	0.9675	1.0858		
		0.2788	1.2652	1.0856	1.9688	0.8873	1.1641	1.5907	2.4526	0.7318	0.8986	1.4348	1.6175		0.194	0.9182	0.7762	1.2275	0.5529	0.7551	1.0066	1.7377	0.4902	0.6184	0.9651	1.011		
		0.4452	2.2928	0.5992	1.9891	1.2073	0.9076	0.3333	0.2604	1.5853	0.3394	0.3786	0.3042		0.2873	1.6123	0.3864	1.3859	0.785	0.6333	0.23	0.1634	0.8115	0.2441	0.2641	0.2102		
		
~End
Copyright © 2003 Molecular Devices. All rights reserved.
