##BLOCKS= 1          
Plate:	Plate#1	1.3	PlateFormat	Endpoint	Absorbance	Raw	FALSE	1						2	490 750	1	12	96	1	8	None	
	Temperature(¡C)	1	2	3	4	5	6	7	8	9	10	11	12		1	2	3	4	5	6	7	8	9	10	11	12		
	21.20	0.5243	1.2633	0.4337	3.3448	0.5011	1.928	0.2843	1.0117	3.3654	0.6284	2.3112	2.4926		0.3367	0.8173	0.2928	2.9231	0.3239	1.4123	0.1713	0.7047	2.4363	0.4744	0.5551	1.668		
		0.7029	2.7351	2.4281	1.521	2.5471	1.6941	3.6944	1.4576	2.4199	1.3294	1.2617	2.4511		0.5071	1.7503	1.5712	0.9985	1.7029	1.1917	2.3308	1.0155	1.6591	0.8234	0.858	1.5911		
		0.952	0.1898	1.621	0.8701	2.098	1.9941	1.7009	1.1422	0.7295	3.0115	2.1584	2.9822		0.6177	0.1468	1.015	0.6029	1.2579	1.3315	1.0782	0.7094	0.4622	2.2922	1.4996	2.0461		
		3.0991	2.1456	2.347	3.0282	0.8994	3.429	1.0682	2.843	2.4751	0.6656	2.7056	3.3725		2.3976	1.3988	1.5965	2.1553	0.5919	2.701	0.6728	1.9515	1.6932	0.4553	1.8725	2.5293		
		0.9997	1.4609	0.3823	3.5631	0.6807	2.8747	2.5567	0.5286	2.3757	2.4381	0.6228	2.3813		0.6307	0.8584	0.2698	2.7619	0.5383	1.9913	1.6804	0.3606	1.6146	1.6656	0.3995	1.4948		
		1.676	0.8831	1.6188	1.9774	1.4742	1.0884	1.082	0.4189	1.0342	2.0063	1.2993	1.3035		1.0996	0.6271	1.0645	1.2382	0.9784	0.6692	0.6392	0.2914	0.6635	0.9856	0.8545	0.75		
		0.2756	2.2768	0.9103	2.1841	1.4573	1.3729	1.1382	2.5172	0.5609	0.8789	0.9185	1.5681		0.195	1.6386	0.6475	1.4105	1.027	0.8965	0.6989	1.8841	0.379	0.5992	0.5899	0.9766		
		0.5235	1.6751	0.6735	1.9749	0.9758	0.7965	0.2998	0.3619	1.7477	0.2812	0.3805	0.3102		0.3215	1.1413	0.4516	1.3049	0.6419	0.5407	0.2129	0.2107	0.8214	0.2073	0.271	0.2165		
		
~End
Copyright © 2003 Molecular Devices. All rights reserved.
