##BLOCKS= 1          
Plate:	Plate#1	1.3	PlateFormat	Endpoint	Absorbance	Raw	FALSE	1						2	490 750	1	12	96	1	8	None	
	Temperature(¡C)	1	2	3	4	5	6	7	8	9	10	11	12		1	2	3	4	5	6	7	8	9	10	11	12		
	21.50	0.2325	1.779	0.1854	2.7981	0.2494	0.3932	0.3626	0.8604	2.4511	0.8311	2.4308	1.866		0.1709	1.0384	0.1359	1.706	0.1862	0.2946	0.2483	0.6298	1.592	0.6037	0.7538	1.3286		
		0.603	0.4057	2.3492	0.6585	1.7626	1.6688	1.8599	1.3111	1.8446	1.2857	2.9292	1.4557		0.466	0.2696	1.532	0.3886	1.2484	1.2656	1.3088	0.8433	1.2145	0.9239	1.7059	1.039		
		0.5374	0.1597	1.0555	0.6371	1.0622	1.6449	0.4925	1.3651	1.1432	2.2512	2.5103	2.3491		0.3245	0.1192	0.7326	0.4185	0.7386	1.2429	0.3559	0.9006	0.8547	1.4566	1.6131	1.6316		
		0.4189	1.5458	3.0419	2.1209	0.3886	2.0097	0.5806	1.811	2.4734	0.4301	2.2252	2.2378		0.308	1.0686	2.0602	1.424	0.2781	1.517	0.3709	1.2902	1.6227	0.3227	1.5172	1.4282		
		0.6945	1.975	0.2862	0.5135	0.2075	2.769	2.8075	0.3815	2.6014	2.7849	0.6751	2.6815		0.4273	0.6522	0.2084	0.3896	0.1545	1.954	1.8573	0.265	1.6953	1.8935	0.4708	1.6194		
		2.222	0.6641	1.6754	0.356	1.2843	0.5171	0.9592	0.4062	0.3524	1.7224	1.7136	2.3254		1.5839	0.4269	0.8785	0.2559	0.8535	0.3231	0.5908	0.2824	0.2534	0.8571	0.966	1.0091		
		1.3352	0.4335	2.3771	1.2751	2.8798	2.5494	0.3149	0.5679	0.3118	1.3565	1.086	1.3641		0.6765	0.3157	1.2397	0.6726	1.8153	1.6854	0.2108	0.399	0.2117	0.8137	0.7827	0.889		
		0.3792	0.3616	0.362	0.2721	1.8518	0.2485	0.2713	0.2825	0.2439	0.2216	0.2148	0.2539		0.2691	0.252	0.2128	0.1942	1.293	0.1737	0.1766	0.1988	0.171	0.1541	0.1572	0.1744		
		
~End
Copyright © 2003 Molecular Devices. All rights reserved.
