##BLOCKS= 1          
Plate:	Plate#1	1.3	PlateFormat	Endpoint	Absorbance	Raw	FALSE	1						2	490 750	1	12	96	1	8	None	
	Temperature(¡C)	1	2	3	4	5	6	7	8	9	10	11	12		1	2	3	4	5	6	7	8	9	10	11	12		
	21.40	0.2024	1.0611	0.5624	0.4631	0.5331	0.6785	0.5651	0.4181	0.6396	0.3668	0.3724	0.6816		0.1145	0.3866	0.2546	0.1716	0.271	0.32	0.2069	0.23	0.4086	0.1729	0.1381	0.2483		
		0.5622	0.509	1.0431	0.382	0.2308	0.2748	0.3597	0.7394	0.4071	0.2439	0.2105	1.2115		0.4322	0.2411	0.764	0.1563	0.1205	0.1356	0.1634	0.5386	0.1573	0.1365	0.117	0.866		
		0.2842	0.1462	0.3365	0.6083	0.2355	0.298	0.6165	0.3318	0.3525	0.2859	0.5116	0.4686		0.1662	0.1117	0.1913	0.2204	0.1252	0.1431	0.4146	0.1649	0.1554	0.1457	0.2031	0.1932		
		0.4951	0.7891	0.4956	0.5439	0.2761	0.3765	0.4021	0.4499	0.3905	0.327	0.4917	0.4406		0.1924	0.5754	0.2144	0.2137	0.1393	0.1625	0.1698	0.1778	0.1757	0.1539	0.2069	0.1797		
		0.2684	0.5044	0.374	0.4168	0.3278	0.321	0.4233	0.2217	1.1842	0.3866	0.317	1.0005		0.1352	0.1335	0.2022	0.1668	0.1445	0.1486	0.1719	0.1221	0.815	0.1701	0.1379	0.723		
		0.6981	0.7262	0.5295	0.9201	0.907	1.1068	0.3339	0.2796	0.2528	0.2699	0.3374	0.2426		0.4785	0.4688	0.2969	0.6741	0.4777	0.53	0.1565	0.203	0.1266	0.1533	0.1706	0.1299		
		0.5078	0.7348	0.7476	0.5781	0.1644	0.3005	0.2774	0.4044	0.2222	0.2249	0.4994	0.8421		0.3551	0.5039	0.5024	0.2766	0.1139	0.1725	0.1507	0.1913	0.1264	0.1204	0.2161	0.4913		
		0.3893	0.4021	0.3593	1.3927	0.422	0.4396	0.2661	0.4418	0.2221	0.2695	0.2247	0.4427		0.202	0.2338	0.2081	0.6407	0.3295	0.2196	0.1562	0.2127	0.1218	0.1416	0.1246	0.2558		
		
~End
Copyright © 2003 Molecular Devices. All rights reserved.
