##BLOCKS= 1          
Plate:	Plate#1	1.3	PlateFormat	Endpoint	Absorbance	Raw	FALSE	1						2	490 750	1	12	96	1	8	None	
	Temperature(¡C)	1	2	3	4	5	6	7	8	9	10	11	12		1	2	3	4	5	6	7	8	9	10	11	12		
	21.50	0.5827	0.9813	0.539	0.3237	0.5133	1.7664	0.3592	0.501	0.5635	0.2722	0.3257	1.27		0.3189	0.4231	0.2158	0.1399	0.2357	1.229	0.1464	0.2504	0.3241	0.1374	0.1296	0.9263		
		0.5179	0.3557	1.2873	0.2056	0.3055	0.28	0.7195	0.6968	0.8166	0.2158	0.2089	0.8329		0.4199	0.1802	0.9712	0.116	0.147	0.1372	0.5245	0.523	0.5527	0.1335	0.1157	0.5656		
		0.3161	0.1356	0.3306	0.3037	0.2594	0.2474	0.2895	0.6252	0.4659	0.3563	0.5891	0.6536		0.1607	0.1048	0.1774	0.1425	0.1348	0.1322	0.1997	0.3424	0.2029	0.1727	0.2587	0.282		
		0.3087	1.1452	0.3625	0.432	0.2617	0.6935	0.3522	0.3903	0.804	0.3841	0.4022	0.3499		0.1505	0.7855	0.1621	0.2182	0.1401	0.293	0.1585	0.1668	0.5581	0.2015	0.1702	0.1418		
		0.3162	0.5677	0.32	0.4539	0.4834	0.2828	0.5887	0.2814	0.8708	0.3805	0.491	1.2261		0.163	0.1559	0.1674	0.2147	0.2517	0.1344	0.271	0.1431	0.6258	0.183	0.2026	0.8912		
		0.6927	0.8849	0.4563	1.3305	0.5583	1.0081	0.2937	0.2622	0.4565	0.2836	0.2076	0.451		0.5305	0.599	0.2892	0.9609	0.3017	0.4189	0.1486	0.1857	0.2282	0.1462	0.1187	0.2066		
		0.4447	0.9324	0.5636	0.6755	0.1726	0.2396	0.2756	0.4125	0.488	0.5184	0.5483	0.5989		0.2971	0.5701	0.3943	0.3958	0.1233	0.1752	0.1463	0.1845	0.2184	0.2339	0.2966	0.3875		
		0.5828	0.3319	0.2437	0.9484	0.362	0.3812	0.2817	0.2989	0.2992	0.4193	0.2148	0.3984		0.3621	0.1716	0.1275	0.5181	0.2841	0.1882	0.1487	0.1586	0.1469	0.2229	0.116	0.216		
		
~End
Copyright © 2003 Molecular Devices. All rights reserved.
