##BLOCKS= 1          
Plate:	Plate#1	1.3	PlateFormat	Endpoint	Absorbance	Raw	FALSE	1						2	490 750	1	12	96	1	8	None	
	Temperature(¡C)	1	2	3	4	5	6	7	8	9	10	11	12		1	2	3	4	5	6	7	8	9	10	11	12		
	23.10	0.2832	0.2986	0.2811	1.9629	0.3592	1.181	0.1714	0.3855	1.5674	0.1545	2.2851	1.5514		0.1856	0.169	0.1962	1.1665	0.2495	0.8003	0.1229	0.2609	1.0312	0.1213	0.41	1.1577		
		0.5589	0.1656	2.0118	0.2553	1.9809	0.6313	1.5099	1.4828	1.8608	0.442	0.2045	1.8157		0.4584	0.1192	1.339	0.1639	1.1697	0.3469	1.0763	0.9808	1.256	0.2559	0.1458	1.2769		
		0.995	0.165	1.6367	0.2404	1.5642	1.6582	1.7976	0.3896	0.2942	1.7847	1.627	1.6636		0.7885	0.1285	0.626	0.1757	1.056	0.8747	0.731	0.2139	0.1778	1.3046	1.1734	1.2328		
		0.9775	2.0263	2.015	2.0111	0.41	0.2762	0.306	1.6912	2.0578	0.5505	1.6674	1.6153		0.6287	1.3106	1.2913	1.2848	0.2199	0.1887	0.1852	1.1467	1.438	0.3349	1.2417	0.9813		
		0.5182	0.4122	0.3629	2.525	1.247	2.2663	1.2383	0.3365	0.2764	1.8506	0.2344	1.7213		0.2463	0.207	0.2702	1.3821	0.864	1.367	0.8771	0.2115	0.1998	1.153	0.1704	1.18		
		2.2055	0.9622	0.787	2.0815	1.9472	0.4709	0.3237	0.3091	0.3558	0.3011	0.1896	1.9515		1.1746	0.4702	0.3957	0.8904	0.8553	0.2737	0.1978	0.2134	0.2259	0.1647	0.1372	0.8542		
		0.6831	0.1943	0.7788	0.4833	0.1512	1.7117	0.1549	1.479	0.2714	0.4936	1.0394	0.9479		0.471	0.1542	0.532	0.3082	0.1224	0.882	0.122	0.814	0.1869	0.3087	0.4553	0.4634		
		0.277	0.86	1.009	1.4569	0.2435	0.3603	0.1945	0.1361	0.4388	0.2607	0.1327	0.3661		0.2016	0.5452	0.5838	0.7065	0.1784	0.2419	0.1528	0.109	0.2763	0.1889	0.1076	0.2253		
		
~End
Copyright © 2003 Molecular Devices. All rights reserved.
