##BLOCKS= 1          
Plate:	Plate#1	1.3	PlateFormat	Endpoint	Absorbance	Raw	FALSE	1						2	490 750	1	12	96	1	8	None	
	Temperature(¡C)	1	2	3	4	5	6	7	8	9	10	11	12		1	2	3	4	5	6	7	8	9	10	11	12		
	23.10	0.3164	1.0806	0.3562	3.022	0.2519	0.7203	0.2231	0.5075	1.6897	0.2376	0.2759	1.7634		0.1984	0.7559	0.2439	1.7185	0.1788	0.4792	0.1523	0.3314	1.1018	0.1891	0.1446	1.2848		
		0.6795	1.7836	2.0351	0.2383	2.0656	0.6424	1.7711	1.1637	1.9216	0.4512	0.1763	1.6717		0.531	1.3513	1.3869	0.1613	1.2082	0.3676	1.0754	0.746	1.4353	0.2607	0.1321	1.1838		
		0.6521	0.1847	1.6804	0.4401	1.3438	1.7574	1.2905	0.4372	0.538	1.7828	1.6159	1.7118		0.4715	0.1495	0.6681	0.2966	0.9106	0.9288	0.6088	0.2399	0.2942	1.2672	1.1666	1.2523		
		1.5412	1.8981	1.9047	2.2069	0.6286	0.3373	0.5392	1.8709	1.932	0.4128	1.4702	1.6949		1.0308	1.2673	1.2132	1.5204	0.34	0.212	0.2562	1.1624	1.3499	0.264	1.0888	1.0756		
		0.5873	1.1102	0.2758	2.2249	1.4522	1.3314	2.2975	0.2992	0.4655	2.6523	0.2754	1.7162		0.3226	0.5814	0.1997	1.208	0.9166	0.8519	1.3963	0.1911	0.2651	1.531	0.176	1.1361		
		2.274	0.9037	0.9778	1.956	2.1005	0.4178	0.3351	0.3853	0.5891	0.222	0.2988	1.8486		1.2369	0.4564	0.5006	0.862	0.9532	0.249	0.2013	0.2519	0.3147	0.1401	0.1757	0.8599		
		1.1902	0.1591	0.7696	0.5023	0.1559	1.069	0.1798	1.3047	0.4615	1.1803	0.4452	0.9492		0.6645	0.1295	0.5459	0.3081	0.1259	0.5584	0.1384	0.7178	0.2644	0.6915	0.2296	0.462		
		0.4041	1.2897	2.0542	1.3344	0.3677	1.9792	0.187	0.1488	0.3544	0.2753	0.323	0.2831		0.2905	0.8435	1.0656	0.635	0.2749	0.9988	0.126	0.1141	0.2122	0.195	0.2083	0.1808		
		
~End
Copyright © 2003 Molecular Devices. All rights reserved.
