##BLOCKS= 1          
Plate:	Plate#1	1.3	PlateFormat	Endpoint	Absorbance	Raw	FALSE	1						2	490 750	1	12	96	1	8	None	
	Temperature(¡C)	1	2	3	4	5	6	7	8	9	10	11	12		1	2	3	4	5	6	7	8	9	10	11	12		
	21.60	0.3942	1.764	0.3026	2.4565	0.4322	3.1906	1.8964	0.741	3.4511	1.6791	3.5995	2.629		0.2833	1.0667	0.2203	1.8519	0.297	2.3371	1.3734	0.5385	2.4923	1.1573	1.6253	1.5524		
		0.6197	3.0414	2.0599	3.3119	3.011	0.7054	1.8374	0.2704	3.0424	0.8394	2.996	2.2375		0.4719	2.0935	1.2464	2.7855	1.9323	0.5043	1.0288	0.2093	2.0491	0.5772	1.9988	1.2841		
		1.9085	0.2235	1.004	3.3359	1.241	3.1102	2.1083	3.1052	3.3186	2.8971	2.8699	2.4953		1.2905	0.1705	0.7589	2.4387	0.7687	1.9855	1.4494	2.2479	2.4286	1.9564	1.6966	1.5191		
		3.1914	2.489	2.1689	3.2348	0.9645	2.453	3.3898	1.3852	3.0839	0.5662	2.6161	3.2237		2.1154	1.4381	1.2366	2.0484	0.6686	1.6954	2.5687	0.8606	1.9034	0.4131	1.5656	1.9553		
		0.6365	0.6058	0.4283	2.9048	2.5019	1.9117	3.0115	0.5579	2.5826	2.6164	0.5231	2.8513		0.4081	0.3163	0.2958	1.9851	1.7938	1.2061	1.9697	0.388	1.5508	1.5436	0.3678	1.6355		
		1.5849	1.0209	2.1906	2.6253	2.7255	1.351	1.4267	0.6771	0.7568	2.1284	1.699	1.7747		1.144	0.6119	1.4508	1.9068	1.9345	0.8145	0.9919	0.4909	0.5217	1.3635	1.1401	0.8977		
		1.8029	2.8052	1.7635	0.8475	2.1337	1.6654	0.9738	1.7107	1.3519	1.5621	0.8336	1.903		0.9908	2.3309	1.1979	0.4588	1.4149	1.1585	0.6775	1.3268	0.8906	1.012	0.5692	1.3649		
		0.7308	1.0753	2.3122	0.4907	1.1301	1.0906	0.3533	0.6846	1.511	0.4424	0.4069	0.3116		0.4959	0.7111	1.3578	0.3392	0.8041	0.6694	0.2453	0.4112	0.9867	0.3	0.2835	0.2094		
		
~End
Copyright © 2003 Molecular Devices. All rights reserved.
