##BLOCKS= 1          
Plate:	Plate#1	1.3	PlateFormat	Endpoint	Absorbance	Raw	FALSE	1						2	490 750	1	12	96	1	8	None	
	Temperature(¡C)	1	2	3	4	5	6	7	8	9	10	11	12		1	2	3	4	5	6	7	8	9	10	11	12		
	21.70	0.3385	1.6081	0.3298	3.0237	0.5774	3.2296	2.5932	0.7386	3.4492	1.4413	3.6759	1.4642		0.2259	0.9584	0.2294	2.2862	0.38	2.2396	1.8179	0.5297	2.1334	0.9955	2.0776	0.8837		
		0.6322	3.2174	2.1156	3.5376	3.5769	0.5715	2.3512	0.2656	2.3704	0.6187	3.1312	1.603		0.462	2.301	1.2453	2.4797	2.7246	0.3882	1.3575	0.1962	1.5611	0.4092	1.9535	0.8562		
		1.895	0.2189	0.8553	3.4978	1.5948	3.1882	1.3569	3.2498	3.2502	2.8705	2.1771	1.8288		1.2352	0.1537	0.6199	2.5947	0.9916	2.0444	0.9034	2.3565	2.2932	1.8515	1.2475	1.0256		
		3.3436	2.8163	1.8454	1.6248	0.895	3.4837	2.8416	1.6801	2.5465	0.4408	1.6835	2.7632		2.2213	1.614	1.0116	0.9984	0.6077	2.684	1.9321	1.0527	1.4033	0.3067	0.9318	1.7694		
		0.7372	0.4318	0.2971	2.8562	2.6755	1.8407	1.9894	0.4968	1.7924	2.0203	0.581	3.5916		0.442	0.219	0.194	1.9065	2.0583	1.077	1.0957	0.3273	0.9904	1.1252	0.3917	2.1524		
		1.2134	1.004	1.6491	2.599	2.7642	1.396	1.4537	0.5972	0.7863	2.5177	1.5505	2.7309		0.9407	0.5947	1.0481	1.7968	1.9487	0.8024	0.9685	0.4246	0.5002	1.5986	1.0184	1.7348		
		1.4235	2.3492	1.9511	0.8705	1.8349	1.57	0.8073	1.4743	1.0142	1.7245	0.67	1.8621		0.6894	1.5589	1.3332	0.4997	1.1279	1.0226	0.5368	1.0929	0.628	1.126	0.4258	1.2748		
		0.5667	1.3486	2.7304	0.6022	1.5627	1.4091	0.3701	0.4675	2.1477	0.4102	0.2647	0.3929		0.3787	0.8817	1.7325	0.4003	1.0966	0.8723	0.2356	0.2561	1.4383	0.2722	0.1793	0.2588		
		
~End
Copyright © 2003 Molecular Devices. All rights reserved.
