##BLOCKS= 1          
Plate:	Plate#1	1.3	PlateFormat	Endpoint	Absorbance	Raw	FALSE	1						2	490 750	1	12	96	1	8	None	
	Temperature(¡C)	1	2	3	4	5	6	7	8	9	10	11	12		1	2	3	4	5	6	7	8	9	10	11	12		
	21.70	0.362	1.6496	0.2888	2.618	0.441	3.3284	2.4316	0.4651	3.4115	1.2672	3.574	2.6894		0.2493	0.9904	0.2013	1.9463	0.2883	2.7278	1.6881	0.3211	2.188	0.8539	1.9736	1.6652		
		0.5688	2.8055	2.2089	3.0922	2.1863	0.6036	1.7781	0.2755	2.2001	0.6248	2.5854	3.0136		0.3935	1.7665	1.3128	2.0036	1.247	0.4221	1.1221	0.1997	1.3399	0.4142	1.5557	1.9893		
		2.0883	0.224	0.648	3.6834	1.4249	3.0643	1.6262	3.1161	2.6983	2.9634	2.6269	2.6422		1.3789	0.154	0.4602	2.8742	0.8924	1.9146	1.1102	2.2957	1.7964	2.0313	1.6288	1.7387		
		2.6783	2.5901	1.9202	3.3	0.6677	3.5209	3.3592	0.9884	2.7805	0.4981	2.6617	2.9036		1.6879	1.5697	1.1505	2.378	0.4497	2.5512	2.4407	0.5845	1.6107	0.352	1.5887	1.6387		
		0.8073	0.5894	0.4268	3.2784	2.5393	2.0986	2.5072	0.5095	1.6199	1.5647	0.5569	3.1439		0.514	0.2909	0.2871	2.3836	1.797	1.3871	1.559	0.3375	0.902	0.8482	0.3707	1.6872		
		1.2642	1.1376	1.933	2.7078	2.4351	1.6869	1.5094	0.5162	0.6809	1.9229	1.4259	1.9021		0.8716	0.7008	1.264	1.9161	1.6879	0.9826	1.0423	0.3556	0.4395	1.1697	0.935	1.0725		
		1.5016	2.5858	2.343	1.0799	1.5043	1.6692	1.0829	1.5021	0.7351	1.773	1.0517	1.879		0.7159	1.9052	1.6455	0.6166	0.9469	1.116	0.7422	1.1293	0.4828	1.1361	0.6994	1.2679		
		0.5634	1.2429	2.4439	0.6526	1.1978	1.5131	0.457	0.6866	2.5235	0.3259	0.2733	0.5014		0.3444	0.8569	1.4398	0.4335	0.8144	0.9331	0.2999	0.4694	1.6613	0.2145	0.1877	0.3317		
		
~End
Copyright © 2003 Molecular Devices. All rights reserved.
