##BLOCKS= 1          
Plate:	Plate#1	1.3	PlateFormat	Endpoint	Absorbance	Raw	FALSE	1						2	490 750	1	12	96	1	8	None	
	Temperature(¡C)	1	2	3	4	5	6	7	8	9	10	11	12		1	2	3	4	5	6	7	8	9	10	11	12		
	22.20	0.6075	1.8374	0.4772	2.5469	0.3544	1.1767	1.3488	0.7639	1.5222	0.5025	1.488	2.1419		0.303	0.9772	0.2863	1.4415	0.2049	0.7579	0.846	0.4713	1.0306	0.3067	1.0606	1.4232		
		0.5634	1.8015	1.7769	1.5092	1.515	0.7449	1.749	0.9369	1.7897	0.509	0.8935	2.2794		0.4322	1.4519	1.2308	1.073	0.991	0.3671	1.3085	0.6948	1.2772	0.3254	0.6563	1.4992		
		1.1959	0.1711	1.6194	1.9531	1.2006	1.5611	1.6365	1.7537	1.4373	1.8057	1.8137	1.9817		0.7068	0.1374	1.0085	1.4109	0.7597	1.0702	0.8699	1.3091	1.1249	1.3971	1.3647	1.3261		
		1.3063	1.997	2.0513	2.0425	0.6167	1.8693	0.846	1.9224	2.0448	0.7101	1.8449	1.7726		0.8826	1.3748	1.3551	1.3855	0.3589	1.3935	0.5014	1.3616	1.3751	0.3928	1.2224	1.2857		
		0.6271	1.393	2.2045	0.5631	0.8635	1.8433	2.2008	0.5663	1.9374	2.2837	0.6055	2.1655		0.3752	0.5185	1.4277	0.3243	0.5189	1.2234	1.4714	0.306	1.2965	1.3842	0.3489	1.285		
		0.2571	1.2604	1.4688	2.1059	2.0233	2.3253	1.3341	0.4938	0.4657	2.3753	1.7185	2.687		0.1924	0.688	0.6194	1.093	0.9459	1.2579	0.6541	0.3529	0.2654	1.0569	0.6958	1.4248		
		2.584	2.3029	1.7398	1.9716	1.2988	0.3361	0.8342	1.2749	0.8914	1.2445	0.7139	1.1202		1.1432	1.369	0.7778	0.951	0.6895	0.2436	0.4363	0.7724	0.4008	0.6626	0.3836	0.6775		
		0.5104	0.6809	2.1266	0.4395	0.2849	0.5976	0.3776	0.382	1.614	0.2566	0.4306	0.6489		0.2978	0.3307	1.1108	0.2596	0.2138	0.3003	0.1888	0.1987	0.8586	0.1616	0.2021	0.3249		
		
~End
Copyright © 2003 Molecular Devices. All rights reserved.
