##BLOCKS= 1          
Plate:	Plate#1	1.3	PlateFormat	Endpoint	Absorbance	Raw	FALSE	1						2	490 750	1	12	96	1	8	None	
	Temperature(¡C)	1	2	3	4	5	6	7	8	9	10	11	12		1	2	3	4	5	6	7	8	9	10	11	12		
	21.90	0.4692	1.0089	0.3213	2.1761	0.3242	0.904	1.0024	0.7368	1.6469	0.6621	2.2533	1.7841		0.3018	0.64	0.21	1.3982	0.226	0.6446	0.5335	0.4347	1.1959	0.449	0.7655	1.2697		
		0.7128	0.2685	1.7516	0.5072	1.9972	0.8192	1.6506	1.032	1.2952	0.7906	1.8603	1.3538		0.5546	0.1949	1.1146	0.3653	1.33	0.5447	1.0872	0.7284	0.8201	0.5677	1.0485	0.7924		
		0.3292	0.1575	1.5563	1.0654	1.3529	2.0072	1.3188	2.0552	0.6778	1.7763	1.988	1.7872		0.2191	0.1231	1.0649	0.8278	0.8665	1.1744	0.8966	1.4914	0.4849	1.26	1.3444	1.2081		
		1.4281	1.7819	1.8635	1.9379	0.3664	0.86	2.3764	1.3778	2.1059	0.7369	1.7072	1.6971		0.9857	1.0976	1.178	1.2861	0.2541	0.6583	1.4621	0.8467	1.4022	0.5413	1.2963	1.11		
		2.3111	1.5067	0.2976	2.5376	1.4359	1.658	1.738	0.3246	2.0357	1.895	0.7871	1.838		1.3179	0.4492	0.2028	1.5711	0.7834	1.2316	1.0234	0.2382	1.3502	1.3912	0.588	1.1187		
		0.3892	0.9834	1.4023	1.647	1.0571	1.4445	1.1123	0.3906	0.613	1.8527	1.2798	1.2584		0.268	0.6746	0.992	1.087	0.8065	0.7791	0.7034	0.2631	0.4316	1.1153	0.9996	0.6808		
		0.8781	1.7833	0.8778	1.2133	1.1632	1.6566	0.4136	0.3905	0.3726	0.3065	0.2959	0.4392		0.6466	1.192	0.6965	0.819	0.7395	0.8319	0.2887	0.2526	0.2644	0.1964	0.1973	0.2858		
		0.3028	0.3658	0.6603	0.3073	0.7147	0.3093	0.3103	0.2414	0.4649	0.2819	0.2746	0.3443		0.2133	0.2325	0.4186	0.21	0.5226	0.2183	0.2089	0.1834	0.3618	0.2072	0.1915	0.2336		
		
~End
Copyright © 2003 Molecular Devices. All rights reserved.
