##BLOCKS= 1          
Plate:	Plate#1	1.3	PlateFormat	Endpoint	Absorbance	Raw	FALSE	1						2	490 750	1	12	96	1	8	None	
	Temperature(¡C)	1	2	3	4	5	6	7	8	9	10	11	12		1	2	3	4	5	6	7	8	9	10	11	12		
	21.80	0.2978	1.0992	0.3345	2.1231	0.3602	0.751	0.9427	0.7506	2.1607	0.7355	2.0248	1.5916		0.1989	0.7246	0.2268	1.3339	0.2418	0.5274	0.5066	0.4475	1.5123	0.4967	0.678	1.1326		
		0.5264	0.272	1.683	0.5241	1.6846	0.6861	1.8503	1.0114	1.5641	0.8262	1.614	1.2815		0.4005	0.1967	1.1541	0.376	1.1074	0.435	1.2475	0.7098	1.0462	0.595	0.9385	0.7742		
		0.3545	0.1593	1.3415	0.9519	1.3073	1.5291	1.0558	2.4727	0.6403	1.7738	1.7938	1.7601		0.2387	0.1258	0.8963	0.7278	0.7996	0.848	0.704	1.6029	0.4432	1.3048	1.2181	1.1528		
		1.6642	1.7483	1.9935	2.1965	0.3762	0.8729	2.1138	1.7595	2.1592	0.7688	1.6916	1.6701		1.1806	1.0624	1.2648	1.4626	0.2673	0.6729	1.444	1.0489	1.4263	0.5651	1.3019	1.0443		
		2.2741	1.3411	0.2924	2.4417	1.5219	0.3761	1.8484	0.3657	2.0029	1.9232	0.7434	1.8112		1.319	0.4346	0.1981	1.4779	0.8555	0.2543	1.1112	0.2641	1.3141	1.4156	0.5541	1.1403		
		0.3613	0.9059	1.4079	1.6544	1.0327	1.1558	1.2082	0.404	0.6262	1.6528	1.1352	1.075		0.2682	0.5945	0.9731	1.0872	0.7931	0.6365	0.7653	0.2756	0.4275	0.9504	0.8582	0.5734		
		1.0311	1.7932	0.922	1.0339	0.8559	1.8583	0.3528	0.3139	0.2689	0.2757	0.3252	0.4038		0.7715	1.1849	0.7266	0.6825	0.5432	0.9378	0.2426	0.2028	0.185	0.1772	0.2125	0.2549		
		0.3449	0.5542	0.5507	0.3113	0.7544	0.2468	0.2942	0.2102	0.2846	0.2847	0.2918	0.3841		0.2143	0.419	0.3443	0.2142	0.5465	0.1764	0.1996	0.1583	0.2022	0.2038	0.2005	0.2562		
		
~End
Copyright © 2003 Molecular Devices. All rights reserved.
