##BLOCKS= 1          
Plate:	Plate#1	1.3	PlateFormat	Endpoint	Absorbance	Raw	FALSE	1						2	490 750	1	12	96	1	8	None	
	Temperature(¡C)	1	2	3	4	5	6	7	8	9	10	11	12		1	2	3	4	5	6	7	8	9	10	11	12		
	23.00	0.2649	0.755	0.3254	2.4826	0.2343	0.7658	0.8034	0.3978	0.8353	1.6709	3.0594	1.8033		0.1913	0.5208	0.2434	1.6637	0.174	0.5686	0.5755	0.2719	0.5712	1.3483	1.2849	1.2397		
		0.5229	1.001	1.3343	1.3438	0.7636	0.4602	0.8566	1.3496	1.4712	0.4304	0.9025	1.2604		0.387	0.6298	0.8129	0.958	0.4947	0.3288	0.6062	1.0399	1.062	0.323	0.5855	0.8247		
		1.5808	0.4325	0.8246	1.5685	0.9769	1.0947	1.2666	0.7241	0.2941	1.1519	1.6778	1.7823		1.0064	0.2857	0.4826	1.1549	0.668	0.7486	0.7356	0.5179	0.2173	0.8089	1.1486	1.1849		
		1.4845	1.2835	1.5079	1.6287	0.6898	1.0795	2.1055	1.0002	1.2472	0.2356	1.3687	0.7751		1.1623	0.855	0.9626	1.1574	0.5029	0.7864	1.5134	0.6998	0.8051	0.1643	0.8467	0.5518		
		0.7433	0.6005	0.246	0.5681	1.661	1.9643	1.6501	0.265	1.1585	0.9241	0.2904	2.0877		0.3887	0.4071	0.178	0.3938	1.1548	1.206	1.086	0.1993	0.7386	0.5529	0.2074	1.1743		
		0.7225	0.5762	2.1931	1.3197	0.9758	1.1496	0.725	0.3417	0.2616	1.2573	1.3455	2.0107		0.5293	0.3839	0.737	0.57	0.655	0.5244	0.4089	0.2656	0.1928	0.509	0.4241	0.7861		
		0.3151	1.2499	0.4508	0.6486	0.403	0.6328	1.0472	1.4197	0.8012	0.8465	0.427	1.6593		0.2146	0.7901	0.3522	0.3797	0.2585	0.4826	0.7757	0.7969	0.3833	0.4607	0.2649	0.8275		
		0.4324	1.1168	1.6326	0.3817	0.3654	1.3627	0.2782	0.356	0.5369	0.3213	0.2337	0.2534		0.2851	0.8459	0.8446	0.2662	0.2663	0.6256	0.1795	0.1728	0.3496	0.2297	0.1692	0.1793		
		
~End
Copyright © 2003 Molecular Devices. All rights reserved.
