##BLOCKS= 1          
Plate:	Plate#1	1.3	PlateFormat	Endpoint	Absorbance	Raw	FALSE	1						2	490 750	1	12	96	1	8	None	
	Temperature(¡C)	1	2	3	4	5	6	7	8	9	10	11	12		1	2	3	4	5	6	7	8	9	10	11	12		
	23.00	0.2588	1.132	0.3305	2.5475	0.2428	0.8583	0.4046	0.4679	1.3274	1.4653	3.0608	1.0759		0.2148	0.7523	0.2442	1.662	0.1781	0.6375	0.2359	0.313	0.8847	1.1997	1.3361	0.6665		
		0.7134	1.0355	1.4898	1.4004	1.0268	0.5553	0.9451	0.5335	1.2014	0.3396	1.4346	1.3634		0.5734	0.598	0.934	0.9827	0.7045	0.3925	0.6818	0.4117	0.7854	0.2469	1.0189	0.8544		
		2.0449	0.5356	0.8622	1.611	0.957	1.3226	1.713	0.7394	0.3461	1.6694	1.537	1.2455		1.3224	0.3836	0.5188	1.1695	0.6736	0.8931	0.9417	0.5269	0.2554	1.1722	1.041	0.8093		
		1.3064	1.9564	1.7354	1.5335	0.7114	1.2354	2.2584	0.9857	1.5345	0.2892	2.215	1.3199		1.0693	1.2178	1.1012	1.023	0.514	0.864	1.6201	0.6361	0.8764	0.2046	1.3358	0.9573		
		0.6329	0.6829	0.2932	0.8517	1.64	1.4158	1.2213	0.2557	2.1868	1.5272	0.2867	2.292		0.3172	0.4764	0.2136	0.5904	1.1254	0.8692	0.7398	0.1935	1.3458	0.9425	0.2104	1.2129		
		1.2462	0.6355	1.9014	1.2276	1.0184	1.2195	0.7465	0.3503	0.3202	1.5458	0.9344	1.9966		0.8947	0.4326	0.6231	0.5611	0.6456	0.6111	0.4158	0.2656	0.2342	0.6373	0.3145	0.6653		
		0.6073	2.5678	0.3965	0.8224	0.5987	0.5167	0.8125	2.0074	0.9076	1.0757	0.6065	1.4281		0.4382	1.5855	0.3061	0.4697	0.3696	0.3871	0.5389	1.1104	0.5645	0.637	0.3885	0.7739		
		0.4606	0.5766	1.0977	0.5293	0.4833	1.1847	0.4117	0.3359	0.4697	0.2815	0.2695	0.2621		0.3042	0.3692	0.5352	0.37	0.3578	0.5232	0.271	0.179	0.3075	0.1957	0.1886	0.1844		
		
~End
Copyright © 2003 Molecular Devices. All rights reserved.
