##BLOCKS= 1          
Plate:	Plate#1	1.3	PlateFormat	Endpoint	Absorbance	Raw	FALSE	1						2	490 750	1	12	96	1	8	None	
	Temperature(¡C)	1	2	3	4	5	6	7	8	9	10	11	12		1	2	3	4	5	6	7	8	9	10	11	12		
	23.10	0.2235	0.2613	0.214	0.2121	0.2125	0.2708	0.2221	0.1823	0.2057	0.1762	0.2111	0.1625		0.1438	0.1667	0.1684	0.1663	0.1679	0.2196	0.159	0.1437	0.1621	0.1388	0.1282	0.1275		
		0.4632	0.1869	0.3198	0.2482	0.2304	0.2358	0.215	0.6096	2.8052	0.2295	0.2308	0.2097		0.4051	0.1481	0.2264	0.1797	0.1741	0.1666	0.1607	0.4975	1.9024	0.1802	0.1602	0.1578		
		0.2388	0.2268	0.1839	0.2478	0.2379	0.232	0.1905	0.2076	0.2146	0.22	0.2006	0.1553		0.1787	0.1856	0.1466	0.1856	0.1785	0.1681	0.1588	0.1641	0.1715	0.1737	0.1503	0.1248		
		0.2933	0.2186	0.2291	0.2587	0.2508	0.2196	0.2334	0.236	0.2266	0.1897	0.222	0.1601		0.2048	0.1754	0.1783	0.1877	0.1762	0.1512	0.1678	0.1733	0.1773	0.1521	0.1693	0.1247		
		0.2519	0.2173	0.2009	0.2295	0.202	0.2454	0.249	0.2055	0.24	0.2063	0.2233	0.1584		0.1717	0.1699	0.1584	0.172	0.1631	0.1808	0.187	0.1692	0.1831	0.1606	0.1579	0.1134		
		0.2337	1.0381	0.2355	0.3035	0.2215	0.2092	0.2849	0.302	0.2009	0.2189	0.2203	0.2066		0.1923	0.832	0.1949	0.2586	0.1863	0.1739	0.188	0.2299	0.1558	0.1601	0.1681	0.1586		
		0.1808	0.4119	0.1899	0.2097	0.2	0.2179	0.2384	0.2486	0.246	0.2206	0.2969	0.2168		0.1333	0.3636	0.1492	0.1699	0.1795	0.1808	0.1706	0.1697	0.1739	0.1529	0.1973	0.1476		
		0.1821	0.1951	0.1754	0.2343	0.6904	0.3162	0.285	0.2442	0.2401	0.1823	0.1962	0.1738		0.1342	0.1312	0.1286	0.1898	0.5892	0.2271	0.1873	0.1834	0.1531	0.1324	0.1325	0.124		
		
~End
Copyright © 2003 Molecular Devices. All rights reserved.
