##BLOCKS= 1          
Plate:	Plate#1	1.3	PlateFormat	Endpoint	Absorbance	Raw	FALSE	1						2	490 750	1	12	96	1	8	None	
	Temperature(¡C)	1	2	3	4	5	6	7	8	9	10	11	12		1	2	3	4	5	6	7	8	9	10	11	12		
	23.10	0.1675	0.1704	0.1742	0.2325	0.1724	0.1639	0.1727	0.2064	0.1833	0.1682	0.2156	0.1645		0.1324	0.1143	0.1352	0.1846	0.1381	0.1316	0.1391	0.151	0.1321	0.1344	0.1311	0.1307		
		0.5101	0.2	0.2659	0.174	0.1655	0.163	0.1777	0.1485	0.1702	0.1719	0.2039	0.1601		0.3994	0.1614	0.1852	0.1371	0.1345	0.1321	0.1428	0.12	0.1368	0.1383	0.1455	0.1275		
		0.1751	0.1808	0.1671	0.192	0.1796	0.1935	0.1888	0.1702	0.1676	0.1892	0.1975	0.2547		0.1346	0.144	0.1331	0.1479	0.1364	0.1592	0.1485	0.1388	0.1343	0.156	0.1635	0.2034		
		0.3001	0.1762	0.1632	0.1658	0.1662	0.1721	0.1717	0.1785	0.1657	0.1639	0.1609	0.1793		0.2613	0.1426	0.1351	0.1345	0.1351	0.143	0.1396	0.1416	0.1332	0.1297	0.1325	0.1441		
		0.2627	0.1615	0.1577	0.1692	0.1672	0.1927	0.1724	0.1789	0.1611	0.1876	0.1807	0.2195		0.1462	0.1307	0.1285	0.1365	0.1335	0.1548	0.1404	0.1447	0.132	0.1488	0.1452	0.1506		
		0.1867	0.1695	0.1887	0.179	0.1652	0.2031	0.2326	0.1768	0.1731	0.1723	0.1601	0.1964		0.1491	0.1377	0.1595	0.1424	0.1358	0.1437	0.154	0.1397	0.1401	0.1401	0.1305	0.1551		
		0.1583	1.3241	0.1593	0.1708	0.1646	0.1547	0.1749	0.1688	0.1744	0.1622	0.1611	0.2632		0.1256	0.9484	0.1316	0.1401	0.133	0.1282	0.1359	0.1357	0.1357	0.1274	0.1313	0.1864		
		0.1676	0.1717	0.1599	0.1588	0.1652	0.178	0.1738	0.2009	0.1844	0.1955	0.1487	0.185		0.1316	0.1344	0.1267	0.131	0.1316	0.1387	0.1355	0.1437	0.1369	0.1591	0.1212	0.1405		
		
~End
Copyright © 2003 Molecular Devices. All rights reserved.
