##BLOCKS= 1          
Plate:	Plate#1	1.3	PlateFormat	Endpoint	Absorbance	Raw	FALSE	1						2	490 750	1	12	96	1	8	None	
	Temperature(¡C)	1	2	3	4	5	6	7	8	9	10	11	12		1	2	3	4	5	6	7	8	9	10	11	12		
	23.10	0.2836	0.1611	0.1671	0.1893	0.1905	0.1692	0.1591	0.1797	0.2382	0.1664	0.2374	0.2085		0.2232	0.1091	0.1354	0.1533	0.1531	0.1349	0.1281	0.1327	0.1713	0.1333	0.1481	0.1629		
		0.5765	0.1501	0.2681	0.1685	0.1665	0.1668	0.1611	0.1456	0.167	0.175	0.199	0.1585		0.4325	0.1158	0.1874	0.1353	0.1347	0.1337	0.1312	0.1145	0.1333	0.1393	0.143	0.1259		
		0.1688	0.1752	0.1781	0.1983	0.1818	0.1768	0.1964	0.1784	0.1586	0.1753	0.1739	0.226		0.1344	0.1386	0.1415	0.1545	0.1352	0.1431	0.1544	0.1462	0.1288	0.1417	0.1394	0.1769		
		0.17	0.1674	0.172	0.1767	0.1717	0.1739	0.1724	0.1797	0.1704	0.182	0.2115	0.146		0.1396	0.1371	0.1398	0.1447	0.1411	0.1407	0.1415	0.1448	0.1426	0.1465	0.1675	0.1242		
		0.2374	0.1599	0.1584	0.1659	0.1734	0.1674	0.1775	0.1726	0.1737	0.1728	0.1715	0.2165		0.1373	0.131	0.1288	0.1341	0.1376	0.1352	0.1444	0.1393	0.1411	0.1388	0.1384	0.1488		
		0.1655	0.1723	0.1673	0.1723	0.1622	0.2058	0.2443	0.1686	0.1789	0.1764	0.1621	0.3649		0.1472	0.1373	0.1374	0.1387	0.1341	0.1444	0.1561	0.1318	0.1444	0.1425	0.1322	0.3049		
		0.1663	1.1169	0.1582	0.1762	0.1659	0.1537	0.1778	0.1632	0.1873	0.1768	0.1672	0.1652		0.1342	0.7604	0.1306	0.1418	0.1334	0.1277	0.1389	0.1309	0.1473	0.1371	0.1357	0.1342		
		0.2134	0.1701	0.1667	0.1673	0.1685	0.1809	0.2045	0.2012	0.1942	0.1611	0.178	0.1915		0.1788	0.1339	0.1301	0.1364	0.1332	0.1407	0.1584	0.1489	0.1399	0.1268	0.1391	0.1491		
		
~End
Copyright © 2003 Molecular Devices. All rights reserved.
