##BLOCKS= 1          
Plate:	Plate#1	1.3	PlateFormat	Endpoint	Absorbance	Raw	FALSE	1						2	490 750	1	12	96	1	8	None	
	Temperature(¡C)	1	2	3	4	5	6	7	8	9	10	11	12		1	2	3	4	5	6	7	8	9	10	11	12		
	21.30	0.2626	1.2378	0.2526	2.144	0.2189	0.475	0.6396	0.9685	1.5634	0.9073	2.392	1.9784		0.1754	0.7448	0.1745	1.1102	0.1478	0.3169	0.2722	0.673	1.1984	0.639	0.7225	1.5288		
		0.4541	0.917	1.6974	0.297	1.7928	1.1405	1.5724	1.1053	1.7286	0.4977	1.8131	1.8222		0.3749	0.6119	1.2102	0.1964	1.0947	0.7635	1.1797	0.7719	1.3263	0.3101	1.3798	1.439		
		0.9951	0.202	1.7029	0.5572	1.2941	1.3508	0.3543	1.8367	1.2197	0.5619	1.7923	2.0215		0.5932	0.1499	0.8791	0.3635	0.8694	0.8011	0.2383	1.3438	0.7625	0.3588	1.2664	1.5971		
		1.9588	2.0493	0.279	2.0275	0.38	0.8898	0.3521	2.0471	0.3185	0.4613	1.8764	1.9678		1.5156	1.5712	0.198	1.0978	0.2551	0.5539	0.2342	1.191	0.2044	0.2867	1.0232	1.2636		
		1.8314	1.3146	0.2904	0.9365	0.6949	1.7956	2.376	0.3538	2.1694	0.3145	0.3252	2.283		1.3046	0.5885	0.196	0.6071	0.4875	0.9622	1.6466	0.2275	1.2269	0.2065	0.2096	1.2195		
		0.7692	0.9541	1.8003	1.3314	0.4086	1.2967	1.0551	0.3301	0.3548	0.8634	1.6161	2.1045		0.5258	0.5871	0.8899	0.8561	0.2896	0.708	0.5336	0.226	0.2299	0.4944	0.6737	0.9934		
		0.4767	1.0835	0.7791	0.9987	1.4673	0.2934	0.3957	1.447	0.3793	0.6982	1.0376	1.2229		0.3262	0.697	0.5056	0.5216	0.7712	0.2015	0.2482	1.0302	0.2467	0.446	0.611	0.6488		
		0.5615	1.27	1.3806	0.9141	1.6156	0.8791	0.7813	0.1969	0.2349	0.251	0.2629	0.281		0.3338	0.6932	0.8214	0.5137	0.7862	0.5924	0.454	0.136	0.1573	0.1682	0.1734	0.1818		
		
~End
Copyright © 2003 Molecular Devices. All rights reserved.
