##BLOCKS= 1          
Plate:	Plate#1	1.3	PlateFormat	Endpoint	Absorbance	Raw	FALSE	1						2	490 750	1	12	96	1	8	None	
	Temperature(¡C)	1	2	3	4	5	6	7	8	9	10	11	12		1	2	3	4	5	6	7	8	9	10	11	12		
	21.40	0.3362	1.2165	0.2705	2.2881	0.2712	0.4621	0.7575	1.0868	1.6216	1.0339	2.5187	2.2033		0.2156	0.7654	0.1837	1.2367	0.1795	0.3111	0.301	0.8076	1.2156	0.7261	0.8172	1.7164		
		0.4217	1.3481	1.9228	0.313	1.7569	1.2335	1.7791	1.1369	1.8232	0.4725	1.8218	2.2284		0.3491	0.9816	1.3717	0.2079	1.0838	0.87	1.3703	0.7913	1.4269	0.2936	1.3929	1.7604		
		0.922	0.2057	1.8786	0.5432	1.392	1.3567	0.3403	1.7319	1.2098	0.6656	1.8347	1.9166		0.533	0.1553	0.9792	0.3612	0.9626	0.8203	0.2241	1.297	0.7717	0.424	1.4094	1.526		
		1.9123	2.0696	0.2752	2.1408	0.3778	0.7245	0.3128	1.7656	0.3181	0.5076	1.9397	1.8902		1.4862	1.5771	0.189	1.1336	0.2513	0.4563	0.2078	1.134	0.2086	0.3135	1.096	1.2225		
		1.9747	1.4382	0.2655	1.2401	0.7884	1.8691	2.277	0.3525	2.1743	0.3141	0.3249	1.9379		1.4034	0.6214	0.1834	0.8466	0.5758	1.0463	1.5368	0.2305	1.1819	0.2085	0.2118	0.9921		
		0.7694	0.9416	1.5889	1.4027	0.3897	1.4031	1.1835	0.3217	0.3684	0.8879	1.7396	1.9761		0.5276	0.5925	0.7315	0.9194	0.2731	0.7695	0.6137	0.2216	0.2386	0.5115	0.7323	0.9199		
		0.498	1.3177	0.7407	1.1937	1.6062	0.3097	0.4185	1.4832	0.3707	0.6673	1.1347	1.5966		0.3111	0.8497	0.4845	0.6438	0.841	0.2139	0.2656	1.0418	0.2441	0.4214	0.6532	0.8374		
		0.4636	1.4871	1.407	0.8705	1.6019	0.7979	0.8608	0.2103	0.2781	0.2696	0.2609	0.2805		0.3078	0.7556	0.8183	0.5098	0.7744	0.5295	0.4876	0.1473	0.1852	0.1797	0.1721	0.1864		
		
~End
Copyright © 2003 Molecular Devices. All rights reserved.
