##BLOCKS= 1          
Plate:	Plate#1	1.3	PlateFormat	Endpoint	Absorbance	Raw	FALSE	1						2	490 750	1	12	96	1	8	None	
	Temperature(¡C)	1	2	3	4	5	6	7	8	9	10	11	12		1	2	3	4	5	6	7	8	9	10	11	12		
	23.20	0.2061	1.0367	0.3316	1.5248	0.1315	1.1766	1.6742	0.2471	1.6425	1.7113	1.2387	1.6303		0.1573	0.6736	0.2477	0.8952	0.1046	0.5449	1.2279	0.1822	0.8527	1.0585	0.8519	1.1708		
		0.6243	1.8389	2.4722	0.6911	0.977	0.2189	1.3538	1.1809	1.4962	0.5044	0.1938	1.7755		0.5078	0.8054	1.4795	0.5462	0.5636	0.1663	0.437	0.7915	1.0135	0.3657	0.1476	1.331		
		0.5222	0.1594	0.4764	0.3941	2.2088	0.7625	0.3201	1.8168	0.946	2.3119	1.9369	1.9875		0.3323	0.1231	0.3761	0.2926	0.9904	0.3238	0.2339	0.5842	0.3286	1.0792	1.4381	1.4298		
		1.7903	1.4788	1.6462	1.1601	0.3367	0.9871	0.3819	1.9715	1.8014	0.3774	1.767	2.0398		1.1808	1.1488	1.2737	0.8065	0.2433	0.2816	0.2963	1.3353	0.8462	0.2814	1.3544	0.994		
		0.4656	1.0994	0.3023	2.1149	0.2458	1.5579	1.7411	0.2496	1.8376	1.9606	0.4016	1.5286		0.31	0.7695	0.2343	0.9066	0.1978	1.1881	1.3058	0.1974	1.2642	0.8803	0.3157	1.1049		
		0.4328	0.7398	0.5756	0.7963	0.3739	0.5458	0.3901	0.3532	0.3145	0.2419	0.3355	1.1679		0.3242	0.4512	0.4439	0.5363	0.2722	0.3903	0.302	0.2802	0.2476	0.1847	0.2682	0.9022		
		0.3446	0.9363	0.4281	0.4492	1.0751	0.3727	0.3479	0.2789	0.2884	0.2271	0.2742	0.4399		0.2696	0.6699	0.2997	0.3391	0.8152	0.2745	0.2786	0.2066	0.2299	0.1803	0.2163	0.3092		
		0.4164	0.3742	0.2939	0.4001	0.3526	0.2359	0.2288	0.2456	0.2434	0.2137	0.1863	0.1821		0.33	0.2675	0.2215	0.2829	0.2452	0.1871	0.175	0.1922	0.1881	0.1669	0.1493	0.1435		
		
~End
Copyright © 2003 Molecular Devices. All rights reserved.
