##BLOCKS= 1          
Plate:	Plate#1	1.3	PlateFormat	Endpoint	Absorbance	Raw	FALSE	1						2	490 750	1	12	96	1	8	None	
	Temperature(¡C)	1	2	3	4	5	6	7	8	9	10	11	12		1	2	3	4	5	6	7	8	9	10	11	12		
	23.20	0.2736	0.8836	0.2688	1.784	0.1374	1.0075	1.1266	0.3189	1.615	0.9928	1.6579	1.8104		0.2073	0.5421	0.2035	1.0556	0.1086	0.4219	0.8587	0.237	0.7888	0.4913	1.1653	1.3694		
		0.5783	1.3092	2.1687	1.0177	1.5789	0.2921	1.8682	0.9804	1.841	0.348	0.2062	1.5171		0.4843	0.3909	1.3887	0.8225	0.9998	0.2211	0.6763	0.6431	1.3683	0.2575	0.1603	1.1377		
		0.4704	0.1512	0.5463	0.4186	2.4271	0.7934	0.3881	1.9764	0.9845	1.7656	1.4763	1.6222		0.2926	0.1178	0.4345	0.305	1.0773	0.3624	0.2837	0.6465	0.3514	0.8756	1.1213	1.1776		
		1.8313	1.3453	1.5313	1.335	0.3586	1.168	0.3681	2.329	2.2392	0.426	1.3809	1.9031		0.8316	1.0432	1.1851	0.9763	0.2663	0.4102	0.292	1.5651	1.1793	0.334	1.0436	0.91		
		0.5184	0.8722	0.2801	1.8729	0.3222	1.6013	1.8682	0.3127	1.6407	1.8137	0.4345	1.2051		0.339	0.579	0.2166	0.8893	0.2644	1.2211	1.4076	0.2468	1.0985	0.7493	0.3406	0.7863		
		0.7179	0.6904	0.589	0.7052	0.3019	0.4628	0.3524	0.3094	0.3057	0.2716	0.4245	0.7891		0.5027	0.3945	0.4602	0.4661	0.2199	0.3308	0.2729	0.2381	0.2414	0.2088	0.3402	0.5817		
		0.3583	0.8336	0.5434	0.3988	0.7984	0.346	0.309	0.2824	0.3284	0.1861	0.2696	0.361		0.2731	0.607	0.3883	0.3006	0.4899	0.2591	0.2483	0.2188	0.2628	0.1484	0.2148	0.259		
		0.3201	0.479	0.3125	0.4109	0.3669	0.3102	0.1979	0.2517	0.2362	0.2383	0.2566	0.2394		0.2488	0.3554	0.2361	0.2914	0.2534	0.2486	0.1579	0.1863	0.1868	0.1897	0.2035	0.1891		
		
~End
Copyright © 2003 Molecular Devices. All rights reserved.
