##BLOCKS= 1          
Plate:	Plate#1	1.3	PlateFormat	Endpoint	Absorbance	Raw	FALSE	1						2	490 750	1	12	96	1	8	None	
	Temperature(¡C)	1	2	3	4	5	6	7	8	9	10	11	12		1	2	3	4	5	6	7	8	9	10	11	12		
	23.20	0.3285	1.1567	0.3096	2.2371	0.1687	1.3689	1.0459	0.3257	1.7303	1.3079	1.1655	1.6676		0.2634	0.6984	0.2378	1.2005	0.13	0.674	0.7939	0.2404	0.8853	0.6862	0.78	1.2886		
		0.6609	1.5178	2.0798	1.0518	1.293	0.2714	1.6199	1.2074	1.3958	0.3479	0.2463	1.2604		0.5523	0.5046	1.3282	0.8456	0.8095	0.2076	0.5809	0.8272	0.9959	0.2666	0.179	0.9324		
		0.5527	0.1626	0.3983	0.4166	2.3123	0.7759	0.3429	1.8178	1.1652	2.2196	1.4982	1.5689		0.3557	0.1247	0.3195	0.311	0.9741	0.3499	0.2477	0.6637	0.4326	1.1237	1.1279	1.1386		
		1.4891	1.4459	1.548	1.8182	0.3341	0.9945	0.3934	2.1369	1.9826	0.46	1.826	1.8836		0.6491	1.1275	1.1767	1.2968	0.2347	0.3148	0.3058	1.4133	1.0051	0.3546	1.3879	0.8582		
		0.5276	0.8611	0.2376	1.9519	0.26	1.3985	2.0632	0.2562	1.8093	1.8921	0.292	1.4422		0.3256	0.5792	0.1844	0.9492	0.2112	1.056	1.5631	0.2021	1.223	0.8407	0.2309	0.9727		
		0.5232	0.7021	0.6037	0.6199	0.3585	0.4277	0.3946	0.3411	0.322	0.2488	0.3756	1.0307		0.3685	0.4674	0.4738	0.4009	0.2622	0.307	0.2979	0.26	0.2563	0.1893	0.3027	0.7732		
		0.2829	0.9423	0.4852	0.4617	0.7418	0.3561	0.3126	0.273	0.3028	0.2179	0.3438	0.3486		0.2824	0.6744	0.358	0.3494	0.4802	0.261	0.2492	0.2042	0.2443	0.1753	0.2734	0.2527		
		0.3218	0.3962	0.2698	0.4144	0.3414	0.279	0.2576	0.2342	0.2587	0.2489	0.2887	0.2543		0.2517	0.2914	0.2025	0.2927	0.2377	0.2223	0.2015	0.1839	0.2037	0.197	0.228	0.1962		
		
~End
Copyright © 2003 Molecular Devices. All rights reserved.
