##BLOCKS= 1          
Plate:	Plate#1	1.3	PlateFormat	Endpoint	Absorbance	Raw	FALSE	1						2	490 750	1	12	96	1	8	None	
	Temperature(¡C)	1	2	3	4	5	6	7	8	9	10	11	12		1	2	3	4	5	6	7	8	9	10	11	12		
	23.00	0.719	2.2704	0.9731	1.3245	0.8928	1.2677	0.8214	1.1348	2.1979	1.0481	1.0826	2.3043		0.2822	1.1638	0.3629	0.6853	0.4143	0.5789	0.34	0.6912	1.3668	0.5991	0.7468	1.4432		
		0.6454	1.1455	1.8885	0.8125	2.0435	0.4052	1.9843	0.9723	1.8534	1.3328	0.156	2.1726		0.505	0.7842	1.3519	0.3646	1.3315	0.166	1.234	0.7234	1.237	0.6831	0.1034	1.3541		
		0.7666	0.1317	1.0703	0.9329	1.8418	0.953	1.5642	2.2739	1.7719	2.0787	1.6082	2.3507		0.3847	0.0998	0.5577	0.405	1.1329	0.4934	0.9317	1.5859	1.1556	1.2766	1.0305	1.6297		
		1.9316	2.3659	2.1638	1.7307	0.7815	1.55	1.1379	1.8577	2.4122	0.7188	1.9373	1.2816		1.214	1.5725	1.4928	1.1285	0.3481	0.9609	0.4243	1.1419	1.5836	0.3395	1.2195	0.8331		
		0.8965	1.3422	1.3271	2.1056	0.7441	1.8547	2.4221	0.9102	2.0862	2.4466	1.0871	2.1394		0.3081	0.7264	0.6253	1.4769	0.2499	1.0519	1.5634	0.4046	1.3186	1.6159	0.5201	1.3363		
		1.6219	0.6302	1.8457	2.3473	1.031	0.6054	0.8013	1.4755	0.6133	0.4679	1.4438	1.8446		0.7434	0.4058	0.8137	0.9889	0.3933	0.3394	0.4602	0.4368	0.2917	0.2242	0.8526	1.0019		
		1.3122	0.8451	0.9181	1.4611	0.5368	2.328	0.5427	0.652	0.4477	0.5803	1.5215	1.4962		0.6875	0.558	0.4798	0.7869	0.2685	0.9286	0.253	0.2591	0.2046	0.2493	0.6581	0.6517		
		0.925	0.7671	1.3816	1.327	0.6964	0.6462	1.3118	0.8473	0.5614	0.7764	0.7155	0.5365		0.4168	0.3383	0.8695	0.5252	0.3449	0.2351	0.4965	0.3663	0.244	0.3283	0.2509	0.2343		
		
~End
Copyright © 2003 Molecular Devices. All rights reserved.
