##BLOCKS= 1          
Plate:	Plate#1	1.3	PlateFormat	Endpoint	Absorbance	Raw	FALSE	1						2	490 750	1	12	96	1	8	None	
	Temperature(¡C)	1	2	3	4	5	6	7	8	9	10	11	12		1	2	3	4	5	6	7	8	9	10	11	12		
	23.00	0.4752	2.3613	0.67	2.0894	1.2801	0.8761	1.066	1.3134	2.1005	1.2265	1.0441	2.3378		0.2086	1.203	0.2658	1.0861	0.4696	0.4288	0.4424	0.5998	1.381	0.703	0.6338	1.4536		
		0.7315	1.4396	1.9996	0.567	2.3749	0.4852	2.2343	1.1284	1.9898	1.2419	0.1659	2.3776		0.5996	0.9838	1.2868	0.2611	1.606	0.1823	1.2703	0.8539	1.3833	0.5417	0.1082	1.4677		
		0.7719	0.1411	0.9069	1.0673	1.9289	0.8419	1.5049	2.1948	1.537	2.1627	1.764	2.2652		0.3276	0.1046	0.4872	0.5587	1.2076	0.4627	0.8986	1.4523	1.0226	1.3281	1.1298	1.4633		
		2.2187	2.1155	2.1574	2.2307	0.9174	1.7345	0.6461	2.4267	2.3255	1.0667	1.8609	1.7528		1.289	1.4504	1.4958	1.5361	0.3964	1.0478	0.2753	1.6629	1.5463	0.4967	1.2403	0.9925		
		0.9757	1.572	0.7668	2.1126	0.5181	1.1796	2.2488	1.5311	2.4422	2.6041	1.5023	2.1742		0.4327	0.9483	0.3294	1.368	0.1925	0.5701	1.4492	0.7619	1.509	1.7472	0.6921	1.4584		
		1.5248	0.8472	2.5911	2.5862	0.5662	0.9528	0.8786	1.1335	0.8438	0.5293	1.2873	1.5193		0.6063	0.496	1.0194	1.1163	0.2449	0.5197	0.5141	0.3627	0.3914	0.2583	0.663	0.8483		
		1.2854	0.7887	1.4342	1.6965	1.5133	2.1401	0.6654	0.9246	0.7665	1.2715	0.7472	2.5247		0.7626	0.5266	0.7774	0.8716	0.8119	0.9893	0.3251	0.4047	0.3003	0.6868	0.3021	1.0929		
		1.3127	0.9571	0.9238	1.433	0.766	0.5518	0.6169	0.633	0.7212	0.9783	0.6147	0.6221		0.5435	0.4523	0.4334	0.5846	0.4465	0.2279	0.2327	0.2744	0.2881	0.432	0.2464	0.2773		
		
~End
Copyright © 2003 Molecular Devices. All rights reserved.
