##BLOCKS= 1          
Plate:	Plate#1	1.3	PlateFormat	Endpoint	Absorbance	Raw	FALSE	1						2	490 750	1	12	96	1	8	None	
	Temperature(¡C)	1	2	3	4	5	6	7	8	9	10	11	12		1	2	3	4	5	6	7	8	9	10	11	12		
	23.40	0.2794	1.6684	0.3014	2.8111	0.336	0.5296	0.495	0.443	1.572	0.3477	2.6023	1.9025		0.1764	0.8046	0.1902	1.7309	0.2129	0.3075	0.2455	0.2892	0.8846	0.2148	0.8757	1.2036		
		0.3028	0.2062	1.7957	0.6557	2.1524	0.6218	2.676	1.0572	2.0638	0.4003	0.6714	2.0188		0.2271	0.1524	1.2136	0.3983	1.1552	0.3411	1.4095	0.7183	1.2361	0.2507	0.393	1.0238		
		0.4703	0.1961	1.1189	0.7233	1.0714	1.7989	1.5462	1.0313	0.3862	0.3472	0.3428	2.2312		0.2201	0.1315	0.5853	0.3291	0.676	0.9062	0.6879	0.6703	0.2415	0.2238	0.2315	1.2254		
		1.6908	1.8492	2.1688	2.7363	0.3443	2.2747	0.3036	1.7683	0.5352	0.471	3.0439	1.1498		1.039	1.0919	1.132	1.4502	0.2004	1.2402	0.1816	0.9444	0.3044	0.259	1.3911	0.7026		
		0.5405	0.8399	0.2916	2.2668	1.0681	2.3857	2.6152	0.3085	2.8142	0.7786	0.3513	2.074		0.2909	0.4193	0.1715	1.1803	0.7166	1.1471	1.1644	0.1994	1.3226	0.4831	0.2083	1.0284		
		1.2296	0.7975	1.0399	1.4255	1.8721	1.4948	1.2308	0.3292	0.2956	0.7906	0.7211	1.2209		0.7562	0.4418	0.4628	0.7597	0.8378	0.5363	0.5698	0.2294	0.1902	0.4209	0.3443	0.508		
		0.2592	2.1214	0.3129	0.8865	1.523	1.9972	0.3857	0.8903	0.7879	0.3597	0.516	0.668		0.1764	1.0395	0.2182	0.3722	0.7974	0.925	0.2019	0.4605	0.3995	0.1786	0.2512	0.309		
		0.4176	0.4886	0.4042	0.5297	0.5209	1.2053	0.4282	0.2643	2.0493	0.2852	0.2332	0.296		0.2713	0.2465	0.1776	0.2726	0.35	0.4888	0.1814	0.1519	0.918	0.179	0.156	0.1754		
		
~End
Copyright © 2003 Molecular Devices. All rights reserved.
