##BLOCKS= 1          
Plate:	Plate#1	1.3	PlateFormat	Endpoint	Absorbance	Raw	FALSE	1						2	490 750	1	12	96	1	8	None	
	Temperature(¡C)	1	2	3	4	5	6	7	8	9	10	11	12		1	2	3	4	5	6	7	8	9	10	11	12		
	23.50	0.2566	1.1699	0.207	3.0005	0.2632	2.2632	0.2502	0.547	2.0537	1.0767	2.7445	2.6353		0.197	0.825	0.1586	2.023	0.196	1.5676	0.1689	0.3919	1.4629	0.8043	1.3424	1.6732		
		0.5184	2.2748	2.5179	2.7155	2.516	0.6507	2.4339	1.1378	2.2843	0.3832	1.6677	2.491		0.4116	1.5591	1.6063	1.8676	1.5645	0.4586	1.5626	0.798	1.3931	0.2674	1.1027	1.4854		
		0.3982	0.1457	0.8123	1.2926	1.5374	1.9207	2.0359	2.3341	0.335	2.4637	2.1585	2.1902		0.2892	0.1142	0.5527	0.7991	1.0187	1.2549	0.8772	1.4714	0.24	1.7001	1.4292	1.3865		
		2.5949	2.4696	2.396	2.1718	0.3939	3.0285	1.3834	2.2393	1.8313	0.4704	2.073	2.0387		1.9234	1.585	1.4347	1.4364	0.2825	2.0878	0.9293	1.4765	1.2246	0.3233	1.2928	1.3611		
		1.5147	1.3611	0.2672	3.2237	0.7917	2.0692	2.1449	0.3511	2.3293	2.3672	0.323	2.5814		0.9702	0.8316	0.191	2.4589	0.5838	1.3943	1.3254	0.2567	1.5283	1.4943	0.2389	1.626		
		2.2964	1.0304	1.2976	2.2238	2.023	1.9991	0.8543	0.3136	0.3332	0.9794	1.6672	1.9483		1.6534	0.6765	0.8216	1.4568	1.2849	1.3128	0.5245	0.2216	0.2447	0.6487	0.8497	0.9359		
		1.3027	1.8844	1.0494	1.1822	1.0519	0.6833	0.506	1.8593	0.4478	1.6327	0.9637	1.9522		0.6452	1.4142	0.7229	0.8022	0.6608	0.4853	0.336	1.0416	0.3217	0.8714	0.5932	1.1208		
		0.3782	1.8557	0.6034	0.6998	1.984	1.3684	0.2864	0.2499	1.5233	0.2076	0.2462	0.2551		0.2797	1.1119	0.3741	0.4892	1.2878	0.6907	0.2007	0.1585	0.9619	0.1599	0.1903	0.1937		
		
~End
Copyright © 2003 Molecular Devices. All rights reserved.
