##BLOCKS= 1          
Plate:	Plate#1	1.3	PlateFormat	Endpoint	Absorbance	Raw	FALSE	1						2	490 750	1	12	96	1	8	None	
	Temperature(¡C)	1	2	3	4	5	6	7	8	9	10	11	12		1	2	3	4	5	6	7	8	9	10	11	12		
	23.50	0.2153	1.1896	0.2367	2.4336	0.2765	2.2589	0.3443	0.5435	1.8582	0.7206	2.9754	2.4319		0.1582	0.8377	0.1712	1.6706	0.2073	1.6118	0.2262	0.3818	1.2708	0.4957	1.3161	1.5734		
		0.3817	1.9073	2.361	1.9674	2.1325	0.5195	2.4331	1.0105	2.1292	0.4984	1.7623	2.2646		0.2802	1.2263	1.5242	1.3771	1.3693	0.3729	1.5814	0.6909	1.3698	0.3439	1.1257	1.3953		
		0.3775	0.152	0.783	0.842	1.5648	1.9435	1.6598	1.8993	0.3328	2.1858	2.179	2.175		0.2708	0.1186	0.5303	0.5396	1.047	1.355	0.7349	1.2181	0.2362	1.5113	1.3916	1.3603		
		2.5905	2.2743	2.3386	2.4933	0.4382	2.1892	0.9572	2.1429	1.927	0.5005	2.0642	2.3854		1.8574	1.4719	1.4329	1.641	0.3067	1.4497	0.6358	1.4256	1.2378	0.3442	1.2658	1.6214		
		1.4306	1.2883	0.2475	3.1112	0.6391	2.2068	2.3546	0.3313	2.4316	2.1828	0.2668	2.5643		0.8948	0.7879	0.1746	2.1855	0.4712	1.452	1.4238	0.239	1.6161	1.4242	0.197	1.6569		
		2.2234	0.9088	1.3764	2.1436	1.9924	1.8041	1.1915	0.3524	0.3194	1.3653	1.5212	1.8388		1.5836	0.5936	0.8385	1.3715	1.2755	1.1804	0.7277	0.2522	0.2238	0.8714	0.7671	0.942		
		1.3908	2.5031	1.1446	1.5176	1.4597	0.801	0.4498	1.7248	0.6865	1.709	1.2501	1.6869		0.7563	1.7442	0.7668	1.0833	0.9399	0.5706	0.3176	1.0073	0.4297	0.8821	0.7768	0.9645		
		0.341	1.3245	0.5735	1.1013	1.9711	1.655	0.2426	0.2334	1.446	0.2197	0.2105	0.2615		0.259	0.8364	0.3535	0.7754	1.2895	0.8232	0.1723	0.1607	0.9013	0.1679	0.1634	0.199		
		
~End
Copyright © 2003 Molecular Devices. All rights reserved.
