##BLOCKS= 1          
Plate:	Plate#1	1.3	PlateFormat	Endpoint	Absorbance	Raw	FALSE	1						2	490 750	1	12	96	1	8	None	
	Temperature(¡C)	1	2	3	4	5	6	7	8	9	10	11	12		1	2	3	4	5	6	7	8	9	10	11	12		
	23.30	0.5714	2.5536	1.1493	2.6935	1.0589	3.3287	1.4349	1.288	2.899	3.1874	2.7792	3.3191		0.2301	1.0802	0.3718	1.5452	0.3778	2.4358	0.4303	0.8905	1.9332	2.1278	1.736	1.6647		
		0.4538	2.9569	2.8191	3.1781	3.3483	2.3275	3.0313	1.8414	3.2011	2.084	2.4486	3.3121		0.3659	2.0646	1.6634	2.4305	1.9389	1.3386	1.734	1.2542	1.864	1.1522	1.5062	1.7537		
		1.1648	0.2071	2.4391	2.3459	2.7611	2.9121	2.7646	2.7725	2.7262	3.1673	3.2051	3.2151		0.6525	0.1275	1.3263	1.565	1.2066	1.5684	1.101	1.776	1.797	1.9303	1.8057	1.8351		
		2.9753	3.2717	3.3719	3.2407	1.5661	2.9861	2.217	2.8768	3.2556	1.8261	3.1911	2.4587		1.9846	2.0432	2.4148	2.0107	0.6943	1.9991	1.143	1.5482	2.1174	0.8745	1.6415	1.3373		
		2.994	1.2583	1.0182	3.201	2.0381	2.5724	2.9923	1.07	3.2193	2.642	1.3288	3.2209		2.2575	0.3896	0.354	2.0878	1.3275	1.5685	1.4886	0.4566	1.8485	1.6927	0.5809	2.0535		
		1.733	2.0128	1.8103	2.2382	2.1385	1.6553	1.4781	0.4374	1.081	1.5519	1.9774	2.1982		1.1991	0.8535	1.018	1.3096	1.3758	0.757	0.7663	0.2991	0.4781	0.8591	1.1659	0.8918		
		1.631	3.2755	1.1799	1.7446	2.1409	1.5942	1.355	1.5231	1.3147	1.6028	1.1285	2.0842		0.6771	2.286	0.7965	0.9295	1.1544	0.9857	0.7465	0.8789	0.7572	0.8366	0.5527	0.9259		
		1.2803	1.7652	1.6841	1.3711	2.4852	1.4747	0.8261	0.5561	0.8801	0.8337	0.827	0.9826		0.6334	0.8548	0.8578	0.8479	1.0901	0.6392	0.3047	0.2214	0.3133	0.3258	0.3082	0.4083		
		
~End
Copyright © 2003 Molecular Devices. All rights reserved.
