##BLOCKS= 1          
Plate:	Plate#1	1.3	PlateFormat	Endpoint	Absorbance	Raw	FALSE	1						2	490 750	1	12	96	1	8	None	
	Temperature(¡C)	1	2	3	4	5	6	7	8	9	10	11	12		1	2	3	4	5	6	7	8	9	10	11	12		
	23.00	0.265	1.0656	0.3266	2.2244	0.2664	0.3466	0.5084	0.4276	1.549	0.2859	1.843	1.7657		0.157	0.7534	0.2244	1.2955	0.1812	0.26	0.313	0.2921	0.9274	0.232	0.7992	1.1736		
		0.498	1.366	2.0911	0.2633	1.6599	0.2807	1.3857	0.9626	2.0493	0.3646	0.2042	2.1162		0.3843	0.933	1.2012	0.1695	1.0951	0.1766	0.8743	0.6663	1.1885	0.2387	0.1358	1.2259		
		0.5528	0.1957	0.5101	0.7599	1.2133	1.0036	1.4695	2.316	1.2143	1.4166	1.8648	2.0473		0.3242	0.1414	0.3394	0.4846	0.7686	0.6879	0.807	1.4	0.785	0.9948	1.3197	1.1706		
		2.2849	2.3148	2.2068	2.1998	0.4321	1.8703	0.3659	2.0606	1.9888	1.0052	2.2033	1.8803		1.4717	1.3382	1.3975	1.247	0.2784	1.1384	0.2341	1.1008	1.2429	0.6361	1.1913	1.0344		
		0.5988	1.2672	0.2947	1.6223	0.3216	1.6479	2.0211	0.3615	2.0283	2.1997	0.3548	2.4537		0.3014	0.7634	0.2047	0.9428	0.2115	1.0247	1.1926	0.2558	1.1649	1.2633	0.2349	1.1545		
		0.7887	0.7681	1.0019	2.223	1.3584	1.3334	0.8831	0.3821	0.4178	1.0998	0.8036	1.5782		0.5558	0.4595	0.5207	1.0023	0.7219	0.4824	0.4973	0.2541	0.2716	0.5976	0.4301	0.7763		
		1.426	1.3378	0.469	1.2789	1.2013	0.975	0.3163	0.5161	0.6301	0.488	0.4397	0.8496		0.6455	0.8233	0.3109	0.6596	0.716	0.6277	0.2256	0.3605	0.4746	0.3399	0.2958	0.5763		
		0.3123	0.344	1.6661	0.6143	0.7802	0.4856	0.2976	0.2982	0.2552	0.2519	0.2093	0.3101		0.206	0.2231	0.7973	0.4031	0.5192	0.3416	0.218	0.2073	0.1824	0.1786	0.149	0.2105		
		
~End
Copyright © 2003 Molecular Devices. All rights reserved.
