##BLOCKS= 1          
Plate:	Plate#1	1.3	PlateFormat	Endpoint	Absorbance	Raw	FALSE	1						2	490 750	1	12	96	1	8	None	
	Temperature(¡C)	1	2	3	4	5	6	7	8	9	10	11	12		1	2	3	4	5	6	7	8	9	10	11	12		
	23.00	0.3365	0.9854	0.3368	1.6863	0.2923	0.3908	0.6966	0.3562	1.3295	0.2741	1.7519	1.7825		0.2126	0.6865	0.2266	0.9408	0.2005	0.2848	0.4557	0.2263	0.7592	0.2203	0.6867	1.2289		
		0.7532	1.3742	2.0431	0.3728	1.6209	0.3397	1.5308	1.095	2.2963	0.3986	0.2323	2.0551		0.5708	0.9376	1.1267	0.2438	1.0168	0.228	0.9405	0.7732	1.29	0.2595	0.1566	1.2058		
		0.4905	0.2072	0.4905	0.7623	1.1814	0.8643	1.47	2.1717	1.6835	1.46	1.9352	1.9183		0.3102	0.1601	0.3111	0.4919	0.7009	0.5915	0.8203	1.3077	1.061	1.0292	1.3165	1.1305		
		2.2042	2.1932	2.1925	2.3037	0.4825	1.8077	0.5407	2.0093	2.0691	1.005	2.2427	1.9377		1.4309	1.2556	1.3602	1.3004	0.3161	1.1055	0.3391	1.1214	1.2378	0.6431	1.2129	1.0675		
		0.7212	1.0322	0.3132	1.6423	0.4007	1.4637	2.2487	0.5517	2.3511	2.4797	0.3799	2.5088		0.4307	0.595	0.2254	1.0133	0.2467	0.9192	1.3288	0.3815	1.3295	1.4247	0.2536	1.2044		
		0.9399	0.7752	1.4069	2.2274	1.1871	1.6104	1.5103	0.4175	0.3837	0.8762	1.0808	1.7546		0.6935	0.4938	0.7495	1.0004	0.6707	0.6099	0.8173	0.278	0.2402	0.4638	0.5558	0.947		
		0.9018	1.5434	0.4623	1.2119	1.2776	1.1538	0.3493	0.7039	0.6703	0.2971	0.3153	0.8073		0.4429	0.9832	0.3186	0.6363	0.7989	0.7675	0.2663	0.5256	0.4922	0.2077	0.2035	0.5322		
		0.343	0.2841	1.7976	0.6223	0.8963	0.3966	0.2355	0.2687	0.335	0.2882	0.2509	0.3477		0.2381	0.1903	0.879	0.3945	0.5944	0.2661	0.169	0.1901	0.2317	0.2082	0.1799	0.2536		
		
~End
Copyright © 2003 Molecular Devices. All rights reserved.
