##BLOCKS= 1          
Plate:	Plate#1	1.3	PlateFormat	Endpoint	Absorbance	Raw	FALSE	1						2	490 750	1	12	96	1	8	None	
	Temperature(¡C)	1	2	3	4	5	6	7	8	9	10	11	12		1	2	3	4	5	6	7	8	9	10	11	12		
	22.70	1.9227	2.7025	0.7311	2.7507	0.6227	2.9798	1.7373	0.9505	2.1039	2.2128	2.6827	2.8937		0.5674	0.9433	0.2004	1.3087	0.1945	1.508	0.4941	0.6141	1.346	1.1335	1.1371	1.3699		
		0.5159	0.4199	2.1786	2.4831	2.4972	2.5192	2.5239	1.3852	2.514	1.8469	2.2725	2.8304		0.3958	0.1957	1.2116	1.3701	1.3169	1.3684	1.3802	0.851	1.3397	0.7824	1.1986	1.3362		
		0.4801	0.1817	1.8566	1.2967	2.6388	0.7113	1.4319	0.8946	0.8759	1.046	2.7323	2.7986		0.2165	0.1349	0.7944	0.3938	1.1488	0.1921	0.3512	0.4043	0.2657	0.2912	1.4695	1.3845		
		2.7162	2.7912	1.2145	2.6543	1.0457	2.0068	1.077	2.5167	1.6541	1.5973	2.3335	2.8905		1.3949	1.3654	0.2951	1.47	0.3161	0.9953	0.49	1.4246	0.4035	0.4778	1.3428	1.2345		
		2.504	1.1873	0.7626	1.7153	0.6723	2.2164	1.3104	1.2071	1.8889	1.5085	0.8776	2.1949		1.3758	0.3445	0.2075	0.7092	0.2223	1.313	0.3187	0.3045	0.6876	0.5428	0.2343	1.1376		
		2.1223	1.0933	2.0673	1.2005	0.6672	0.6378	1.7248	0.4264	0.7076	0.7602	1.911	1.9001		0.7304	0.6599	0.7144	0.6807	0.4345	0.1746	0.553	0.2418	0.2458	0.3226	0.6383	0.5921		
		0.7387	0.5074	0.4907	1.7933	1.7819	0.8436	0.7963	2.161	0.8134	1.23	0.6287	1.5034		0.2352	0.3526	0.3055	0.5596	0.5594	0.2532	0.2574	0.9774	0.2861	0.3987	0.2147	0.6315		
		1.0127	1.2592	0.7269	1.2861	1.8192	1.4913	0.7272	0.3699	0.7217	0.6025	0.7229	0.6437		0.3365	0.4181	0.2432	0.5358	0.5182	0.3583	0.1894	0.1628	0.2109	0.1888	0.1904	0.182		
		
~End
Copyright © 2003 Molecular Devices. All rights reserved.
