##BLOCKS= 1          
Plate:	Plate#1	1.3	PlateFormat	Endpoint	Absorbance	Raw	FALSE	1						2	490 750	1	12	96	1	8	None	
	Temperature(¡C)	1	2	3	4	5	6	7	8	9	10	11	12		1	2	3	4	5	6	7	8	9	10	11	12		
	22.80	1.6568	2.5645	0.7616	2.5774	1.1679	2.4093	1.6499	0.9339	2.2301	2.5416	2.8537	2.8848		0.381	1.006	0.1952	1.2147	0.2546	1.147	0.5238	0.5997	1.4066	1.1542	0.8147	1.3965		
		0.4353	0.4543	2.3594	2.7294	2.6544	2.6722	2.8845	1.4508	2.6096	1.7592	2.7806	2.6735		0.3354	0.2104	1.2633	1.5737	1.3488	1.4633	1.5884	0.9091	1.3542	0.6536	1.3413	1.2248		
		0.7459	0.1728	2.1869	1.0789	2.8134	1.361	1.6935	1.315	0.9409	1.2244	2.6179	2.8649		0.2438	0.127	0.8138	0.3389	1.1168	0.3745	0.4041	0.588	0.3058	0.3116	1.4181	1.4323		
		2.8491	2.852	1.4242	2.6829	1.175	2.0933	0.7912	2.504	1.4024	1.9842	2.6046	2.8614		1.5446	1.327	0.3476	1.4211	0.3165	0.9729	0.3538	1.4053	0.3544	0.5965	1.3595	1.3487		
		2.4167	1.8774	0.4557	1.8071	0.7895	2.5904	1.5755	1.312	1.7425	1.2845	1.0351	2.044		1.2526	0.4911	0.1502	0.7319	0.2471	1.3638	0.3685	0.3459	0.6625	0.4136	0.2813	1.0381		
		2.1481	1.2628	2.1821	1.496	0.7253	0.7639	1.6525	0.5277	0.7401	0.9281	2.1316	1.7133		0.7381	0.6249	0.7276	0.6967	0.4383	0.2095	0.502	0.2598	0.2373	0.3264	0.6789	0.5183		
		0.4511	0.5604	0.4715	2.3723	1.6934	0.6897	0.846	2.4254	1.16	0.7414	0.724	1.753		0.1477	0.37	0.281	0.7212	0.5246	0.2183	0.256	1.0464	0.3617	0.2304	0.2091	0.5834		
		0.9656	1.7188	0.5381	1.4592	2.0064	1.4028	1.0231	0.3953	1.0333	0.634	0.7866	0.8103		0.2676	0.6125	0.1808	0.5011	0.5746	0.374	0.2941	0.1633	0.3075	0.1874	0.2088	0.2772		
		
~End
Copyright © 2003 Molecular Devices. All rights reserved.
