##BLOCKS= 1          
Plate:	Plate#1	1.3	PlateFormat	Endpoint	Absorbance	Raw	FALSE	1						2	490 750	1	12	96	1	8	None	
	Temperature(¡C)	1	2	3	4	5	6	7	8	9	10	11	12		1	2	3	4	5	6	7	8	9	10	11	12		
	22.40	0.5347	1.6905	0.4647	2.4563	0.5943	0.9873	2.3346	0.5903	1.3613	0.94	2.3225	1.8613		0.2407	0.9728	0.227	1.5856	0.3314	0.5971	1.5707	0.4058	0.8402	0.543	0.8323	1.2174		
		0.8007	0.2858	1.4048	0.9359	2.3516	0.6575	1.636	1.0683	1.6459	0.5754	1.5377	1.869		0.586	0.184	0.8876	0.5377	1.6805	0.358	1.055	0.6707	1.0551	0.3599	1.0118	1.2072		
		0.8825	0.1518	1.6508	1.35	1.3482	1.5089	0.4015	2.213	2.0001	2.0848	2.585	1.7018		0.491	0.1123	1.0838	0.8783	0.8024	0.9306	0.2552	1.4874	1.3396	1.3807	1.805	1.1529		
		1.9215	1.9167	2.3045	1.4646	0.7623	1.357	0.7103	1.7668	1.7944	1.2535	2.3163	1.7141		1.2624	1.2426	1.5155	0.8892	0.4341	0.8468	0.424	1.0706	1.2061	0.7784	1.5791	1.0303		
		1.0359	2.0854	0.4226	2.2053	1.3426	1.8808	2.3809	0.672	1.594	1.9945	0.6517	1.0899		0.7099	1.0128	0.2393	1.4838	0.8727	1.27	1.5338	0.41	0.9616	1.3413	0.3774	0.6348		
		0.7043	1.1579	0.7542	1.015	0.9219	1.3972	0.7863	0.5621	0.7007	1.5099	1.3321	1.9266		0.5106	0.7447	0.5281	0.7475	0.6341	0.8984	0.4068	0.3845	0.4322	0.8109	0.7951	1.2024		
		0.5312	2.0206	0.9069	0.8807	1.042	0.2784	0.8486	2.4389	0.6353	0.8187	0.6962	1.4615		0.3403	1.5152	0.6397	0.5916	0.7584	0.1954	0.4609	1.541	0.3429	0.4562	0.4319	0.7854		
		0.6581	0.7321	0.6781	0.7683	0.338	0.6229	0.3919	0.3531	0.4688	0.4099	0.6921	0.4932		0.4405	0.4595	0.4201	0.5702	0.2326	0.3521	0.2101	0.2375	0.236	0.2238	0.3694	0.2681		
		
~End
Copyright © 2003 Molecular Devices. All rights reserved.
