##BLOCKS= 1          
Plate:	Plate#1	1.3	PlateFormat	Endpoint	Absorbance	Raw	FALSE	1						2	490 750	1	12	96	1	8	None	
	Temperature(¡C)	1	2	3	4	5	6	7	8	9	10	11	12		1	2	3	4	5	6	7	8	9	10	11	12		
	22.40	0.5997	1.539	0.561	2.6125	0.6394	1.0728	2.3829	0.622	1.2343	0.7522	2.4252	2.598		0.2987	0.9338	0.2739	1.6936	0.3575	0.649	1.6185	0.4326	0.7619	0.4906	0.8892	1.729		
		0.5675	0.3021	1.4245	0.738	1.7395	0.5325	1.4828	1.5577	1.658	0.6174	1.7669	1.7375		0.4704	0.1963	0.9131	0.4288	1.1982	0.325	0.9811	1.0706	1.0839	0.3892	1.1797	1.0668		
		0.7131	0.1693	1.7688	1.6948	1.0241	1.3393	0.4285	2.4072	1.9693	2.3496	2.3676	2.302		0.4103	0.1266	1.1729	1.1039	0.6212	0.8727	0.2709	1.6692	1.3469	1.4921	1.6599	1.5577		
		1.8629	1.9033	2.577	2.0666	0.7817	1.3232	0.7596	1.8481	2.2388	1.1753	1.7294	1.9443		1.2253	1.2525	1.6639	1.4201	0.4548	0.8548	0.4608	1.1161	1.4489	0.7655	1.119	1.1891		
		1.0798	2.4086	0.4326	2.3391	1.2032	2.4701	1.7024	0.7207	1.4651	2.1744	0.7638	1.2581		0.7395	1.3039	0.2376	1.566	0.7559	1.7064	1.1262	0.4272	0.8881	1.4847	0.4218	0.7795		
		0.751	1.1351	0.7102	1.068	0.9636	1.3047	0.6321	0.4612	0.4791	1.762	1.3445	1.7564		0.5397	0.751	0.5017	0.7888	0.6698	0.8526	0.3321	0.312	0.2971	0.9407	0.7949	1.1129		
		0.4025	1.9772	0.9447	0.9679	1.1648	0.3003	0.6736	1.8233	0.6002	0.9581	0.7589	1.0865		0.2551	1.5161	0.6742	0.6665	0.7699	0.2162	0.3615	1.1487	0.335	0.5354	0.4552	0.578		
		0.7278	0.7664	0.5112	0.555	0.315	0.7156	0.3372	0.2946	0.5103	0.3682	0.5047	0.5614		0.4757	0.4486	0.3176	0.3984	0.2201	0.4104	0.1809	0.1979	0.2429	0.2103	0.2612	0.276		
		
~End
Copyright © 2003 Molecular Devices. All rights reserved.
