##BLOCKS= 1          
Plate:	Plate#1	1.3	PlateFormat	Endpoint	Absorbance	Raw	FALSE	1						2	490 750	1	12	96	1	8	None	
	Temperature(¡C)	1	2	3	4	5	6	7	8	9	10	11	12		1	2	3	4	5	6	7	8	9	10	11	12		
	22.90	0.199	1.7481	0.1726	2.6497	0.2302	0.2866	1.3009	1.3013	2.3419	0.4931	2.1925	2.4939		0.1459	0.9268	0.1228	1.506	0.1575	0.194	0.8259	0.8448	1.5647	0.3163	0.88	1.3894		
		0.283	0.2099	2.6649	0.3993	3.0586	2.1918	2.5992	1.9338	2.707	0.7658	2.3763	2.7752		0.214	0.1481	1.4609	0.2721	1.5867	1.5376	1.5519	0.9914	1.526	0.4321	1.4024	1.4666		
		0.7608	0.1334	1.6131	0.4605	2.1017	2.0002	0.2729	2.448	2.5209	2.3478	2.6389	2.6539		0.3382	0.1051	0.6431	0.2966	1.1842	1.3974	0.1862	1.4164	1.5577	1.6775	1.6856	1.651		
		2.76	2.9093	1.7708	2.212	0.3395	2.1536	1.8709	2.5592	0.8227	0.5263	2.2931	1.9831		1.8143	1.6466	1.2726	1.4252	0.2296	1.6807	1.4343	1.4539	0.5577	0.3679	1.5804	1.2407		
		2.7919	1.2886	0.1812	0.4886	0.2239	2.4283	2.4006	0.2941	2.4207	2.4623	0.1992	2.6703		1.6964	0.6149	0.1228	0.3381	0.1646	1.6596	1.5176	0.2116	1.5306	1.6045	0.1381	1.4775		
		1.9099	1.0033	1.8227	1.6395	0.3984	0.3634	1.1128	0.3775	0.4402	1.6649	1.49	1.4286		1.167	0.6105	0.9548	0.9974	0.241	0.2017	0.5544	0.2448	0.2666	0.6688	0.7559	0.7605		
		0.5059	1.4592	0.5345	1.7859	1.5003	0.9832	0.3918	1.9642	0.5082	1.1968	0.9243	1.3872		0.2365	0.971	0.3385	0.7772	0.7697	0.3767	0.2255	1.0791	0.3116	0.6871	0.5093	0.6536		
		0.4393	1.4199	1.7703	0.5418	0.9419	1.4464	0.2591	0.2165	0.2166	0.1856	0.2647	0.2208		0.2768	0.8038	1.0404	0.31	0.6838	0.7716	0.1415	0.1426	0.1374	0.1215	0.1718	0.1377		
		
~End
Copyright © 2003 Molecular Devices. All rights reserved.
