##BLOCKS= 1          
Plate:	Plate#1	1.3	PlateFormat	Endpoint	Absorbance	Raw	FALSE	1						2	490 750	1	12	96	1	8	None	
	Temperature(¡C)	1	2	3	4	5	6	7	8	9	10	11	12		1	2	3	4	5	6	7	8	9	10	11	12		
	23.20	0.3584	1.1632	0.2992	2.239	0.2741	2.1809	0.1815	0.5461	1.6539	0.3818	1.049	2.2869		0.2398	0.7892	0.2163	1.3027	0.1963	1.4489	0.1226	0.3849	1.1179	0.277	0.6976	1.355		
		0.5897	2.2918	2.1102	1.4856	1.8275	0.7167	1.4633	0.9115	2.3347	0.3475	1.59	1.6089		0.4701	1.5439	1.3425	1.0591	1.1993	0.4602	0.9679	0.6326	1.4121	0.2336	0.9924	0.9812		
		0.5088	0.1492	0.6565	1.0867	1.3529	1.1808	1.6464	0.9698	0.2973	1.893	2.3675	2.0565		0.3027	0.1171	0.3753	0.6887	0.8814	0.7416	0.7596	0.645	0.213	1.1901	1.4578	1.222		
		1.7786	2.0265	1.9217	1.7252	0.9483	1.8945	1.3766	2.1174	1.8326	0.6425	1.8416	1.8177		1.2038	1.1897	1.1921	1.0918	0.7129	1.2208	0.9068	1.2804	1.1046	0.438	1.1205	1.1194		
		1.8629	0.9112	0.2518	2.0762	0.7405	2.029	1.9397	0.3027	2.1717	2.1252	0.3625	1.9306		1.2982	0.4003	0.1551	1.2666	0.5289	1.3044	1.2048	0.2036	1.3545	1.338	0.2404	1.1585		
		1.9784	0.9516	1.156	1.3141	1.4903	2.1034	1.4715	0.5221	0.2973	0.6471	1.2259	2		1.0559	0.5269	0.5328	0.8778	0.9109	0.9373	0.8066	0.3201	0.2031	0.3368	0.6224	0.9271		
		1.204	1.4332	0.6434	1.4612	0.1556	0.488	0.9028	1.2268	2.1292	0.7162	0.797	1.3663		0.6086	1.1067	0.427	0.7589	0.127	0.3305	0.4787	0.5783	1.0244	0.4329	0.4751	0.7452		
		0.4909	1.0257	0.845	1.2981	0.567	1.3217	0.6061	0.2231	1.0305	0.3929	0.2533	0.2505		0.3119	0.5779	0.5644	0.8271	0.3997	0.7119	0.3386	0.1204	0.6074	0.2803	0.1488	0.1662		
		
~End
Copyright © 2003 Molecular Devices. All rights reserved.
