##BLOCKS= 1          
Plate:	Plate#1	1.3	PlateFormat	Endpoint	Absorbance	Raw	FALSE	1						2	490 750	1	12	96	1	8	None	
	Temperature(¡C)	1	2	3	4	5	6	7	8	9	10	11	12		1	2	3	4	5	6	7	8	9	10	11	12		
	23.20	0.2669	1.0553	0.2788	2.3644	0.2591	2.2375	0.3519	0.474	1.5024	0.3779	0.9813	2.1153		0.1667	0.7393	0.1919	1.3342	0.1854	1.4411	0.2036	0.3326	1.0024	0.2872	0.6147	1.2676		
		0.4787	2.2372	1.995	1.3487	1.6751	0.7424	1.6677	1.1028	2.2145	0.2659	1.5982	1.3715		0.3499	1.5195	1.2632	0.9579	1.0831	0.4445	1.1473	0.7677	1.3704	0.186	1.0095	0.8512		
		0.5223	0.1615	0.9574	0.947	1.1269	1.4151	1.9789	0.9784	0.4404	1.7467	1.9738	1.8886		0.3085	0.1257	0.5526	0.6092	0.76	0.8887	0.8343	0.6543	0.3031	1.1357	1.2201	1.1644		
		1.5737	2.09	1.8557	1.9463	0.549	1.9099	1.5444	2.181	2.058	0.3965	1.8169	2.002		1.0969	1.2381	1.1628	1.2099	0.3714	1.246	1.011	1.357	1.2891	0.282	1.1321	1.1957		
		2.0478	1.0811	0.3213	1.9624	0.7041	2.1297	2.1787	0.3417	1.962	2.1221	0.6604	1.9186		1.3208	0.4753	0.2024	1.2039	0.5238	1.3368	1.3472	0.2283	1.2174	1.3274	0.4558	1.133		
		1.6441	0.776	1.6231	1.4564	1.609	2.0172	0.9541	0.4692	0.386	0.5934	1.0598	1.6778		0.9786	0.4079	0.7232	0.9664	0.9819	0.9262	0.4553	0.2607	0.2635	0.3164	0.4639	0.7414		
		1.162	1.4756	0.609	0.9315	0.4599	0.9001	0.8879	1.514	1.0185	1.3155	0.8284	1.106		0.4796	0.9458	0.4002	0.4649	0.2808	0.5995	0.4838	0.6545	0.536	0.7915	0.4757	0.6013		
		0.3741	1.3455	0.9082	0.9864	0.6969	1.106	0.5582	0.2307	1.3413	0.2265	0.5471	0.284		0.2316	0.708	0.5752	0.6321	0.4779	0.5588	0.2927	0.1454	0.7169	0.1613	0.2792	0.1852		
		
~End
Copyright © 2003 Molecular Devices. All rights reserved.
