##BLOCKS= 1          
Plate:	Plate#1	1.3	PlateFormat	Endpoint	Absorbance	Raw	FALSE	1						2	490 750	1	12	96	1	8	None	
	Temperature(¡C)	1	2	3	4	5	6	7	8	9	10	11	12		1	2	3	4	5	6	7	8	9	10	11	12		
	22.90	0.266	1.8137	0.3808	2.6391	0.2315	0.637	0.5736	0.5365	1.4543	0.444	0.752	2.5093		0.1746	1.0301	0.2282	1.9399	0.1647	0.4407	0.1998	0.4043	1.0358	0.2974	0.5822	1.6113		
		0.5808	1.41	2.0094	0.8797	1.8369	0.6058	2.0414	0.6779	1.8178	0.3731	1.2182	2.0224		0.4641	1.1916	1.31	0.5998	1.2901	0.3658	1.4301	0.4927	1.2276	0.2696	0.8163	1.2662		
		1.0115	0.215	1.2722	0.989	1.313	1.7826	2.5895	1.8364	1.689	1.6561	2.056	2.3309		0.5911	0.1458	0.8193	0.7423	0.7991	1.1801	1.1425	1.5272	1.3531	1.3257	1.5039	1.3376		
		1.2779	2.2535	2.0278	1.7003	0.5656	1.6429	0.5351	1.8632	1.6574	0.4573	1.63	1.3868		0.8758	1.4035	1.4131	1.1965	0.3684	1.3046	0.3039	1.1048	1.2284	0.243	1.0694	0.9136		
		0.5825	1.1508	0.4521	1.9233	1.3081	1.5681	2.5162	0.6289	1.9573	1.5403	0.2996	1.7253		0.3331	0.4567	0.251	1.4304	0.869	1.161	1.5255	0.4452	1.2368	1.1565	0.1931	1.1768		
		0.9971	0.8118	1.0563	1.4548	0.9855	2.3488	0.6348	0.3302	0.3507	1.6532	0.8639	2.2038		0.7863	0.5861	0.796	0.9258	0.7466	1.3628	0.374	0.2511	0.263	0.9848	0.6253	0.8759		
		1.0663	1.8676	0.4526	0.6128	0.3127	1.0668	0.7567	1.1605	0.4674	1.3443	0.9768	1.5058		0.491	1.3678	0.3542	0.4581	0.184	0.7763	0.4201	0.7878	0.2626	0.854	0.7102	0.7762		
		0.3069	0.4653	1.4067	0.8345	1.1044	1.1104	0.6578	0.2671	1.0528	0.6154	0.2808	0.6183		0.2014	0.277	1.0539	0.6083	0.8352	0.6551	0.3143	0.1702	0.6704	0.4938	0.1645	0.3301		
		
~End
Copyright © 2003 Molecular Devices. All rights reserved.
