##BLOCKS= 1          
Plate:	Plate#1	1.3	PlateFormat	Endpoint	Absorbance	Raw	FALSE	1						2	490 750	1	12	96	1	8	None	
	Temperature(¡C)	1	2	3	4	5	6	7	8	9	10	11	12		1	2	3	4	5	6	7	8	9	10	11	12		
	22.90	0.3628	1.9677	0.3601	2.4732	0.3209	0.6187	0.3682	0.5828	1.3975	1.3163	0.3841	2.4605		0.2238	1.1266	0.2186	1.7347	0.2031	0.4164	0.1601	0.4283	0.9461	0.9364	0.2366	1.538		
		0.5157	1.3329	1.8909	0.8848	2.0884	0.569	1.5297	0.6525	1.9032	0.4015	1.2437	1.9804		0.4116	1.1229	1.2335	0.5765	1.3476	0.3378	1.0368	0.472	1.2201	0.2317	0.818	1.2961		
		0.8768	0.1771	1.1799	1.2777	1.5703	1.3844	2.4734	1.8949	1.6394	2.0636	1.9924	2.0229		0.6157	0.127	0.7757	0.87	0.8624	0.9942	1.0058	1.5821	1.3087	1.5627	1.4877	1.2024		
		1.6747	2.2647	1.8928	1.9464	0.6461	1.6897	0.3498	1.7489	1.9702	0.8131	1.7308	1.5064		1.1875	1.4278	1.3749	1.3682	0.4077	1.3543	0.2273	1.0522	1.479	0.392	1.2171	0.9789		
		0.4977	1.0389	0.2764	1.7511	0.991	1.2936	2.6113	0.6637	2.4725	1.8316	0.4853	1.8568		0.2963	0.3788	0.188	1.1215	0.6197	0.9302	1.5929	0.4286	1.6173	1.2845	0.2774	1.3185		
		0.9496	1.0363	0.7497	1.8521	1.0997	2.2393	0.6006	0.3566	0.3772	1.5934	0.9281	2.1655		0.7831	0.7613	0.5566	1.1143	0.8178	1.3195	0.334	0.2689	0.2762	0.9089	0.6654	1.0029		
		0.9664	1.8037	0.5255	0.8575	0.2983	1.9556	0.4143	1.2502	0.894	0.7393	0.8142	1.729		0.4975	1.2919	0.4128	0.6511	0.1678	0.9706	0.2655	0.87	0.4221	0.4492	0.5763	0.9264		
		0.3497	0.5643	1.6414	1.2273	1.0674	0.9868	0.3644	0.263	0.8715	0.3263	0.3181	0.3487		0.2397	0.3401	1.1168	0.9177	0.7846	0.5242	0.2025	0.1789	0.5493	0.2039	0.173	0.1839		
		
~End
Copyright © 2003 Molecular Devices. All rights reserved.
