##BLOCKS= 1          
Plate:	Plate#1	1.3	PlateFormat	Endpoint	Absorbance	Raw	FALSE	1						2	490 750	1	12	96	1	8	None	
	Temperature(¡C)	1	2	3	4	5	6	7	8	9	10	11	12		1	2	3	4	5	6	7	8	9	10	11	12		
	23.10	0.4483	1.0479	0.2491	0.8023	0.2081	0.8343	0.2656	0.3694	0.8296	0.2317	1.5504	1.1926		0.2038	0.6356	0.1882	0.6374	0.1586	0.7099	0.1971	0.2768	0.6824	0.1779	0.8854	0.973		
		0.6091	0.3623	1.4107	0.2514	1.0764	0.1333	1.0759	0.9662	1.3211	0.6429	0.1662	1.4384		0.493	0.2666	1.096	0.1826	0.8262	0.1038	0.8059	0.7926	1.0574	0.4465	0.1128	1.18		
		0.2667	0.1445	0.3633	0.3173	0.5067	0.4083	1.2348	0.9088	0.9431	0.2476	0.2255	1.3072		0.2337	0.114	0.2853	0.251	0.3664	0.2763	0.9572	0.679	0.7011	0.1805	0.1676	1.0401		
		1.1979	1.1361	1.1591	1.384	0.3523	0.8873	0.2631	0.9437	1.2234	0.4188	1.2655	0.8568		1.0359	0.881	0.9143	1.1084	0.2438	0.676	0.1777	0.728	0.973	0.2987	1.0139	0.6434		
		0.4139	0.8518	0.2892	1.2453	0.3432	0.6142	0.9098	0.8808	1.5061	1.2535	1.3365	1.1757		0.2377	0.51	0.2061	0.9644	0.265	0.4532	0.7148	0.6183	1.2217	1.0388	1.0911	0.9227		
		0.7488	0.1359	0.7763	0.4433	0.4168	0.3233	0.2202	0.2715	0.2609	0.3241	0.3713	0.93		0.5096	0.1101	0.5415	0.3241	0.3225	0.2326	0.1582	0.1906	0.1932	0.2398	0.2632	0.6536		
		1.017	0.4091	0.4969	0.4413	0.1623	0.2706	0.2617	0.2582	0.3773	0.4043	0.5467	0.9236		0.7408	0.4093	0.3383	0.3237	0.1422	0.1973	0.1963	0.1972	0.2794	0.3223	0.4107	0.7329		
		0.2625	0.2156	0.6856	0.49	0.2105	0.4048	0.1731	0.1355	0.2836	0.2335	0.2452	0.2303		0.1707	0.1731	0.521	0.3249	0.1619	0.2993	0.1376	0.1088	0.2006	0.1851	0.1672	0.1658		
		
~End
Copyright © 2003 Molecular Devices. All rights reserved.
