##BLOCKS= 1          
Plate:	Plate#1	1.3	PlateFormat	Endpoint	Absorbance	Raw	FALSE	1						2	490 750	1	12	96	1	8	None	
	Temperature(¡C)	1	2	3	4	5	6	7	8	9	10	11	12		1	2	3	4	5	6	7	8	9	10	11	12		
	23.00	0.3351	0.4146	0.2514	0.3673	0.2729	0.7018	0.3429	0.424	0.7676	0.3299	1.2377	1.1007		0.2337	0.2661	0.1922	0.2798	0.2028	0.5711	0.2834	0.3109	0.6215	0.2661	0.543	0.8787		
		0.4733	0.2676	0.4643	0.2977	1.331	0.1486	1.0456	1.1647	1.3309	0.3883	0.1568	1.4577		0.3927	0.1951	0.3276	0.2154	1.0773	0.12	0.7946	0.969	1.0542	0.2733	0.1119	1.2072		
		0.2923	0.1517	0.2498	0.2758	0.4476	0.4543	1.0029	0.9611	1.2264	0.3314	0.2724	1.3384		0.2273	0.1184	0.1957	0.2173	0.3213	0.3358	0.808	0.7235	0.9659	0.2414	0.2027	1.0767		
		0.9305	1.4045	1.2985	1.2907	0.3707	0.9823	0.2622	1.1462	1.4009	0.5839	1.1139	1.1409		0.7584	1.1101	1.0531	1.0559	0.2794	0.7737	0.1933	0.9156	1.1322	0.4198	0.8803	0.9093		
		0.4136	0.426	0.3259	0.9594	0.2582	0.4614	1.3164	0.9689	1.297	1.115	0.8483	1.1741		0.2609	0.2689	0.2395	0.7106	0.1918	0.3293	1.0976	0.6914	1.0419	0.9074	0.6392	0.9208		
		0.579	0.134	0.4392	0.4459	0.3544	0.3684	0.2234	0.5333	0.4309	0.3252	0.7295	0.8601		0.4933	0.1109	0.3071	0.3344	0.2656	0.2686	0.1625	0.3937	0.3004	0.2349	0.5346	0.5599		
		0.4543	0.3133	0.7241	0.5877	0.1239	0.2524	0.2175	0.2711	0.1729	0.4391	0.3984	0.5853		0.2967	0.2815	0.5124	0.4251	0.1038	0.1866	0.1651	0.205	0.1297	0.342	0.2792	0.4111		
		0.2751	0.1634	0.6038	0.7078	0.2668	0.3216	0.2357	0.136	0.5332	0.175	0.3206	0.2799		0.1855	0.1259	0.4598	0.4701	0.2003	0.2415	0.1879	0.1075	0.3695	0.1378	0.2159	0.2027		
		
~End
Copyright © 2003 Molecular Devices. All rights reserved.
