##BLOCKS= 1          
Plate:	Plate#1	1.3	PlateFormat	Endpoint	Absorbance	Raw	FALSE	1						2	490 750	1	12	96	1	8	None	
	Temperature(¡C)	1	2	3	4	5	6	7	8	9	10	11	12		1	2	3	4	5	6	7	8	9	10	11	12		
	21.70	0.2878	1.1957	0.2885	2.5444	0.2718	2.1415	0.2919	0.3491	1.7758	1.2729	1.5741	2.4092		0.2028	0.7302	0.1958	1.4482	0.1832	1.3454	0.1661	0.2304	1.0871	0.946	1.0104	1.439		
		0.619	2.5928	2.3028	1.9471	2.1957	1.1309	2.1632	1.3646	2.5386	0.3154	1.665	2.5753		0.4624	1.7297	1.3665	1.4766	1.3098	0.7731	1.3269	0.829	1.6114	0.1981	1.0715	1.5699		
		0.5537	0.1626	0.9141	1.2256	1.3897	1.7181	1.7689	1.9734	0.4639	2.3486	2.1662	2.4436		0.3019	0.1279	0.4755	0.8431	0.8666	1.0493	0.7083	1.4817	0.3023	1.5225	1.3033	1.4911		
		2.3165	2.4668	2.4047	2.4789	0.3742	2.0385	1.9047	2.2705	2.2636	0.5272	1.916	1.7829		1.2355	1.5991	1.3614	1.6281	0.2503	1.223	1.3532	1.4079	1.3919	0.3546	1.0902	0.9693		
		2.273	1.0811	0.2366	2.3033	2.0519	1.9387	2.1203	0.3868	2.3723	2.2027	0.3623	2.2202		1.4833	0.5147	0.1501	1.3197	1.2878	1.1837	1.3285	0.2439	1.5113	1.3636	0.2352	1.4165		
		2.0165	0.858	1.4628	1.765	1.7748	1.7292	2.0544	0.35	0.3686	1.0863	1.4432	1.782		1.2493	0.5434	0.7931	1.1877	1.1715	1.1439	1.09	0.22	0.2447	0.5549	0.6924	0.9261		
		1.2268	2.046	0.8566	1.3202	1.609	0.6566	1.3664	1.5968	1.0907	1.4432	1.404	1.3284		0.5612	1.5061	0.5848	0.6268	0.9916	0.4271	0.7787	0.8954	0.6562	0.8148	0.8618	0.7095		
		0.3787	1.3623	1.2477	1.0145	0.8158	1.3417	0.4325	0.2546	1.499	0.2946	0.2731	0.2937		0.2179	0.9521	0.8321	0.7097	0.5645	0.6878	0.2235	0.1401	0.812	0.2243	0.1761	0.1799		
		
~End
Copyright © 2003 Molecular Devices. All rights reserved.
