##BLOCKS= 1          
Plate:	Plate#1	1.3	PlateFormat	Endpoint	Absorbance	Raw	FALSE	1						2	490 750	1	12	96	1	8	None	
	Temperature(¡C)	1	2	3	4	5	6	7	8	9	10	11	12		1	2	3	4	5	6	7	8	9	10	11	12		
	21.80	0.268	1.2596	0.2557	2.6889	0.2461	2.0052	0.3259	0.3562	2.1622	1.1739	1.7008	2.3553		0.1852	0.7839	0.1674	1.5456	0.1626	1.2857	0.1793	0.234	1.3	0.8349	1.0571	1.3945		
		0.3874	2.4577	2.436	2.3477	2.227	1.1352	2.2078	1.3463	2.4345	0.3559	1.8353	2.2266		0.295	1.6607	1.4074	1.7661	1.3823	0.774	1.3323	0.8114	1.4871	0.2273	1.1141	1.3643		
		0.4971	0.168	0.7252	2.0078	1.3605	1.63	1.6362	1.96	0.4745	2.5455	2.3718	2.0206		0.2966	0.126	0.3991	1.3551	0.8432	1.0032	0.6753	1.4481	0.3171	1.6998	1.4234	1.1992		
		2.2316	2.6803	2.4869	2.4199	0.4094	2.0863	1.8717	2.4316	2.1119	0.4809	2.1214	1.6305		1.2405	1.7212	1.413	1.5492	0.2754	1.2433	1.3057	1.473	1.2302	0.315	1.1711	0.9239		
		2.5408	1.1693	0.2191	2.3597	1.9028	2.0682	2.2292	0.3432	2.4784	1.9922	0.3448	2.0115		1.5852	0.5618	0.1401	1.3461	1.183	1.2201	1.3917	0.2163	1.573	1.2063	0.2298	1.276		
		2.213	0.8106	1.4461	1.8933	1.6782	1.8172	1.2372	0.3296	0.3796	1.1278	1.5161	2.003		1.2619	0.5208	0.7993	1.2708	1.1216	1.1975	0.6358	0.2138	0.2522	0.6019	0.6862	1.0172		
		1.4642	2.0572	1.0257	1.4225	1.5986	0.8563	0.995	1.4594	1.1056	1.3179	1.0735	1.2616		0.6125	1.4494	0.6919	0.6995	1.0159	0.5596	0.5517	0.8076	0.6361	0.7353	0.6334	0.7034		
		0.3335	1.5173	1.1719	1.215	0.9825	1.3235	0.3653	0.2219	1.5093	0.2066	0.2281	0.2513		0.2199	1.0811	0.6958	0.8635	0.6855	0.7091	0.193	0.127	0.8261	0.144	0.1512	0.1606		
		
~End
Copyright © 2003 Molecular Devices. All rights reserved.
