##BLOCKS= 1          
Plate:	Plate#1	1.3	PlateFormat	Endpoint	Absorbance	Raw	FALSE	1						2	490 750	1	12	96	1	8	None	
	Temperature(¡C)	1	2	3	4	5	6	7	8	9	10	11	12		1	2	3	4	5	6	7	8	9	10	11	12		
	23.00	0.2253	0.9054	0.2681	0.8169	0.2818	0.5468	0.2514	0.3783	1.344	0.3004	2.9158	1.4354		0.154	0.7251	0.2049	0.6016	0.2147	0.464	0.1825	0.2736	1.1642	0.2423	0.8165	1.0761		
		0.643	0.1912	1.5003	0.803	0.8618	0.2469	0.6598	0.5187	1.2861	0.2515	1.0383	1.8657		0.5341	0.1457	1.1118	0.6688	0.6825	0.183	0.5381	0.4099	0.9841	0.1934	0.8697	1.453		
		0.3923	0.1374	0.3839	0.4787	1.2061	0.7963	0.6948	0.3161	0.2718	0.7422	1.5106	1.1315		0.2926	0.1055	0.2689	0.3405	0.8832	0.6229	0.5021	0.2467	0.2062	0.6055	1.2477	0.8403		
		0.6938	1.0574	1.4051	1.46	0.3099	0.471	0.3784	1.0893	1.1152	0.2795	1.5476	0.5944		0.5685	0.8583	1.1525	1.1937	0.2271	0.3634	0.2881	0.8228	0.8952	0.2117	1.2405	0.4905		
		0.4082	0.5077	0.3315	0.6905	0.5033	0.916	1.8709	0.2008	1.5565	1.7644	0.2374	1.4904		0.2323	0.3274	0.2453	0.557	0.3944	0.7378	1.4703	0.1571	1.2212	1.3523	0.1769	1.1849		
		0.705	0.5024	0.3992	0.9863	0.2738	0.4888	0.3252	0.2896	0.2018	0.4616	0.3717	2.1703		0.5516	0.3665	0.279	0.6685	0.2084	0.3177	0.2117	0.233	0.1505	0.3039	0.2738	1.0187		
		0.4084	0.3468	0.4003	0.3444	0.2665	0.4866	0.2794	0.7171	0.3006	0.3761	0.2527	0.4972		0.301	0.2972	0.3405	0.2517	0.1965	0.3857	0.2035	0.5067	0.2072	0.276	0.1839	0.321		
		0.294	0.3339	0.3018	0.3247	0.2678	0.4393	0.2596	0.3191	0.4494	0.2264	0.2078	0.2682		0.2241	0.2452	0.2122	0.2462	0.2044	0.3047	0.1832	0.2165	0.3207	0.1718	0.1573	0.2047		
		
~End
Copyright © 2003 Molecular Devices. All rights reserved.
