##BLOCKS= 1          
Plate:	Plate#1	1.3	PlateFormat	Endpoint	Absorbance	Raw	FALSE	1						2	490 750	1	12	96	1	8	None	
	Temperature(¡C)	1	2	3	4	5	6	7	8	9	10	11	12		1	2	3	4	5	6	7	8	9	10	11	12		
	23.00	0.3275	0.9649	0.2829	0.7383	0.2455	0.5902	0.2933	0.2628	0.9297	0.4001	2.9111	1.4268		0.2246	0.7765	0.212	0.5266	0.1835	0.4954	0.2252	0.1828	0.7753	0.3244	1.1828	1.1081		
		0.4934	0.2367	1.5319	0.8112	0.6971	0.2309	0.8907	0.8569	1.3788	0.305	1.2698	1.6206		0.416	0.1824	1.1787	0.678	0.5478	0.1647	0.709	0.6947	1.0631	0.2363	1.0537	1.2564		
		0.3589	0.1693	0.6564	0.9076	1.3317	0.6897	0.4844	0.3619	0.2658	1.1025	1.1308	1.5697		0.2755	0.1391	0.4695	0.6903	1.0495	0.5373	0.3323	0.2756	0.1981	0.9285	0.9257	1.231		
		0.6573	1.3518	1.7469	1.6417	0.3122	0.4604	0.5997	1.2295	1.7316	0.2496	1.4562	0.881		0.5494	1.1224	1.4273	1.4034	0.2385	0.3566	0.4532	0.9458	1.452	0.1922	1.1321	0.7402		
		0.4031	0.6068	0.2708	0.6858	0.5146	1.4087	1.5152	0.2208	1.3505	1.7243	0.24	1.1208		0.3138	0.3956	0.2086	0.5661	0.4091	1.167	1.1677	0.163	1.0832	1.3218	0.1718	0.8312		
		0.6459	0.7976	0.4044	0.6758	0.6851	0.4816	0.3149	0.4545	0.3171	0.4621	0.32	1.6356		0.478	0.5747	0.2814	0.4597	0.5525	0.3022	0.2013	0.3659	0.2427	0.3389	0.2263	0.6888		
		0.2712	0.5615	0.3557	0.4833	1.2419	0.3974	0.3185	0.5632	0.3218	0.3244	0.2389	0.3953		0.2035	0.4792	0.2951	0.3554	0.9661	0.3111	0.226	0.3919	0.22	0.2373	0.1772	0.2716		
		0.3188	0.4165	0.3677	0.3035	0.2975	0.3847	0.2591	0.218	0.464	0.276	0.2365	0.2138		0.2331	0.3123	0.2535	0.2216	0.2306	0.2627	0.18	0.1535	0.3226	0.1983	0.1713	0.1576		
		
~End
Copyright © 2003 Molecular Devices. All rights reserved.
