##BLOCKS= 1          
Plate:	Plate#1	1.3	PlateFormat	Endpoint	Absorbance	Raw	FALSE	1						2	490 750	1	12	96	1	8	None	
	Temperature(¡C)	1	2	3	4	5	6	7	8	9	10	11	12		1	2	3	4	5	6	7	8	9	10	11	12		
	23.00	0.304	0.8612	0.3286	0.7439	0.2289	0.927	0.3119	0.3458	1.1252	0.3882	2.8883	1.5203		0.2343	0.6768	0.2534	0.5466	0.1748	0.7869	0.2406	0.2438	0.9647	0.3133	1.1822	1.1464		
		0.6386	0.3013	1.1672	0.7271	0.4795	0.2048	0.7268	0.6161	1.187	0.3251	1.028	1.8832		0.4955	0.2278	0.8924	0.5933	0.3829	0.1518	0.592	0.4949	0.9269	0.2499	0.8667	1.463		
		0.2787	0.1905	0.5404	0.3594	1.088	0.6012	0.6922	0.2543	0.2533	1.36	1.6164	1.7397		0.1945	0.1476	0.3802	0.2529	0.8293	0.4586	0.4945	0.1971	0.1942	1.1856	1.3721	1.377		
		0.5745	0.9273	1.8395	1.1636	0.3046	0.4505	0.5387	1.2004	1.2304	0.2752	1.3585	0.7851		0.5048	0.7827	1.5192	0.9688	0.2306	0.3446	0.4226	0.9276	1.0136	0.2145	1.0614	0.6589		
		0.4606	0.5462	0.2307	0.6084	0.4125	1.308	1.4788	0.2506	1.7446	1.3941	0.2014	1.5318		0.2839	0.3511	0.1695	0.4854	0.3212	1.1112	1.1635	0.191	1.3349	1.0797	0.1494	1.1187		
		0.8308	0.5007	0.5285	1.0841	0.4112	0.4243	0.2829	0.4033	0.3005	0.3409	0.4181	1.9153		0.5942	0.3533	0.3807	0.7449	0.327	0.2686	0.1805	0.3233	0.2276	0.2349	0.3028	1.0005		
		0.3002	0.5947	0.2644	0.6486	0.2268	0.2923	0.3796	0.6076	0.2399	0.3269	0.3164	0.2991		0.252	0.5121	0.2163	0.4884	0.153	0.2259	0.271	0.4076	0.1709	0.2347	0.2299	0.2022		
		0.3411	0.8071	0.3447	0.2545	0.2982	0.277	0.2666	0.269	0.5493	0.2812	0.1905	0.2903		0.2423	0.6205	0.2398	0.1901	0.2299	0.1909	0.1852	0.1859	0.4045	0.202	0.1415	0.2184		
		
~End
Copyright © 2003 Molecular Devices. All rights reserved.
