##BLOCKS= 1          
Plate:	Plate#1	1.3	PlateFormat	Endpoint	Absorbance	Raw	FALSE	1						2	490 750	1	12	96	1	8	None	
	Temperature(¡C)	1	2	3	4	5	6	7	8	9	10	11	12		1	2	3	4	5	6	7	8	9	10	11	12		
	23.40	0.3573	1.9752	0.8252	1.645	0.3968	0.9388	0.7143	1.0869	1.4285	1.31	1.671	2.6538		0.1754	1.0405	0.3667	0.9819	0.2118	0.5349	0.2952	0.6788	0.9512	0.922	0.7132	1.6881		
		0.593	1.1775	2.0699	0.8375	2.1739	0.4985	2.1038	1.3233	2.1395	1.0167	0.1843	2.0986		0.4904	0.873	1.3036	0.468	1.4934	0.2559	1.2778	0.8824	1.4263	0.6398	0.1286	1.3758		
		0.5777	0.1468	1.5613	0.8282	1.4883	1.6187	1.6835	1.7146	1.5576	1.4015	1.7327	2.7053		0.3939	0.1107	0.9363	0.549	0.8743	0.9881	0.7921	1.2573	1.1036	0.9331	1.2958	1.8079		
		2.216	1.6726	2.233	2.3425	0.5399	1.3298	0.6605	2.19	2.0825	0.5218	2.4108	1.8215		1.4861	1.1873	1.5527	1.6123	0.3321	0.8937	0.3657	1.3847	1.3641	0.3169	1.6463	1.2855		
		0.5927	0.6331	0.5107	2.1846	1.1755	1.7762	1.7825	0.3085	2.081	2.0317	0.4278	1.9751		0.3643	0.1715	0.2546	1.4895	0.7856	1.1831	1.1075	0.1856	1.3945	1.3543	0.2426	1.3773		
		1.0312	1.1812	1.8916	1.8231	0.248	0.8235	0.6996	0.5131	0.4081	1.5173	1.3148	2.7806		0.7311	0.6367	0.786	1.0649	0.1749	0.4657	0.3782	0.345	0.2541	0.6496	0.5256	1.1078		
		1.9172	0.6771	0.4987	1.8757	0.164	0.7902	0.7489	1.6587	0.462	1.2744	2.1004	1.955		1.0127	0.4716	0.3419	0.8672	0.1261	0.5201	0.4678	1.0065	0.2448	0.6251	0.9102	0.9896		
		1.0782	1.2159	0.9031	0.9033	0.6759	0.4027	0.6116	0.2895	0.419	0.4543	0.4543	0.4536		0.5076	0.7496	0.5498	0.5735	0.4626	0.2535	0.3464	0.178	0.2324	0.2396	0.2462	0.2282		
		
~End
Copyright © 2003 Molecular Devices. All rights reserved.
