##BLOCKS= 1          
Plate:	Plate#1	1.3	PlateFormat	Endpoint	Absorbance	Raw	FALSE	1						2	490 750	1	12	96	1	8	None	
	Temperature(¡C)	1	2	3	4	5	6	7	8	9	10	11	12		1	2	3	4	5	6	7	8	9	10	11	12		
	23.50	0.4862	1.898	0.7805	2.1292	0.6219	0.9855	0.9813	0.7926	1.5076	1.4746	1.1804	2.0534		0.3106	0.939	0.3887	1.2678	0.2713	0.5428	0.4558	0.4444	0.9995	1.0074	0.3274	1.351		
		0.7254	1.2752	1.7983	0.6666	1.7519	0.4074	1.8478	1.3418	2.0506	0.3833	0.1511	1.9644		0.5589	0.9458	1.156	0.3995	1.1952	0.2116	1.1608	0.8857	1.3164	0.2503	0.1079	1.3031		
		0.4426	0.1513	0.6008	0.768	1.168	1.2449	1.6899	1.8165	1.8592	2.0365	1.7244	2.3797		0.2642	0.1126	0.3751	0.5103	0.7508	0.8399	0.7324	1.2543	1.2544	1.3625	1.2557	1.6701		
		1.7618	2.0597	2.2795	2.429	0.6911	1.6043	0.6313	2.1003	2.6676	1.1005	2.5961	1.904		1.2795	1.4627	1.5415	1.7389	0.3921	1.1049	0.3666	1.2967	1.7837	0.6187	1.7454	1.3367		
		0.5382	1.0234	0.3965	2.0677	0.6041	1.7236	1.984	0.5091	2.5087	2.1065	0.7511	1.7365		0.2951	0.296	0.2146	1.4285	0.3864	1.1667	1.2779	0.2605	1.6234	1.3795	0.3767	1.1568		
		0.8581	1.6283	1.989	1.3343	0.2592	1.0672	0.9528	0.4054	0.4814	1.5628	0.8824	2.0885		0.6261	0.7599	0.8546	0.8326	0.1831	0.6431	0.4767	0.2805	0.2737	0.671	0.4134	0.8711		
		1.487	0.6808	0.529	2.0627	0.159	1.1276	0.5135	1.8931	0.424	1.0386	1.3989	1.4943		0.7415	0.477	0.3527	0.9398	0.121	0.7606	0.3275	1.1518	0.2413	0.514	0.6854	0.721		
		0.6854	1.4935	0.5685	0.7119	0.6058	0.5752	0.3561	0.2344	0.4126	0.2386	0.4776	0.3775		0.427	0.9297	0.3019	0.4644	0.4044	0.3168	0.2185	0.1495	0.2104	0.1527	0.2212	0.1992		
		
~End
Copyright © 2003 Molecular Devices. All rights reserved.
