##BLOCKS= 1          
Plate:	Plate#1	1.3	PlateFormat	Endpoint	Absorbance	Raw	FALSE	1						2	490 750	1	12	96	1	8	None	
	Temperature(¡C)	1	2	3	4	5	6	7	8	9	10	11	12		1	2	3	4	5	6	7	8	9	10	11	12		
	23.20	0.5445	2.0827	0.65	1.0982	0.4887	0.9017	2.4621	1.1821	1.4141	0.7355	1.5323	2.8501		0.2181	1.1124	0.2731	0.6216	0.2557	0.4554	1.3249	0.5495	0.84	0.4559	0.5563	1.4493		
		0.6164	0.4035	2.5503	1.565	2.8464	0.7844	0.8382	2.0259	2.1258	0.9915	0.2157	2.648		0.4915	0.2362	1.463	0.8436	1.4771	0.3863	0.5386	1.1543	1.0344	0.5496	0.1184	1.346		
		0.5943	0.1451	2.4472	1.2389	2.1986	2.538	2.6656	0.7825	1.032	1.0143	2.6632	2.7717		0.321	0.1112	0.9782	0.7205	1.1308	1.3199	1.1163	0.4147	0.5422	0.5383	1.4461	1.4322		
		1.6751	2.4744	2.7543	2.7596	0.688	1.4152	0.5948	2.7182	2.6288	0.8435	2.7833	2.6085		1.0289	1.3302	1.4103	1.5172	0.3647	0.8662	0.2947	1.359	1.3724	0.437	1.3907	1.2221		
		0.8997	2.0529	0.7502	1.4188	0.9034	2.4624	2.8392	0.5215	3.1906	1.2663	0.6349	2.2308		0.4305	0.6478	0.3793	0.7614	0.5141	1.4753	1.4723	0.2662	1.5536	0.6673	0.2959	0.9777		
		0.9924	1.77	2.5541	1.5498	1.1258	1.3434	0.793	0.6208	0.6262	2.4339	2.5113	2.4934		0.5639	0.573	0.7809	0.7278	0.5105	0.6771	0.4071	0.2701	0.3274	0.9448	0.7848	0.9827		
		1.2474	0.5395	1.0999	2.1592	2.9286	0.5361	0.5146	1.172	0.3646	1.8531	1.125	1.0559		0.6523	0.4026	0.4818	0.7561	1.2439	0.2609	0.2534	0.5787	0.2133	0.9073	0.5189	0.4875		
		0.6309	0.7859	0.4822	1.9346	0.4505	0.6161	0.2804	0.4541	1.7259	0.3725	0.4911	0.4567		0.3158	0.3916	0.2945	0.5503	0.2224	0.3575	0.1623	0.2176	0.8404	0.2133	0.2443	0.2293		
		
~End
Copyright © 2003 Molecular Devices. All rights reserved.
