##BLOCKS= 1          
Plate:	Plate#1	1.3	PlateFormat	Endpoint	Absorbance	Raw	FALSE	1						2	490 750	1	12	96	1	8	None	
	Temperature(¡C)	1	2	3	4	5	6	7	8	9	10	11	12		1	2	3	4	5	6	7	8	9	10	11	12		
	23.20	0.5398	2.0629	0.4817	1.0109	0.4058	0.7195	2.5006	0.7989	1.6954	0.8854	1.5737	2.9767		0.2202	1.1115	0.2152	0.5668	0.2207	0.3825	1.367	0.3983	0.993	0.5588	0.5935	1.5009		
		0.6998	0.3772	2.5881	1.4268	2.917	1.014	1.1864	1.8644	2.5064	1.1398	0.2138	2.9444		0.5972	0.2223	1.5002	0.7727	1.5061	0.5057	0.7356	1.0572	1.2774	0.6618	0.1181	1.4676		
		0.6396	0.142	2.3877	0.8928	1.9296	2.5637	2.7194	1.3957	0.7604	0.8045	2.6624	2.8569		0.3513	0.1091	0.9456	0.5182	0.996	1.3252	1.1592	0.7476	0.3869	0.4169	1.4788	1.443		
		1.848	2.6568	2.688	2.6343	0.6945	1.5069	0.6365	2.7371	2.8018	0.926	2.8794	2.6351		1.1293	1.4084	1.4332	1.3816	0.3769	0.9287	0.3006	1.3735	1.5306	0.5004	1.4244	1.2455		
		0.8758	2.4021	0.5449	1.6262	1.078	2.3585	2.5967	0.6445	3.1596	1.2957	0.5652	2.1094		0.4222	0.8019	0.2954	0.8456	0.6015	1.4282	1.384	0.3321	1.6168	0.6755	0.2802	0.9295		
		1.055	1.5218	2.5733	1.4032	1.0607	1.4832	0.9875	0.5634	0.6911	2.379	2.5769	2.6199		0.6196	0.572	0.8804	0.6695	0.4776	0.7134	0.501	0.2525	0.3613	0.9812	0.7815	1.0373		
		1.3359	0.4182	1.1488	2.5105	0.8254	0.5709	0.6548	1.4333	0.5894	1.5152	1.1138	1.4022		0.676	0.2997	0.4823	0.7996	0.3873	0.2695	0.3171	0.725	0.3098	0.7657	0.5246	0.7158		
		0.5911	0.7599	0.5789	1.5897	0.5085	0.5614	0.3351	0.3591	1.4012	0.4329	0.5022	0.4595		0.2832	0.3982	0.3453	0.4499	0.2449	0.3289	0.1974	0.176	0.7136	0.2362	0.2279	0.227		
		
~End
Copyright © 2003 Molecular Devices. All rights reserved.
