##BLOCKS= 1          
Plate:	Plate#1	1.3	PlateFormat	Endpoint	Absorbance	Raw	FALSE	1						2	490 750	1	12	96	1	8	None	
	Temperature(¡C)	1	2	3	4	5	6	7	8	9	10	11	12		1	2	3	4	5	6	7	8	9	10	11	12		
	21.50	0.3807	1.9749	0.6114	1.6296	0.344	1.3185	2.4695	0.9538	2.4044	2.4152	2.0063	2.7879		0.1867	1.0155	0.316	0.9246	0.1762	0.7969	1.1493	0.5312	1.3436	1.3119	0.7223	1.4416		
		0.5503	0.3131	2.6382	2.6074	3.1627	1.2801	2.7104	1.734	3.0105	2.4957	2.016	2.597		0.447	0.1855	1.3787	1.4075	1.3589	0.7428	1.5279	0.8906	1.6043	1.2653	1.0063	1.3452		
		1.1079	0.1437	2.6987	1.9006	2.5588	2.3687	2.8615	2.4902	2.4205	1.0628	2.9704	2.8934		0.5845	0.1132	0.8935	1.0676	0.8729	1.1844	1.1361	1.5368	1.4377	0.5438	1.6234	1.6532		
		3.0452	2.7506	1.3068	2.7856	0.7704	2.5369	0.5578	3.1503	0.9189	1.0503	2.9976	2.8694		1.9031	1.4135	0.7064	1.6355	0.4112	1.5019	0.2667	1.6684	0.4043	0.4874	1.5345	1.5715		
		0.9456	0.9685	0.4721	3.1509	2.8407	2.7333	2.8706	0.5686	2.9029	0.366	0.7897	2.9368		0.3928	0.4508	0.2574	1.7011	1.6222	1.6029	1.6888	0.2732	1.6141	0.1966	0.3666	1.4408		
		2.2869	2.1172	2.2844	1.2218	1.175	1.574	1.8389	0.6163	0.9303	2.823	2.3579	2.5926		1.1922	0.7102	0.8247	0.6514	0.712	0.7525	0.8237	0.2435	0.4586	0.943	0.796	1.0669		
		1.7982	1.8116	1.2421	2.3317	0.1353	0.4014	0.723	2.5051	0.9344	3.1538	2.4027	2.7031		0.8308	1.1299	0.6526	0.7266	0.1104	0.2325	0.3805	1.2394	0.5264	1.5993	0.9085	1.1538		
		0.6917	2.3997	0.4098	1.3526	0.4287	1.6305	0.4054	0.4309	1.9372	0.3029	0.328	0.3024		0.2915	1.1513	0.237	0.5281	0.2535	0.7645	0.2361	0.1877	1.029	0.1905	0.1856	0.1805		
		
~End
Copyright © 2003 Molecular Devices. All rights reserved.
