##BLOCKS= 1          
Plate:	Plate#1	1.3	PlateFormat	Endpoint	Absorbance	Raw	FALSE	1						2	490 750	1	12	96	1	8	None	
	Temperature(¡C)	1	2	3	4	5	6	7	8	9	10	11	12		1	2	3	4	5	6	7	8	9	10	11	12		
	21.50	0.5145	1.9736	0.3858	1.7479	0.2922	1.0216	2.4029	0.8773	1.9836	2.0773	1.8911	2.5584		0.2606	0.9854	0.2015	0.9996	0.1557	0.6192	1.202	0.4968	1.1079	1.2659	0.616	1.2977		
		0.3762	0.3257	2.7225	2.6539	2.6901	1.2808	2.686	1.9955	2.415	2.3378	1.4853	2.9931		0.2991	0.2001	1.432	1.3915	1.2016	0.7312	1.5394	1.0195	1.3686	1.2124	0.7339	1.5336		
		1.162	0.1799	2.4422	1.9427	2.4116	2.2614	2.7464	2.4895	2.5947	0.8795	2.8882	2.8918		0.6406	0.1439	0.8306	1.0504	0.8999	1.0628	1.0123	1.5151	1.2741	0.4468	1.604	1.4952		
		2.5293	2.8499	1.6406	2.8786	0.7309	2.5186	0.5626	2.7899	0.9729	0.8725	3.0787	2.8588		1.4716	1.4721	0.9047	1.5998	0.4046	1.4836	0.2737	1.464	0.4566	0.4087	1.4953	1.4921		
		0.996	0.9461	0.4998	2.6126	1.8993	2.548	2.7957	0.5802	2.7405	0.4113	0.4225	2.7941		0.3835	0.4783	0.2781	1.3335	1.0799	1.4687	1.5954	0.2968	1.5343	0.2115	0.2172	1.3684		
		2.1988	1.6613	2.5776	1.3295	1.3241	1.4558	2.0821	0.6774	0.8332	2.9777	2.2369	2.4489		1.1531	0.5764	0.9371	0.7133	0.7624	0.6744	0.9243	0.2629	0.4098	1.0887	0.6918	1.0068		
		1.7913	1.7929	1.1698	2.5136	2.3447	0.3903	0.5853	2.592	0.8043	1.9237	2.2635	1.6434		0.8046	1.0002	0.623	0.7112	1.1558	0.2434	0.3195	1.2837	0.4667	0.8394	0.9302	0.7385		
		0.5702	2.2494	0.4875	1.3728	0.3942	1.8878	0.3025	0.4007	1.9933	0.3002	0.312	0.3679		0.2628	1.11	0.2676	0.5044	0.2568	0.8418	0.1822	0.1923	1.0156	0.1863	0.1831	0.2124		
		
~End
Copyright © 2003 Molecular Devices. All rights reserved.
