##BLOCKS= 1          
Plate:	Plate#1	1.3	PlateFormat	Endpoint	Absorbance	Raw	FALSE	1						2	490 750	1	12	96	1	8	None	
	Temperature(¡C)	1	2	3	4	5	6	7	8	9	10	11	12		1	2	3	4	5	6	7	8	9	10	11	12		
	21.60	0.4993	1.9535	0.3464	1.4974	0.3682	0.9482	2.7742	0.8582	3.261	2.5215	1.8431	2.7991		0.2702	1.0009	0.174	0.8447	0.1839	0.5726	1.3081	0.4683	1.728	1.4635	0.6534	1.4145		
		0.6133	0.3614	2.708	2.753	2.836	1.2955	2.9388	1.8085	2.6997	2.3356	1.2247	2.4836		0.4641	0.2126	1.3721	1.4187	1.4381	0.7628	1.6311	0.9196	1.3964	1.1688	0.5907	1.2921		
		1.064	0.134	2.5081	2.3075	2.6041	2.4172	2.6615	2.4387	2.5434	0.8527	2.85	2.8347		0.5703	0.1032	0.8721	1.1892	0.9118	1.1721	1.0108	1.5289	1.4362	0.4424	1.5951	1.6053		
		2.8824	2.555	1.7543	2.7009	0.7445	2.5179	0.5093	3.1159	1.035	1.0227	3.0652	2.3199		1.6389	1.3204	0.9193	1.4889	0.3821	1.5045	0.2565	1.6656	0.4634	0.4715	1.4942	1.2024		
		1.0795	1.1384	0.6388	2.5792	1.6823	2.8086	2.7731	0.513	2.9387	0.416	0.5726	3.0398		0.4378	0.5524	0.3515	1.4514	0.9445	1.5819	1.5523	0.269	1.6377	0.2199	0.287	1.4903		
		1.838	1.6907	2.223	1.1675	1.2359	1.3284	1.9301	0.6762	0.8879	2.7402	2.395	2.4843		1.0391	0.5804	0.7008	0.6193	0.734	0.6674	0.8609	0.2742	0.4307	0.8751	0.7506	1.0334		
		1.924	2.8113	1.2146	2.5805	0.1204	0.3679	0.6212	2.606	0.8401	2.4747	2.201	2.2456		0.8276	1.1806	0.6213	0.8125	0.0989	0.2322	0.3322	1.2598	0.4732	0.9345	0.8758	0.9791		
		0.5599	1.1958	0.4919	1.1991	0.3316	1.6021	0.3751	0.4168	1.8577	0.5838	0.343	0.3099		0.232	0.6112	0.2792	0.5248	0.2222	0.7446	0.2179	0.2027	0.9655	0.4525	0.2009	0.183		
		
~End
Copyright © 2003 Molecular Devices. All rights reserved.
