##BLOCKS= 1          
Plate:	Plate#1	1.3	PlateFormat	Endpoint	Absorbance	Raw	FALSE	1						2	490 750	1	12	96	1	8	None	
	Temperature(¡C)	1	2	3	4	5	6	7	8	9	10	11	12		1	2	3	4	5	6	7	8	9	10	11	12		
	23.40	0.1402	0.1837	0.1364	0.1854	0.1394	0.1492	0.2031	0.1547	0.1616	0.1495	0.1726	0.2859		0.1086	0.1189	0.1106	0.149	0.1145	0.119	0.1595	0.1188	0.1234	0.1177	0.125	0.2323		
		0.6694	0.2122	0.8361	0.1393	0.1995	0.1418	0.1794	0.9515	0.4486	0.1479	0.1708	0.4969		0.5193	0.1705	0.6203	0.1079	0.1602	0.11	0.1401	0.7176	0.3749	0.117	0.1182	0.4091		
		0.1774	0.1313	0.1463	0.1334	0.2732	0.21	0.2694	0.1458	0.1381	0.1809	0.1971	0.2294		0.1391	0.1032	0.1167	0.1087	0.2085	0.1623	0.2236	0.1164	0.1089	0.1453	0.1577	0.1861		
		0.157	0.536	0.1549	0.2427	0.1446	0.1524	0.1437	0.2977	0.1662	0.1464	0.1434	0.2105		0.1194	0.4291	0.1225	0.195	0.1145	0.1231	0.1159	0.2381	0.1362	0.1174	0.1124	0.1712		
		0.2017	0.2648	0.1428	0.1552	0.1692	0.1408	0.2969	0.1515	0.2789	0.15	0.1558	0.2011		0.1274	0.2085	0.1133	0.1216	0.1346	0.1133	0.239	0.1235	0.2172	0.1188	0.1236	0.1522		
		0.2076	0.1372	0.195	0.2809	0.1935	0.1682	0.1615	0.1826	0.1493	0.1366	0.1382	0.1884		0.1812	0.1138	0.1562	0.2097	0.1572	0.1355	0.119	0.1422	0.119	0.1079	0.1089	0.1514		
		0.149	0.3356	0.2398	0.1987	0.1379	0.303	0.1555	0.1373	0.1439	0.1537	0.1412	0.4321		0.1238	0.2943	0.1981	0.1664	0.1142	0.249	0.1247	0.1049	0.1129	0.123	0.109	0.3814		
		0.1444	0.1451	0.2606	0.1765	0.1913	0.1526	0.1329	0.1468	0.1527	0.1511	0.1508	0.1311		0.1196	0.1105	0.2264	0.1437	0.1566	0.1192	0.1052	0.1156	0.1175	0.1187	0.1209	0.1002		
		
~End
Copyright © 2003 Molecular Devices. All rights reserved.
