##BLOCKS= 1          
Plate:	Plate#1	1.3	PlateFormat	Endpoint	Absorbance	Raw	FALSE	1						2	490 750	1	12	96	1	8	None	
	Temperature(¡C)	1	2	3	4	5	6	7	8	9	10	11	12		1	2	3	4	5	6	7	8	9	10	11	12		
	23.40	0.3199	0.1801	0.1504	0.1926	0.1343	0.1312	0.1851	0.1441	0.1706	0.1539	0.1835	0.4272		0.2333	0.1162	0.1234	0.1547	0.1087	0.1035	0.1462	0.1091	0.1313	0.1239	0.1382	0.3545		
		0.4947	0.1863	0.6756	0.1506	0.2522	0.1507	0.2473	1.0915	0.5256	0.1611	0.1734	0.438		0.415	0.1512	0.504	0.1164	0.2049	0.1168	0.2022	0.8105	0.4382	0.1283	0.1226	0.3565		
		0.1842	0.1386	0.1654	0.144	0.2417	0.228	0.2488	0.1436	0.1457	0.1584	0.1993	0.2474		0.1308	0.1067	0.1296	0.1151	0.1821	0.1805	0.2012	0.1133	0.1148	0.1252	0.1574	0.1976		
		0.1572	0.2743	0.1776	0.2452	0.1478	0.1514	0.1514	0.2598	0.1537	0.1416	0.164	0.2021		0.1231	0.2179	0.1372	0.1914	0.1176	0.1224	0.1209	0.2049	0.1248	0.112	0.1316	0.161		
		0.2375	0.3108	0.1408	0.1421	0.1614	0.1567	0.2317	0.13	0.325	0.1618	0.1684	0.2343		0.1471	0.2451	0.1108	0.1105	0.1262	0.1249	0.1825	0.1046	0.2562	0.1291	0.1321	0.177		
		0.2212	0.1411	0.1912	0.286	0.1772	0.1729	0.1716	0.1982	0.1463	0.1428	0.1601	0.1903		0.1804	0.1192	0.1542	0.2192	0.1448	0.1369	0.1285	0.1557	0.1176	0.1138	0.1276	0.1507		
		0.1287	0.344	0.2157	0.1302	0.1361	0.3583	0.1613	0.1694	0.1388	0.1583	0.1443	0.1759		0.1078	0.2965	0.1761	0.1063	0.1125	0.3004	0.1277	0.1322	0.106	0.1243	0.1122	0.1397		
		0.146	0.144	0.1496	0.1811	0.2065	0.1427	0.1379	0.1364	0.1494	0.1474	0.1298	0.1491		0.1187	0.1112	0.119	0.1475	0.1696	0.1127	0.109	0.1079	0.1151	0.1171	0.1038	0.115		
		
~End
Copyright © 2003 Molecular Devices. All rights reserved.
