##BLOCKS= 1          
Plate:	Plate#1	1.3	PlateFormat	Endpoint	Absorbance	Raw	FALSE	1						2	490 750	1	12	96	1	8	None	
	Temperature(¡C)	1	2	3	4	5	6	7	8	9	10	11	12		1	2	3	4	5	6	7	8	9	10	11	12		
	23.00	0.3527	1.662	0.5165	0.7367	0.2846	0.406	0.9119	0.26	0.8788	0.6864	2.4772	2.1809		0.1748	0.8685	0.2571	0.4021	0.1573	0.2168	0.3127	0.1727	0.6148	0.3979	0.8657	1.3318		
		0.5959	0.2346	1.4158	1.2391	1.4552	0.4184	1.0566	0.7895	1.9814	0.3947	0.5643	2.2943		0.4879	0.1682	1.031	0.7243	0.8845	0.1921	0.7161	0.6179	1.3667	0.229	0.3466	1.5788		
		0.4435	0.1417	0.9091	0.5488	1.2785	1.1298	0.9589	0.5122	0.3608	1.1422	1.3216	1.6663		0.2474	0.1083	0.5745	0.2529	0.7651	0.6712	0.5403	0.3429	0.1918	0.8932	0.954	1.1677		
		1.3559	2.0772	1.6371	1.3318	0.4756	0.4556	0.4969	1.9802	1.2469	0.59	1.7143	1.2366		1.0875	1.3164	0.9752	0.7455	0.2267	0.2347	0.2628	1.2022	0.7741	0.2678	1.091	0.8203		
		0.3803	0.9751	0.7201	1.0182	0.3827	0.7378	2.1148	0.3975	1.787	1.3065	0.9942	1.7749		0.2577	0.3727	0.3547	0.6235	0.1929	0.4617	1.3734	0.2188	1.1401	0.851	0.5334	1.2004		
		0.6017	0.5515	0.7189	0.9368	0.2794	0.3714	0.4215	0.4374	0.3931	0.8086	0.5547	1.2919		0.4994	0.4476	0.4691	0.753	0.2201	0.2386	0.2233	0.3561	0.2211	0.4897	0.2674	0.6313		
		0.3844	0.2972	0.27	0.6918	0.5996	0.5808	0.7678	0.5465	0.4211	0.6381	1.3182	1.65		0.2848	0.2671	0.2154	0.4019	0.4705	0.4287	0.4678	0.2572	0.2089	0.2914	0.6968	0.8392		
		0.5326	0.4771	0.4897	0.494	0.3441	0.3705	0.52	0.4103	0.4479	0.4043	0.8364	0.4199		0.2813	0.2632	0.2345	0.3655	0.263	0.1815	0.2267	0.279	0.2216	0.2073	0.4105	0.2254		
		
~End
Copyright © 2003 Molecular Devices. All rights reserved.
