##BLOCKS= 1          
Plate:	Plate#1	1.3	PlateFormat	Endpoint	Absorbance	Raw	FALSE	1						2	490 750	1	12	96	1	8	None	
	Temperature(¡C)	1	2	3	4	5	6	7	8	9	10	11	12		1	2	3	4	5	6	7	8	9	10	11	12		
	23.00	0.6025	1.8681	0.3755	0.5846	0.5257	0.5418	0.8876	0.2675	0.9289	0.8572	1.7288	1.761		0.272	0.9458	0.1891	0.3233	0.2358	0.2554	0.2902	0.184	0.6488	0.447	0.4017	1.1414		
		0.5329	0.265	1.3564	0.6777	1.2634	0.4984	0.8901	0.8712	2.0679	0.3378	0.5375	1.7735		0.4281	0.1877	0.8943	0.4006	0.796	0.2219	0.5132	0.7021	1.3634	0.1919	0.2778	1.0786		
		0.5472	0.1316	0.5135	0.2464	1.1331	1.3965	0.6749	0.6796	0.6706	1.0534	1.042	1.7064		0.2236	0.103	0.3286	0.1346	0.6857	0.7401	0.3552	0.4335	0.3261	0.6787	0.5626	1.2924		
		1.2054	1.8528	1.6119	1.8405	0.5876	0.4532	0.4755	1.7425	1.5244	0.5585	2.0653	0.8228		0.7676	1.2571	1.026	1.0803	0.2365	0.2383	0.2404	1.1736	1.017	0.2565	1.2146	0.4434		
		0.4439	0.9353	0.4913	1.1388	0.624	0.9581	1.8389	0.5794	1.7561	1.5436	0.6361	1.5991		0.2615	0.3848	0.2218	0.7552	0.2792	0.6099	1.2061	0.2981	1.2773	1.0769	0.3066	1.1684		
		0.693	0.5008	0.6308	0.8403	0.2194	0.4283	0.7057	0.2345	0.6926	0.6099	0.5694	1.6114		0.6347	0.4015	0.3767	0.7047	0.1788	0.2651	0.3381	0.1869	0.387	0.3614	0.2732	0.8735		
		0.3207	0.4604	0.458	1.1189	0.3874	0.5798	0.9223	1.1993	0.6855	0.88	0.589	1.6357		0.1608	0.398	0.3732	0.6514	0.2751	0.428	0.4836	0.609	0.3041	0.4684	0.2858	0.8528		
		0.6288	0.5637	0.3096	0.5135	0.6164	0.3562	0.8799	0.4493	0.5805	0.4951	0.335	0.3334		0.268	0.2943	0.1634	0.345	0.4769	0.1768	0.4038	0.2959	0.2936	0.2453	0.1587	0.1658		
		
~End
Copyright © 2003 Molecular Devices. All rights reserved.
