##BLOCKS= 1          
Plate:	Plate#1	1.3	PlateFormat	Endpoint	Absorbance	Raw	FALSE	1						2	490 750	1	12	96	1	8	None	
	Temperature(¡C)	1	2	3	4	5	6	7	8	9	10	11	12		1	2	3	4	5	6	7	8	9	10	11	12		
	21.90	0.1927	1.0957	0.1942	1.8185	0.2337	2.147	0.696	0.54	1.6823	1.084	0.8626	1.5106		0.1473	0.7523	0.157	1.2131	0.1907	1.8152	0.5542	0.415	1.3249	0.8887	0.6596	1.2554		
		0.5653	0.2064	1.3371	0.8562	1.5152	0.3026	0.7241	1.2444	1.5807	1.3308	0.2371	1.4387		0.4489	0.1668	1.0312	0.6957	1.2267	0.2345	0.6043	0.992	1.3328	1.0055	0.1734	1.1578		
		0.2405	0.1836	1.2827	1.4358	0.3883	0.8937	1.537	0.9117	1.4078	1.5296	1.7544	2.3077		0.1506	0.1358	1.0045	1.0952	0.3023	0.7427	1.1077	0.7457	1.1921	1.2138	1.3913	1.8878		
		1.6867	2.2701	2.315	2.5036	0.4683	0.6597	0.2489	1.6833	1.5989	0.3617	2.374	1.844		1.4337	1.9328	1.8795	2.0538	0.3923	0.5364	0.2033	1.3925	1.2716	0.2875	1.9237	1.385		
		1.121	0.8324	0.2247	1.9977	0.4223	1.7075	1.7121	0.192	2.1686	1.6045	0.8614	1.97		0.7736	0.6341	0.1759	1.6641	0.3564	1.3881	1.3671	0.1544	1.7258	1.2937	0.6865	1.5733		
		0.7736	1.2012	0.7914	1.3994	1.6542	1.0525	0.9259	0.3936	0.8301	0.3894	0.544	1.4738		0.5937	0.8726	0.6083	0.7085	1.1138	0.5365	0.6747	0.3003	0.6258	0.3083	0.4218	1.0638		
		1.3595	0.6245	0.8573	1.3413	0.3903	0.2793	0.3688	0.5411	0.2158	0.2872	0.3317	0.7384		0.97	0.5125	0.6677	0.9029	0.3167	0.2166	0.2807	0.4049	0.1615	0.2113	0.2561	0.4953		
		0.2146	0.3985	0.2853	0.5671	0.214	0.2495	0.1924	0.2844	0.2352	0.2025	0.2265	0.23		0.1664	0.3004	0.2117	0.4194	0.1665	0.1869	0.1443	0.1885	0.1723	0.1532	0.1696	0.1733		
		
~End
Copyright © 2003 Molecular Devices. All rights reserved.
