##BLOCKS= 1          
Plate:	Plate#1	1.3	PlateFormat	Endpoint	Absorbance	Raw	FALSE	1						2	490 750	1	12	96	1	8	None	
	Temperature(¡C)	1	2	3	4	5	6	7	8	9	10	11	12		1	2	3	4	5	6	7	8	9	10	11	12		
	22.20	0.2341	1.2913	0.1911	1.5915	0.2144	1.8123	0.8668	0.6435	1.6262	1.3034	0.9764	2.2151		0.1834	0.8946	0.1535	1.0539	0.1772	1.5465	0.7071	0.5034	1.3063	1.0678	0.7477	1.8347		
		0.4357	0.2258	1.6231	1.139	2.0019	0.4034	0.5417	1.951	1.672	1.3526	0.2094	2.1821		0.3835	0.1876	1.2305	0.9414	1.6751	0.3142	0.4333	1.5768	1.3858	1.0614	0.1593	1.7896		
		0.2388	0.1716	1.2735	1.6562	0.3795	1.221	1.7193	1.3077	0.9283	1.9262	1.6158	2.0673		0.1616	0.129	1.009	1.2996	0.2919	1.0339	1.2071	1.0714	0.7734	1.5621	1.2875	1.6723		
		1.7593	1.6856	2.4385	2.1067	0.5825	0.6423	0.3151	1.9034	1.6679	0.3717	1.8964	1.4175		1.4292	1.3244	1.9246	1.662	0.4894	0.5279	0.2563	1.5419	1.3383	0.2967	1.5321	1.0486		
		1.1444	1.1164	0.2371	1.5221	0.355	2.1665	2.0949	0.261	1.6708	1.7801	1.1203	1.9145		0.7965	0.9051	0.1875	1.2695	0.296	1.7817	1.6497	0.2098	1.3136	1.4216	0.8183	1.5122		
		0.3676	1.1688	0.9593	1.0586	1.3084	1.5963	1.0436	0.4616	0.8995	0.487	0.8304	1.2822		0.2925	0.8688	0.7361	0.5726	0.8713	0.8544	0.7799	0.3475	0.6474	0.3768	0.6355	0.9472		
		0.8648	0.6392	0.7415	1.6798	0.4082	0.2184	0.3005	0.8785	0.2091	0.2431	0.5272	1.2941		0.6634	0.538	0.5654	1.111	0.342	0.1698	0.2306	0.6741	0.1612	0.1859	0.3995	0.8346		
		0.1799	0.448	0.3105	0.4477	0.2768	0.2358	0.2697	0.2915	0.2109	0.1925	0.1879	0.1678		0.1462	0.3355	0.2295	0.3354	0.2177	0.1806	0.2069	0.2017	0.1646	0.1516	0.1506	0.1292		
		
~End
Copyright © 2003 Molecular Devices. All rights reserved.
