##BLOCKS= 1          
Plate:	Plate#1	1.3	PlateFormat	Endpoint	Absorbance	Raw	FALSE	1						2	490 750	1	12	96	1	8	None	
	Temperature(¡C)	1	2	3	4	5	6	7	8	9	10	11	12		1	2	3	4	5	6	7	8	9	10	11	12		
	23.00	0.1566	0.2421	0.1637	0.2583	0.1443	0.1442	0.3147	0.1855	0.2449	0.1544	0.1654	0.508		0.1137	0.1639	0.1316	0.2059	0.1173	0.1154	0.2474	0.1389	0.1885	0.1269	0.1227	0.4168		
		0.6152	0.1842	1.1385	0.1414	0.1824	0.1482	0.2859	1.0203	0.6048	0.181	0.173	0.6251		0.513	0.1454	0.8778	0.1094	0.1433	0.1121	0.2251	0.7667	0.5011	0.142	0.1151	0.519		
		0.1591	0.1475	0.1792	0.1398	0.4042	0.2587	0.3563	0.1784	0.1624	0.1777	0.2536	0.5201		0.1184	0.1148	0.1376	0.1132	0.3053	0.1953	0.2788	0.1421	0.1277	0.141	0.1968	0.4137		
		0.1456	0.5778	0.3988	0.1595	0.1761	0.1559	0.1731	0.3979	0.1793	0.133	0.1704	0.2547		0.1108	0.4752	0.31	0.1244	0.1377	0.1225	0.1354	0.3195	0.1399	0.104	0.1357	0.2076		
		0.2844	0.3738	0.1647	0.1568	0.1628	0.1602	0.9323	0.148	0.5025	0.1566	0.1454	0.314		0.1747	0.2927	0.1296	0.1228	0.1208	0.1265	0.7033	0.1196	0.4002	0.1258	0.1168	0.2365		
		0.3336	0.2071	0.3163	0.5079	0.2258	0.2525	0.1702	0.2491	0.1474	0.1692	0.2197	0.3219		0.2497	0.172	0.2539	0.3575	0.1841	0.1984	0.1236	0.1972	0.1177	0.1348	0.1732	0.2471		
		0.1607	0.3479	0.3074	0.214	0.1327	0.4202	0.1705	0.1746	0.14	0.1469	0.2028	0.1765		0.1255	0.3041	0.2236	0.173	0.1099	0.3413	0.1375	0.1366	0.1103	0.118	0.1569	0.1373		
		0.1463	0.1661	0.1936	0.1939	0.4274	0.1529	0.1533	0.1479	0.1445	0.1409	0.1669	0.1526		0.1182	0.1253	0.1565	0.1546	0.3335	0.1202	0.1212	0.1161	0.1109	0.1081	0.1323	0.115		
		
~End
Copyright © 2003 Molecular Devices. All rights reserved.
