##BLOCKS= 1          
Plate:	Plate#1	1.3	PlateFormat	Endpoint	Absorbance	Raw	FALSE	1						2	490 750	1	12	96	1	8	None	
	Temperature(¡C)	1	2	3	4	5	6	7	8	9	10	11	12		1	2	3	4	5	6	7	8	9	10	11	12		
	23.10	0.143	0.2126	0.1377	0.1408	0.1467	0.1487	0.1508	0.1536	0.1594	0.1395	0.1441	0.1343		0.113	0.1008	0.1147	0.1158	0.1209	0.1219	0.1162	0.1148	0.1214	0.1153	0.114	0.1081		
		0.4386	0.1473	0.312	0.1428	0.1401	0.1615	0.1526	0.1448	0.1466	0.1456	0.1673	0.139		0.3779	0.1176	0.2007	0.1151	0.1137	0.1298	0.1229	0.1198	0.1171	0.1169	0.1261	0.1139		
		0.1415	0.149	0.1514	0.1384	0.1745	0.1465	0.1534	0.1366	0.1519	0.1495	0.1459	0.1454		0.11	0.1236	0.1245	0.1178	0.1281	0.1168	0.1248	0.1103	0.1211	0.1192	0.1194	0.1214		
		0.1624	0.1423	0.1395	0.1422	0.1563	0.1448	0.1549	0.1607	0.1473	0.1481	0.1471	0.1408		0.1301	0.1181	0.1162	0.1175	0.126	0.1165	0.1253	0.1257	0.1217	0.1164	0.1227	0.1165		
		0.2056	0.1423	0.1589	0.1449	0.1461	0.1542	0.1507	0.1426	0.1555	0.1433	0.1538	0.1651		0.119	0.1179	0.1288	0.1173	0.1182	0.1257	0.1215	0.1169	0.1227	0.1152	0.1256	0.1176		
		0.1512	0.1482	0.1521	0.1548	0.148	0.151	0.1693	0.1513	0.1548	0.1477	0.147	0.1488		0.1219	0.1228	0.122	0.1282	0.1216	0.1229	0.1276	0.1198	0.1269	0.1194	0.1193	0.1182		
		0.1399	0.2611	0.1422	0.1476	0.1404	0.1472	0.1506	0.1703	0.1489	0.1481	0.1466	0.1829		0.1103	0.2276	0.1144	0.1217	0.1183	0.121	0.1217	0.1288	0.1215	0.1202	0.1145	0.142		
		0.1539	0.2008	0.8704	0.1517	0.1412	0.1436	0.1441	0.1476	0.1575	0.1446	0.1436	0.1414		0.1264	0.1428	0.865	0.1252	0.1162	0.1145	0.1154	0.1127	0.1231	0.113	0.1159	0.1099		
		
~End
Copyright © 2003 Molecular Devices. All rights reserved.
