##BLOCKS= 1          
Plate:	Plate#1	1.3	PlateFormat	Endpoint	Absorbance	Raw	FALSE	1						2	490 750	1	12	96	1	8	None	
	Temperature(¡C)	1	2	3	4	5	6	7	8	9	10	11	12		1	2	3	4	5	6	7	8	9	10	11	12		
	23.10	0.1475	0.2482	0.146	0.1509	0.1489	0.1436	0.1488	0.1666	0.1598	0.1406	0.1526	0.1438		0.1122	0.1066	0.1191	0.1235	0.12	0.1174	0.1161	0.1263	0.1216	0.1161	0.1206	0.117		
		0.5811	0.1378	0.2653	0.1552	0.1545	0.1432	0.1485	0.1385	0.1528	0.1517	0.1689	0.1485		0.4438	0.1111	0.18	0.1239	0.1246	0.1142	0.117	0.1149	0.1219	0.1207	0.1209	0.1192		
		0.1452	0.1369	0.1511	0.1384	0.1885	0.167	0.1628	0.1513	0.1445	0.1611	0.1534	0.1541		0.121	0.111	0.1226	0.1181	0.131	0.1358	0.1354	0.1199	0.1157	0.1313	0.1246	0.1285		
		0.14	0.1375	0.1406	0.1509	0.1518	0.1473	0.1548	0.1627	0.1445	0.145	0.1493	0.1653		0.1164	0.1115	0.1187	0.121	0.1227	0.1211	0.1233	0.1225	0.1174	0.1169	0.1178	0.1324		
		0.1958	0.1363	0.1522	0.149	0.1526	0.1533	0.1539	0.151	0.1595	0.1461	0.1574	0.1728		0.1189	0.1133	0.1222	0.1221	0.1228	0.1226	0.1236	0.1249	0.1265	0.1174	0.1279	0.1228		
		0.1522	0.1473	0.1585	0.154	0.1526	0.157	0.1611	0.1515	0.1444	0.1595	0.1488	0.1648		0.1287	0.122	0.1277	0.1273	0.1261	0.1283	0.1217	0.1178	0.1179	0.1311	0.1217	0.1308		
		0.1424	0.3023	0.1528	0.1493	0.135	0.1364	0.1558	0.1633	0.1425	0.1558	0.1551	0.1629		0.1123	0.2686	0.1244	0.1224	0.1137	0.1121	0.1252	0.1233	0.1152	0.124	0.1166	0.1159		
		0.1433	0.1733	0.1451	0.1595	0.1371	0.146	0.1544	0.1678	0.1481	0.1488	0.1401	0.1476		0.1183	0.123	0.118	0.1255	0.1124	0.1106	0.126	0.1175	0.1142	0.1169	0.1133	0.1154		
		
~End
Copyright © 2003 Molecular Devices. All rights reserved.
