##BLOCKS= 1          
Plate:	Plate#1	1.3	PlateFormat	Endpoint	Absorbance	Raw	FALSE	1						2	490 750	1	12	96	1	8	None	
	Temperature(¡C)	1	2	3	4	5	6	7	8	9	10	11	12		1	2	3	4	5	6	7	8	9	10	11	12		
	23.10	0.147	0.2493	0.1445	0.143	0.1445	0.1412	0.1655	0.1546	0.1625	0.1517	0.1451	0.1544		0.114	0.1207	0.1184	0.1165	0.1195	0.1154	0.1227	0.1184	0.126	0.1255	0.1146	0.1266		
		0.4807	0.1359	0.377	0.1525	0.1466	0.1382	0.1557	0.1391	0.138	0.1437	0.174	0.1383		0.4086	0.1107	0.2462	0.1156	0.1192	0.1101	0.1263	0.1149	0.1111	0.116	0.1302	0.1113		
		0.1426	0.155	0.1444	0.1541	0.1705	0.1481	0.1563	0.1542	0.1522	0.1569	0.1413	0.1483		0.1203	0.1279	0.1195	0.1318	0.1235	0.1154	0.1284	0.1223	0.1213	0.1269	0.1141	0.1231		
		0.1395	0.1466	0.1486	0.1495	0.1469	0.1496	0.1612	0.1461	0.1438	0.1463	0.154	0.2213		0.1107	0.1138	0.1202	0.1213	0.1141	0.1252	0.1232	0.1167	0.1151	0.115	0.1277	0.1849		
		0.1977	0.143	0.1581	0.1553	0.1433	0.145	0.1456	0.1481	0.143	0.1429	0.1512	0.3653		0.1251	0.1195	0.1297	0.126	0.1152	0.1183	0.1148	0.1219	0.1156	0.1157	0.1193	0.2919		
		0.1501	0.1496	0.1486	0.1559	0.1713	0.1556	0.1677	0.1519	0.1382	0.1699	0.1427	0.1472		0.1227	0.125	0.119	0.1297	0.1435	0.126	0.1273	0.1187	0.1124	0.1346	0.1157	0.1169		
		0.1402	0.3226	0.1354	0.1465	0.1412	0.1437	0.1583	0.1761	0.1497	0.168	0.1535	0.1443		0.1114	0.2934	0.1114	0.1213	0.1183	0.118	0.1249	0.1282	0.123	0.1327	0.1188	0.1092		
		0.1481	0.154	0.1372	0.1509	0.148	0.1468	0.1473	0.1717	0.1445	0.1535	0.1517	0.1466		0.1189	0.118	0.1122	0.1219	0.1202	0.1168	0.1154	0.1312	0.1122	0.1211	0.1186	0.1138		
		
~End
Copyright © 2003 Molecular Devices. All rights reserved.
