##BLOCKS= 1          
Plate:	Plate#1	1.3	PlateFormat	Endpoint	Absorbance	Raw	FALSE	1						2	490 750	1	12	96	1	8	None	
	Temperature(¡C)	1	2	3	4	5	6	7	8	9	10	11	12		1	2	3	4	5	6	7	8	9	10	11	12		
	22.60	0.1535	0.2336	0.1386	0.1325	0.1346	0.1419	0.1478	0.1789	0.183	0.2073	0.1459	0.1347		0.1088	0.1192	0.1115	0.1032	0.1086	0.1141	0.1131	0.1326	0.1385	0.1651	0.1084	0.1042		
		0.5508	0.1511	0.2674	0.1544	0.1421	0.1425	0.1543	0.4488	0.1972	0.1792	0.1753	0.1856		0.4305	0.1201	0.1747	0.1207	0.11	0.1116	0.1211	0.3362	0.1552	0.1399	0.1181	0.1377		
		0.1503	0.1398	0.164	0.1386	0.1983	0.1616	0.1453	0.1976	0.1464	0.151	0.1325	0.1663		0.1259	0.1123	0.1296	0.1124	0.1476	0.1263	0.1159	0.162	0.1134	0.1193	0.1027	0.1336		
		0.1575	0.1496	0.1469	0.161	0.1747	0.1459	0.1699	0.1456	0.138	0.3346	0.152	0.1481		0.1243	0.1215	0.119	0.1291	0.1381	0.1147	0.139	0.1151	0.1103	0.2668	0.1205	0.1196		
		0.1978	0.1401	0.1477	0.1522	0.1484	0.1502	0.1445	0.1348	0.1667	0.1385	0.1502	0.169		0.1158	0.1142	0.1166	0.1183	0.1148	0.1152	0.1123	0.1074	0.1307	0.1086	0.1178	0.1204		
		0.3167	0.1483	0.2491	0.1742	0.2466	0.1774	0.1611	0.2482	0.142	0.1458	0.147	0.1793		0.2284	0.1214	0.1837	0.1386	0.1935	0.1385	0.1162	0.1815	0.1116	0.1135	0.1125	0.1352		
		0.1334	0.3376	0.256	0.1684	0.1356	0.2096	0.1417	0.1417	0.1412	0.1639	0.1417	0.1356		0.1031	0.3031	0.1905	0.1358	0.1094	0.1593	0.1063	0.1065	0.105	0.1215	0.1082	0.1036		
		0.1793	0.1528	0.1412	0.311	0.3003	0.1431	0.1463	0.1427	0.1476	0.2853	0.1323	0.1661		0.1716	0.1129	0.109	0.2312	0.2341	0.108	0.1114	0.1069	0.1106	0.2525	0.1032	0.1231		
		
~End
Copyright © 2003 Molecular Devices. All rights reserved.
