##BLOCKS= 1          
Plate:	Plate#1	1.3	PlateFormat	Endpoint	Absorbance	Raw	FALSE	1						2	490 750	1	12	96	1	8	None	
	Temperature(¡C)	1	2	3	4	5	6	7	8	9	10	11	12		1	2	3	4	5	6	7	8	9	10	11	12		
	22.50	0.1734	0.2329	0.1332	0.1488	0.1523	0.1385	0.1488	0.1651	0.1646	0.4191	1.8683	0.1717		0.1156	0.1231	0.1057	0.1176	0.123	0.1114	0.1132	0.1192	0.1222	0.3519	0.9163	0.1239		
		0.6024	0.2891	0.3316	0.1582	0.1433	0.1494	0.1674	0.7294	0.2141	0.1631	0.1866	0.1442		0.4763	0.2446	0.2123	0.1256	0.1133	0.1172	0.1302	0.5638	0.1688	0.1273	0.1241	0.1122		
		0.1506	0.1419	0.1598	0.1331	0.1769	0.1909	0.155	0.1814	0.2391	0.1592	0.1981	0.1394		0.1205	0.1116	0.1275	0.1094	0.1282	0.1494	0.1241	0.148	0.1861	0.1277	0.1565	0.1128		
		0.1627	0.1352	0.1407	0.1461	0.1764	0.1849	0.146	0.1468	0.1835	0.158	0.1388	0.1407		0.1249	0.1093	0.1122	0.1141	0.146	0.1509	0.1149	0.1156	0.1471	0.1252	0.1085	0.1136		
		0.2024	0.1385	0.15	0.1869	0.152	0.1756	0.163	0.1393	0.1569	0.1736	0.1797	0.2292		0.1169	0.1114	0.1177	0.1471	0.1201	0.1394	0.1286	0.1119	0.1247	0.1384	0.146	0.1622		
		0.2961	0.1416	0.3299	0.2022	0.2524	0.1408	0.1568	0.2022	0.166	0.1374	0.1444	0.2683		0.2368	0.1144	0.2471	0.1582	0.1951	0.1095	0.1143	0.1521	0.1335	0.1081	0.1141	0.1549		
		0.1703	0.2823	0.4754	0.2296	0.141	0.3979	0.1504	0.1453	0.1688	0.1911	0.1801	0.7541		0.1277	0.2123	0.3618	0.1718	0.1159	0.3021	0.1146	0.1088	0.1234	0.1418	0.1408	0.6584		
		0.2382	0.1533	0.2311	0.4405	0.3653	0.157	0.1415	0.1956	0.168	0.1541	0.1484	0.2364		0.1428	0.1131	0.2033	0.3283	0.2824	0.1209	0.1058	0.1305	0.1211	0.1164	0.1184	0.1621		
		
~End
Copyright © 2003 Molecular Devices. All rights reserved.
