##BLOCKS= 1          
Plate:	Plate#1	1.3	PlateFormat	Endpoint	Absorbance	Raw	FALSE	1						2	490 750	1	12	96	1	8	None	
	Temperature(¡C)	1	2	3	4	5	6	7	8	9	10	11	12		1	2	3	4	5	6	7	8	9	10	11	12		
	22.50	0.1501	0.2062	0.1387	0.1528	0.1714	0.1527	0.148	0.1881	0.2984	0.3431	0.1676	0.1555		0.1185	0.1122	0.1143	0.1231	0.1409	0.1211	0.1124	0.1419	0.2354	0.2799	0.1234	0.1206		
		0.6531	0.1497	0.2995	0.1469	0.1724	0.1398	0.1541	0.4989	0.2117	0.2117	0.1651	0.2735		0.5211	0.1193	0.2036	0.1132	0.1361	0.1093	0.1194	0.3753	0.1683	0.1656	0.1151	0.2139		
		0.1374	0.1388	0.1815	0.1534	0.1732	0.1541	0.1549	0.1678	0.1372	0.1539	0.1923	0.1802		0.1074	0.1142	0.1483	0.1266	0.1256	0.1188	0.1254	0.1345	0.1068	0.1216	0.1539	0.1463		
		0.1768	0.1457	0.136	0.1385	0.1588	0.1436	0.155	0.1429	0.1434	0.1681	0.1397	0.1802		0.1479	0.1184	0.1112	0.1093	0.1265	0.1162	0.1283	0.115	0.1152	0.1351	0.1109	0.1454		
		0.1928	0.173	0.2026	0.1584	0.1501	0.1906	0.1857	0.202	0.1574	0.1396	0.1757	0.193		0.1177	0.1404	0.1608	0.1263	0.1169	0.1526	0.1485	0.1671	0.1248	0.1101	0.1414	0.1395		
		0.5559	0.1527	0.3895	0.1788	0.2235	0.1536	0.1638	0.2956	0.1654	0.157	0.1499	0.4005		0.4866	0.1246	0.2913	0.1413	0.1775	0.1183	0.1199	0.2185	0.133	0.1242	0.1182	0.3319		
		0.1381	0.3026	0.3425	0.1706	0.1327	0.289	0.1573	0.1793	0.1621	0.1413	0.1499	0.156		0.1115	0.2677	0.2516	0.1353	0.1089	0.2152	0.1209	0.137	0.1181	0.1079	0.1145	0.1197		
		0.1438	0.1801	0.1445	0.3417	0.2126	0.1802	0.1503	0.1472	0.1682	0.1425	0.1443	0.1447		0.1248	0.1315	0.1122	0.2626	0.1689	0.1431	0.1181	0.1106	0.1314	0.1095	0.1141	0.1092		
		
~End
Copyright © 2003 Molecular Devices. All rights reserved.
