##BLOCKS= 1          
Plate:	Plate#1	1.3	PlateFormat	Endpoint	Absorbance	Raw	FALSE	1						2	490 750	1	12	96	1	8	None	
	Temperature(¡C)	1	2	3	4	5	6	7	8	9	10	11	12		1	2	3	4	5	6	7	8	9	10	11	12		
	23.50	0.3125	1.3395	0.2669	2.8361	0.3558	1.6958	2.0922	0.6477	1.4133	0.7501	1.7698	1.9797		0.1862	0.6826	0.1642	1.2636	0.1791	1.0833	0.9809	0.4217	0.9168	0.5476	0.9383	1.263		
		0.5142	0.3716	2.1346	1.716	1.573	0.8969	1.5578	0.9758	1.8206	0.7161	0.4712	1.7601		0.3915	0.251	1.1659	1.053	0.9829	0.4895	0.9748	0.6121	1.1175	0.3986	0.3581	1.02		
		0.5362	0.3103	1.0237	1.7973	1.6849	1.1493	1.4099	1.4349	0.35	2.0586	1.8815	1.7807		0.3173	0.1649	0.5722	1.0537	0.7825	0.7404	0.679	0.9053	0.1812	1.3242	1.09	1.073		
		2.185	1.7277	2.2698	1.8603	1.9778	0.8885	1.517	1.7503	1.9866	0.6776	2.3649	1.8772		1.3359	1.0262	1.2255	1.1044	1.2003	0.4217	0.8974	1.0216	1.202	0.3453	1.3083	0.9938		
		0.5505	2.18	2.1631	2.3222	1.5586	1.8684	2.3465	1.0197	1.9304	2.41	0.3736	2.1265		0.3032	0.7793	1.1825	1.223	0.9502	0.8999	1.2718	0.6742	1.0959	1.2186	0.1985	1.2024		
		0.5195	1.542	1.5878	2.5017	2.6713	1.8713	1.0138	0.4315	0.3838	2.7362	1.7461	2.3676		0.3297	0.5215	0.6112	0.9597	1.0401	0.6443	0.4789	0.2198	0.2102	0.9376	0.6146	1.0778		
		1.2825	1.7088	0.837	1.5028	0.8531	1.495	0.4039	0.2702	0.2858	0.3714	0.2976	0.2143		0.5492	0.8307	0.4156	0.5926	0.503	0.4997	0.2258	0.157	0.1713	0.1949	0.1646	0.137		
		0.2862	0.4166	0.1808	0.4096	0.2504	0.4105	0.2937	0.2633	0.2474	0.1927	0.2868	0.2852		0.1628	0.239	0.1185	0.2052	0.1613	0.2049	0.1534	0.1487	0.1433	0.1245	0.1721	0.1552		
		
~End
Copyright © 2003 Molecular Devices. All rights reserved.
