##BLOCKS= 1          
Plate:	Plate#1	1.3	PlateFormat	Endpoint	Absorbance	Raw	FALSE	1						2	490 750	1	12	96	1	8	None	
	Temperature(¡C)	1	2	3	4	5	6	7	8	9	10	11	12		1	2	3	4	5	6	7	8	9	10	11	12		
	23.50	0.2593	1.7797	0.2691	2.2761	0.3877	1.3908	1.4038	0.4992	1.1904	0.8563	1.7801	1.733		0.1675	0.8463	0.1642	1.0444	0.2156	0.8834	0.6298	0.2964	0.6762	0.6663	0.9961	1.103		
		0.4659	0.3507	2.0062	1.5009	1.5648	0.7799	1.8183	0.8107	1.6827	0.5131	0.2726	2.0992		0.3851	0.228	1.082	0.9219	0.9936	0.4395	1.1554	0.4841	1.0219	0.2905	0.2031	1.0842		
		0.479	0.2623	0.8423	1.7354	1.6937	1.4593	1.478	1.1552	0.4626	1.4052	2.1598	1.9043		0.2959	0.1431	0.4844	1.0251	0.8636	0.9366	0.6718	0.7284	0.2264	0.9423	1.2784	1.0849		
		1.9321	2.0908	2.0725	1.497	1.6322	0.4039	1.1686	1.5609	1.428	0.4477	2.301	1.3789		1.2369	1.2313	1.1629	0.9514	1.0307	0.2211	0.7012	0.9928	0.8685	0.239	1.3319	0.777		
		0.5773	1.6116	2.028	2.3427	1.6802	1.6221	2.3824	0.6092	2.3098	1.9395	0.4514	1.7627		0.2837	0.5119	1.046	1.2117	1.0068	0.8308	1.2544	0.3921	1.3104	0.9765	0.2437	1.0186		
		0.4546	1.7343	1.0463	2.1903	2.44	1.0938	1.1614	0.4914	0.3005	2.0163	1.668	2.1661		0.3142	0.5781	0.4002	0.8242	0.8957	0.5018	0.5249	0.2736	0.176	0.7862	0.5802	0.7568		
		1.8261	1.4988	0.797	1.5263	0.1833	1.7071	0.2984	0.3258	0.225	0.315	0.2631	0.2191		0.5633	0.7256	0.3845	0.5793	0.1308	0.4405	0.1806	0.1714	0.1332	0.1794	0.1554	0.1361		
		0.2683	0.3736	0.2395	0.3746	0.4858	0.5054	0.3755	0.3531	0.2989	1.0812	0.2376	0.2662		0.1694	0.206	0.1477	0.1895	0.2894	0.2418	0.2006	0.1719	0.1564	0.995	0.147	0.1602		
		
~End
Copyright © 2003 Molecular Devices. All rights reserved.
