##BLOCKS= 1          
Plate:	Plate#1	1.3	PlateFormat	Endpoint	Absorbance	Raw	FALSE	1						2	490 750	1	12	96	1	8	None	
	Temperature(¡C)	1	2	3	4	5	6	7	8	9	10	11	12		1	2	3	4	5	6	7	8	9	10	11	12		
	23.70	0.3249	1.2896	0.2647	2.0663	0.3242	0.4583	0.6035	0.9333	1.6347	1.0145	2.0189	1.3735		0.2025	0.8932	0.1782	1.2926	0.2208	0.3136	0.3685	0.6751	1.3085	0.7711	1.3623	1.0591		
		0.6484	0.3447	1.4775	0.3516	0.945	1.586	1.6037	0.9591	1.4232	0.4718	1.4158	1.462		0.5311	0.2508	1.0845	0.2319	0.616	1.1027	1.2109	0.7193	1.1005	0.3107	1.025	1.1408		
		1.2133	0.346	1.2823	1.674	1.2237	1.291	1.5426	1.7103	1.6185	0.9257	1.5472	1.5126		0.7578	0.2257	0.8378	1.2364	0.8076	0.8447	0.9594	1.2543	1.2034	0.6214	1.1474	1.1213		
		1.6838	1.615	0.3084	1.9942	0.3637	0.5545	0.3512	1.7225	0.3359	0.4477	1.9039	1.8771		1.3103	1.2005	0.2071	1.3357	0.2429	0.3765	0.2336	1.1453	0.2195	0.2933	1.2523	1.1989		
		1.9086	1.1843	0.3072	0.8124	0.9443	1.9627	1.6445	0.3365	2.0081	0.3966	0.3492	2.3128		1.2918	0.6743	0.2065	0.5209	0.6213	1.2669	1.1963	0.225	1.2492	0.2503	0.2215	1.1353		
		0.6779	0.9415	0.783	1.0534	1.1678	1.3554	1.1943	0.4101	0.4692	0.8108	0.7972	1.314		0.4553	0.5889	0.4712	0.7061	0.7885	0.7977	0.5793	0.271	0.3007	0.5257	0.4592	0.6037		
		0.8793	1.5024	1.2391	0.961	1.2147	0.3104	0.5202	1.5712	0.809	1.2905	0.6663	1.2595		0.4853	1.0146	0.8614	0.5588	0.7739	0.2248	0.327	0.9174	0.5162	0.8618	0.4203	0.8452		
		1.0369	1.3091	1.9392	1.5403	1.1947	1.3136	1.0233	0.4429	0.2841	0.2645	0.2618	0.3177		0.6549	0.7514	0.9005	0.8563	0.7427	0.742	0.6339	0.2713	0.1866	0.1762	0.1712	0.206		
		
~End
Copyright © 2003 Molecular Devices. All rights reserved.
