##BLOCKS= 1          
Plate:	Plate#1	1.3	PlateFormat	Endpoint	Absorbance	Raw	FALSE	1						2	490 750	1	12	96	1	8	None	
	Temperature(¡C)	1	2	3	4	5	6	7	8	9	10	11	12		1	2	3	4	5	6	7	8	9	10	11	12		
	23.60	0.2926	1.1206	0.2582	2.151	0.3124	0.4179	0.7078	0.9134	1.5211	1.0799	1.7488	1.4985		0.1996	0.7807	0.1761	1.3553	0.2097	0.2823	0.4636	0.6561	1.2102	0.8176	1.1954	1.1871		
		0.6442	0.3779	1.5136	0.3216	1.1195	1.6803	1.6789	0.8978	1.4081	0.3901	1.3883	1.3646		0.5284	0.2742	1.1153	0.2083	0.7707	1.1789	1.2776	0.6684	1.08	0.2591	1.0321	1.0489		
		1.1455	0.374	1.263	1.6484	1.1283	1.2838	1.3842	1.6361	1.646	0.9433	1.9011	1.4867		0.7265	0.2434	0.8234	1.2181	0.7409	0.8387	0.8701	1.1954	1.2303	0.6538	1.4151	1.1078		
		1.5126	1.4504	0.31	2.0471	0.3848	0.4676	0.3462	1.7167	0.3503	0.4474	1.9985	1.8329		1.1523	1.067	0.2069	1.3712	0.2584	0.3098	0.2322	1.1416	0.2285	0.2961	1.3327	1.2116		
		1.943	1.283	0.312	0.7042	0.9205	2.0206	1.8591	0.3156	1.8845	0.375	0.3486	2.213		1.3031	0.7505	0.2098	0.4454	0.6042	1.3009	1.3794	0.2102	1.1552	0.2334	0.2232	1.0965		
		0.6654	0.8517	0.9997	1.0206	1.349	1.2352	1.3089	0.3872	0.418	0.7447	0.9088	1.2317		0.4591	0.5342	0.6151	0.6935	0.913	0.7279	0.6725	0.2547	0.2693	0.4842	0.5395	0.5499		
		0.8489	1.4977	1.0473	1.0271	1.0918	0.2918	0.5189	1.512	0.8079	1.3741	0.6072	1.1647		0.492	0.9809	0.7138	0.6155	0.6938	0.2078	0.3256	0.9152	0.5144	0.9246	0.3801	0.7529		
		1.0122	1.3156	2.0665	1.714	1.3588	1.3794	1.0105	0.2977	0.2707	0.3976	0.2765	0.319		0.6343	0.7402	1.0447	0.9637	0.8521	0.7821	0.6253	0.1824	0.1813	0.2731	0.182	0.1999		
		
~End
Copyright © 2003 Molecular Devices. All rights reserved.
