##BLOCKS= 1          
Plate:	Plate#1	1.3	PlateFormat	Endpoint	Absorbance	Raw	FALSE	1						2	490 750	1	12	96	1	8	None	
	Temperature(¡C)	1	2	3	4	5	6	7	8	9	10	11	12		1	2	3	4	5	6	7	8	9	10	11	12		
	23.10	0.2298	1.1277	0.2785	2.1176	0.3019	2.7376	0.4133	0.5739	2.1538	0.646	2.9542	2.111		0.1721	0.6587	0.2113	1.224	0.2125	1.9403	0.2148	0.3889	1.3804	0.4499	1.4499	1.0807		
		0.4869	0.2366	2.2421	0.3828	2.2691	0.9169	2.2142	0.9859	2.3823	0.3427	1.3157	2.1403		0.3893	0.1732	1.3467	0.2673	1.2455	0.5193	1.151	0.6132	1.181	0.2384	0.7527	1.0911		
		0.3993	0.1601	0.8082	0.5973	1.2998	1.6018	2.0346	0.5495	0.2702	2.2048	2.2951	2.1143		0.3031	0.1266	0.4369	0.4302	0.8218	0.8007	0.7655	0.3792	0.1978	1.1813	1.1759	1.1037		
		2.7232	2.5384	2.4172	2.5481	0.8626	2.4421	2.911	2.0312	2.1736	0.5308	2.3505	2.1639		1.8898	1.2746	1.2256	1.2558	0.5656	1.5241	1.8319	1.147	1.1545	0.4029	1.1636	1.3626		
		2.3364	1.0084	0.3185	2.4909	1.8583	2.265	2.4305	0.8056	2.3502	2.6119	0.234	2.305		1.5061	0.3694	0.2433	1.3024	1.1028	1.1699	1.2517	0.4842	1.2266	1.2949	0.1748	1.1233		
		1.792	0.921	1.2634	1.5419	1.474	1.8449	1.2502	0.3562	0.4701	1.0466	1.4372	1.9284		1.1297	0.6111	0.7068	1.0094	0.9479	1.1357	0.7326	0.2448	0.3362	0.6271	0.7379	0.882		
		1.0021	2.3489	0.7633	1.2377	1.4831	0.7498	0.5033	1.9713	1.2137	1.6732	1.125	1.2909		0.5895	1.2818	0.5521	0.7591	0.8664	0.5107	0.3437	0.9322	0.5881	0.7687	0.6131	0.6388		
		0.4451	1.4672	0.5435	0.8101	1.4649	1.4808	0.3366	0.2473	1.6365	0.252	0.2087	0.2702		0.3083	0.8907	0.3712	0.5502	1.0115	0.7485	0.1881	0.1704	0.8626	0.1962	0.1591	0.1842		
		
~End
Copyright © 2003 Molecular Devices. All rights reserved.
