##BLOCKS= 1          
Plate:	Plate#1	1.3	PlateFormat	Endpoint	Absorbance	Raw	FALSE	1						2	490 750	1	12	96	1	8	None	
	Temperature(¡C)	1	2	3	4	5	6	7	8	9	10	11	12		1	2	3	4	5	6	7	8	9	10	11	12		
	23.90	0.639	1.8467	0.3777	2.8281	0.3989	0.5487	1.7218	0.6267	2.1025	1.4617	2.1929	2.4829		0.3075	1.0967	0.222	1.512	0.2504	0.3427	0.573	0.4723	1.3457	1.1361	1.3188	1.3807		
		0.626	1.8023	2.7004	0.4277	2.7096	0.9852	2.3889	1.1925	2.7452	0.6996	2.061	2.7204		0.4951	1.4901	1.5061	0.2515	1.5824	0.5714	1.368	0.9473	1.663	0.4701	1.3153	1.5189		
		1.007	0.1447	1.1841	0.9931	2.4093	2.4658	2.2501	1.4628	2.2121	2.0151	2.4437	2.6165		0.6756	0.1163	0.8012	0.5846	1.0779	1.5036	0.8928	1.1298	1.7595	1.4373	1.5044	1.4648		
		2.3489	2.5326	2.5169	2.5993	0.5194	1.9136	0.6782	2.418	2.2229	0.535	2.6189	1.78		1.4657	1.5008	1.6034	1.5117	0.3407	1.2548	0.4401	1.4233	1.3398	0.2994	1.3886	1.0535		
		0.5225	1.678	0.3034	1.801	1.5093	2.0716	2.503	0.6669	2.8525	2.1437	0.4476	2.5802		0.2953	0.5602	0.1871	1.0749	0.8767	1.3632	1.4737	0.447	1.6411	1.1707	0.2635	1.4079		
		1.9882	1.0756	0.996	2.4411	2.571	2.1528	1.0318	0.4051	0.5874	1.5887	1.3112	2.4251		0.9842	0.6602	0.7284	1.2866	1.0616	1.3956	0.5194	0.3039	0.3828	0.8156	0.7392	1.0899		
		1.5401	1.9947	0.4887	0.8171	1.4672	0.7652	0.6695	1.7263	0.6071	1.3784	1.0277	2.3177		0.728	1.4008	0.3773	0.5708	0.8866	0.5724	0.3693	1.0603	0.3533	0.6946	0.5798	0.9539		
		0.6749	0.6552	1.2507	0.623	0.9714	0.6735	0.5011	0.3604	0.7383	0.3253	0.7874	0.3821		0.4476	0.3819	0.7646	0.461	0.7246	0.3825	0.2396	0.2297	0.4436	0.1965	0.3837	0.2146		
		
~End
Copyright © 2003 Molecular Devices. All rights reserved.
