##BLOCKS= 1          
Plate:	Plate#1	1.3	PlateFormat	Endpoint	Absorbance	Raw	FALSE	1						2	490 750	1	12	96	1	8	None	
	Temperature(¡C)	1	2	3	4	5	6	7	8	9	10	11	12		1	2	3	4	5	6	7	8	9	10	11	12		
	23.90	0.3516	1.8299	0.4748	3.007	0.3815	0.5004	2.2886	0.6189	2.236	1.1777	1.9088	2.5691		0.2008	1.0427	0.2792	1.5649	0.244	0.3331	0.7685	0.477	1.4665	0.9207	1.1725	1.4739		
		0.6212	2.085	2.6708	0.5014	2.684	0.6392	2.6358	1.1528	2.5863	0.7099	1.7863	2.543		0.45	1.695	1.5484	0.2854	1.5199	0.4139	1.5891	0.9244	1.4532	0.4961	1.1597	1.4061		
		1.5058	0.1493	1.1395	0.9644	2.6012	2.5152	1.9322	1.4843	1.8502	1.8205	2.3337	2.7701		1.0928	0.1176	0.7793	0.5546	1.1993	1.6001	0.7765	1.1726	1.4611	1.2462	1.431	1.5752		
		2.1295	2.4236	2.3287	2.6288	0.5611	1.8993	0.6316	2.3761	2.0856	0.6561	2.9505	1.9255		1.304	1.5191	1.4547	1.5905	0.3726	1.3247	0.4143	1.4108	1.2629	0.3724	1.6019	1.204		
		0.5273	1.9856	0.3298	2.4616	1.8107	2.4072	2.7333	0.6927	2.787	2.2734	0.4139	2.5278		0.3183	0.7527	0.209	1.6275	1.1292	1.5784	1.6411	0.4543	1.6345	1.2013	0.2528	1.4553		
		2.0582	1.0556	0.9151	2.5643	2.6486	2.1026	0.721	0.4152	0.6979	1.368	1.1042	1.7219		1.0263	0.6753	0.6548	1.2831	1.1067	1.3744	0.356	0.3076	0.4591	0.7023	0.7085	0.8618		
		1.4229	1.8641	0.4855	0.861	1.3137	0.7144	0.4925	1.8804	0.6224	1.1298	0.8122	1.5739		0.7341	1.2896	0.3716	0.608	0.8291	0.5318	0.2805	1.0695	0.349	0.6628	0.4795	0.654		
		0.567	0.8513	1.3935	0.7412	0.9362	0.5533	0.5315	0.3735	1.0464	0.32	0.4331	0.3163		0.3809	0.5279	0.8214	0.5463	0.712	0.3194	0.2706	0.2011	0.659	0.1939	0.2209	0.1811		
		
~End
Copyright © 2003 Molecular Devices. All rights reserved.
