##BLOCKS= 1          
Plate:	Plate#1	1.3	PlateFormat	Endpoint	Absorbance	Raw	FALSE	1						2	490 750	1	12	96	1	8	None	
	Temperature(¡C)	1	2	3	4	5	6	7	8	9	10	11	12		1	2	3	4	5	6	7	8	9	10	11	12		
	22.30	0.3992	1.4593	0.3774	2.2851	0.3741	0.4943	0.315	0.3085	0.8162	0.6399	1.0766	1.7933		0.229	1.0561	0.2151	1.5441	0.2219	0.2497	0.1683	0.1852	0.4777	0.3449	0.4774	1.2316		
		0.6312	1.8568	1.6344	2.0131	1.2111	0.3728	1.167	0.2496	1.4618	0.4406	0.3755	1.606		0.4921	1.504	1.1887	1.5536	0.851	0.2181	0.7617	0.173	0.8634	0.2889	0.2518	1.0676		
		0.5635	0.2884	1.5024	1.5849	1.2191	1.1435	1.3074	1.5908	0.8267	1.8576	1.6283	1.7174		0.3079	0.1643	0.8327	1.0701	0.8153	0.7286	0.7585	1.1247	0.5239	1.4264	1.2058	1.2633		
		1.6697	1.5885	1.7631	1.6089	0.5259	1.8074	0.9769	1.6787	1.4834	0.4842	1.6288	1.5705		1.255	1.0467	1.3379	1.1375	0.3349	1.3861	0.6289	1.0542	1.076	0.2904	1.1332	1.1492		
		0.6706	1.321	2.3887	2.0262	1.5999	1.7984	2.0609	0.4302	1.8933	2.2574	0.3976	2.4509		0.3935	0.49	1.6563	1.4012	1.0631	1.3145	1.4155	0.2548	1.1914	1.4593	0.2256	1.2473		
		1.4485	1.0636	2.1928	1.7561	0.8233	1.7884	0.9958	0.3601	0.4814	1.9933	0.9461	1.9991		0.9296	0.5765	1.0957	1.1217	0.519	1.1013	0.5552	0.2553	0.3233	1.0431	0.4636	0.9924		
		1.3912	1.3952	0.5678	1.1729	1.3375	0.8948	0.3872	1.0858	0.6076	0.9107	0.8796	1.3306		0.7763	0.9911	0.4035	0.6413	0.8659	0.4373	0.2292	0.4935	0.3173	0.5317	0.517	0.7999		
		0.5364	0.8451	1.0151	0.6968	0.5062	0.7057	0.3973	0.3567	0.4343	0.5576	0.3279	0.4206		0.3963	0.5238	0.4765	0.4556	0.3712	0.3934	0.2223	0.2384	0.2424	0.4118	0.1818	0.2244		
		
~End
Copyright © 2003 Molecular Devices. All rights reserved.
