##BLOCKS= 1          
Plate:	Plate#1	1.3	PlateFormat	Endpoint	Absorbance	Raw	FALSE	1						2	490 750	1	12	96	1	8	None	
	Temperature(¡C)	1	2	3	4	5	6	7	8	9	10	11	12		1	2	3	4	5	6	7	8	9	10	11	12		
	22.30	0.3964	1.2362	0.423	2.3886	0.4065	0.5796	0.3324	0.4158	0.6189	0.6125	1.0342	1.8482		0.2178	0.9318	0.2732	1.6037	0.2596	0.2837	0.1833	0.2636	0.3529	0.3707	0.4401	1.351		
		0.6368	1.8636	1.5103	2.1614	1.5402	0.3996	1.0613	0.2946	1.2471	0.4401	0.6456	1.7105		0.5028	1.5259	1.1185	1.6912	1.0656	0.2435	0.7168	0.1983	0.7564	0.301	0.4595	1.1881		
		0.5326	0.2539	1.1739	1.9922	1.2202	1.3733	1.4326	1.3842	1.435	1.8627	1.7005	1.755		0.3658	0.1521	0.7153	1.4007	0.8164	0.8422	0.8362	0.9676	1.0781	1.4712	1.3424	1.3324		
		1.4208	1.7039	1.9016	1.3221	0.4343	1.8712	0.8517	1.2541	1.7174	0.5813	1.5381	1.8189		1.0112	1.1699	1.4082	0.9237	0.2765	1.445	0.5649	0.7867	1.3019	0.3842	1.0581	1.3531		
		0.6615	0.813	2.0268	2.0351	1.8502	1.3854	2.0353	0.3285	2.0327	1.8053	0.3731	2.4912		0.3559	0.3347	1.4464	1.4384	1.2202	0.9966	1.3922	0.2026	1.3354	1.2204	0.238	1.2256		
		1.5101	1.1026	1.4462	1.809	0.8913	1.9179	1.4794	0.3072	0.3543	1.8379	1.391	1.7739		1.006	0.6081	0.746	1.1378	0.5692	1.2515	0.826	0.2237	0.2435	0.9579	0.6781	0.9329		
		1.2334	1.7495	0.574	1.6486	1.5668	1.2264	0.5117	0.8376	0.5866	0.7308	0.9263	1.2072		0.6543	1.266	0.4175	0.9125	0.9765	0.6236	0.3092	0.4203	0.3303	0.4361	0.549	0.6766		
		0.6774	0.6582	0.952	0.631	0.4182	0.5646	0.3103	0.2717	0.3397	0.3545	0.2781	0.2952		0.5422	0.4334	0.4703	0.4481	0.3046	0.3285	0.1985	0.1798	0.2114	0.2328	0.1672	0.1791		
		
~End
Copyright © 2003 Molecular Devices. All rights reserved.
