##BLOCKS= 1          
Plate:	Plate#1	1.3	PlateFormat	Endpoint	Absorbance	Raw	FALSE	1						2	490 750	1	12	96	1	8	None	
	Temperature(¡C)	1	2	3	4	5	6	7	8	9	10	11	12		1	2	3	4	5	6	7	8	9	10	11	12		
	22.40	0.2663	1.7013	0.4378	2.3167	0.4263	0.6627	0.439	0.3682	0.8364	0.8989	1.4464	2.0171		0.1724	1.114	0.2147	1.506	0.2189	0.2763	0.1972	0.2063	0.4587	0.4526	0.7997	1.1878		
		0.618	1.884	1.5556	2.2406	1.7231	0.6162	1.558	0.5272	1.5935	0.5772	0.2802	1.9916		0.4812	1.5026	1.1169	1.657	1.1356	0.3139	0.9266	0.3367	0.8524	0.3479	0.1862	1.2965		
		0.6927	0.2867	1.4716	1.9225	1.5315	1.2299	1.6271	1.4822	1.6449	1.9087	1.6491	1.8116		0.3063	0.1615	0.7903	1.2897	0.9516	0.737	0.9046	1.0253	1.1664	1.4242	1.234	1.3342		
		1.7311	1.9355	1.8351	1.4677	0.5779	1.9966	1.1295	1.9033	1.7325	0.7927	1.4225	1.6031		1.2268	1.24	1.3152	0.9586	0.3228	1.4357	0.6887	1.1184	1.2384	0.4701	0.9839	1.1619		
		0.7252	1.1917	1.8808	1.9914	1.8317	1.6978	1.8384	0.3859	2.009	1.9459	0.4724	2.4213		0.4004	0.4315	1.2329	1.3822	1.1526	1.1984	1.2425	0.2217	1.2567	1.2339	0.2593	1.3075		
		1.442	0.9853	1.7029	1.794	0.7774	1.9638	1.5863	0.3496	0.372	1.5956	1.1964	2.0087		0.9858	0.5469	0.8807	1.1473	0.4877	1.0806	0.9076	0.2451	0.2607	0.8258	0.6089	1.0533		
		1.4226	1.4467	0.7098	1.389	1.2543	1.2549	0.6988	1.2898	0.5561	0.7988	0.8873	0.9381		0.701	1.0092	0.4947	0.7441	0.8037	0.6095	0.3895	0.6013	0.3019	0.4275	0.5262	0.5045		
		0.6537	0.656	1.0589	0.4865	0.3881	0.5572	0.5587	0.2761	0.4935	0.5181	0.4752	0.3123		0.4474	0.4218	0.4683	0.3005	0.2787	0.3292	0.2968	0.1943	0.25	0.3143	0.2481	0.1998		
		
~End
Copyright © 2003 Molecular Devices. All rights reserved.
