##BLOCKS= 1          
Plate:	Plate#1	1.3	PlateFormat	Endpoint	Absorbance	Raw	FALSE	1						2	490 750	1	12	96	1	8	None	
	Temperature(¡C)	1	2	3	4	5	6	7	8	9	10	11	12		1	2	3	4	5	6	7	8	9	10	11	12		
	23.20	1.2316	2.6473	1.2463	2.9532	0.547	1.9231	2.2865	1.0001	2.1816	1.5872	3.1407	2.7531		0.2913	0.9769	0.3191	1.6381	0.1916	0.7943	1.0133	0.4911	1.3594	0.5869	1.2003	1.3439		
		0.5646	2.0535	2.5762	2.216	2.3069	0.8333	2.4731	1.4364	2.3111	0.9091	2.1612	2.8278		0.4205	1.5008	1.4155	1.0818	1.1673	0.2948	1.3128	0.9709	1.2003	0.3853	1.1591	1.3754		
		1.624	0.3125	1.5209	2.1444	2.737	2.2979	2.2862	2.4643	2.3892	2.7832	2.6598	2.82		0.9606	0.1743	0.7564	1.3251	1.189	1.1714	0.9783	1.3654	1.4613	1.4378	1.4919	1.3662		
		2.7375	2.8468	2.7805	2.6982	1.5641	2.7165	2.508	2.6649	2.7401	0.8958	2.8114	2.3862		1.6426	1.4393	1.4237	1.4618	0.5358	1.4842	0.9376	1.3577	1.3534	0.2613	1.2255	1.2903		
		0.7293	1.8814	2.6093	2.7019	1.6862	2.7683	2.8417	1.2941	2.9676	2.6109	2.0937	2.7643		0.4074	0.6188	1.4059	1.3544	0.9653	1.4008	1.4912	0.3979	1.4096	1.4464	0.5861	1.3757		
		0.9003	1.0199	3.0408	2.336	0.511	2.2465	2.2165	0.3849	0.4011	2.0484	2.3527	2.157		0.6116	0.6188	1.2714	0.8899	0.3529	1.1126	0.9156	0.2755	0.2479	1.1052	0.7401	0.7644		
		1.9696	2.1126	1.972	2.6936	2.304	2.9072	0.4865	1.672	1.1033	1.7088	0.6638	1.4644		1.1338	1.3708	1.2313	0.9803	1.2078	1.5099	0.2369	0.9481	0.396	0.764	0.4532	1.0437		
		0.5323	1.3688	1.4004	0.3665	0.371	1.0486	0.7609	0.219	1.0576	0.95	1.0133	0.8457		0.2428	0.5441	0.9098	0.2552	0.2776	0.3243	0.2397	0.1565	0.3144	0.3328	0.2623	0.2547		
		
~End
Copyright © 2003 Molecular Devices. All rights reserved.
