##BLOCKS= 1          
Plate:	Plate#1	1.3	PlateFormat	Endpoint	Absorbance	Raw	FALSE	1						2	490 750	1	12	96	1	8	None	
	Temperature(¡C)	1	2	3	4	5	6	7	8	9	10	11	12		1	2	3	4	5	6	7	8	9	10	11	12		
	23.20	1.0191	2.1261	0.8183	2.898	0.9242	1.9736	1.9569	0.98	2.0008	1.2163	2.9587	3.0032		0.2601	0.9785	0.2376	1.6264	0.2813	0.8465	0.5477	0.4913	1.2262	0.4833	0.8048	1.4869		
		0.7066	2.0254	2.3933	2.3754	2.5844	0.8133	2.2855	1.1984	2.5528	0.6506	2.2398	2.8141		0.5316	1.5054	1.2942	1.2552	1.3995	0.3169	1.2316	0.7948	1.3272	0.3245	1.136	1.312		
		1.6851	0.4125	2.117	2.073	2.3572	2.2111	2.502	2.454	2.2978	2.8503	2.5518	2.5521		0.9295	0.2091	1.0361	1.3122	1.0404	1.0905	1.167	1.4123	1.3471	1.4206	1.3713	1.2511		
		2.7339	2.828	2.7989	2.7709	1.1472	2.729	2.2856	2.7124	2.7241	0.8338	2.8174	2.5228		1.4938	1.3978	1.4908	1.4688	0.4418	1.4357	0.8561	1.3123	1.2984	0.2651	1.5211	1.3128		
		0.9135	2.3951	2.4659	2.7343	1.2682	2.5026	2.9575	1.01	2.9309	2.731	1.1575	2.8697		0.5049	0.763	1.3814	1.5278	0.7438	1.3384	1.3892	0.3063	1.5142	1.4125	0.3747	1.4616		
		0.6461	1.3032	2.6901	2.5353	0.5697	1.8564	2.6297	0.4324	0.7408	1.8178	2.1498	2.3849		0.4134	0.7441	0.9728	1.1047	0.3995	0.8833	1.3524	0.3083	0.3828	0.9072	0.5	0.8678		
		1.9014	2.3589	1.4418	2.5701	2.0442	2.1296	0.9269	2.2101	1.204	1.0751	0.6897	1.1868		1.053	1.5132	0.8835	0.9431	0.9997	0.9683	0.3712	1.1298	0.3623	0.5314	0.4674	0.7698		
		0.9463	1.467	1.5049	0.3623	0.2605	1.734	0.8647	0.2724	1.3816	0.6311	1.0784	0.6839		0.3282	0.6575	0.7684	0.1959	0.2004	0.4501	0.2502	0.1887	0.3932	0.215	0.2588	0.217		
		
~End
Copyright © 2003 Molecular Devices. All rights reserved.
