##BLOCKS= 1          
Plate:	Plate#1	1.3	PlateFormat	Endpoint	Absorbance	Raw	FALSE	1						2	490 750	1	12	96	1	8	None	
	Temperature(¡C)	1	2	3	4	5	6	7	8	9	10	11	12		1	2	3	4	5	6	7	8	9	10	11	12		
	23.20	0.6205	2.6976	0.6228	3.0257	1.0262	1.4452	2.6312	0.7611	2.2577	1.521	2.8303	3.0009		0.1881	1.1417	0.2269	1.642	0.2896	0.6378	1.3106	0.3973	1.3687	0.5561	0.7749	1.5449		
		0.6428	2.1282	2.2757	2.678	2.832	0.6279	2.2435	1.0991	2.4813	0.6735	2.0933	2.7577		0.4652	1.5409	1.32	1.277	1.494	0.2672	1.2936	0.7214	1.3033	0.3552	1.1098	1.3321		
		1.6779	0.3846	1.9948	2.2556	2.5573	2.5133	2.6273	2.5841	2.4965	2.5074	2.6284	2.8524		0.9619	0.2071	1.0607	1.4947	1.0559	1.3058	1.1973	1.5877	1.401	1.3596	1.4513	1.4179		
		2.6506	2.8978	2.7653	2.7754	1.6476	2.563	1.556	2.6531	2.8521	0.9037	2.8312	2.5791		1.4186	1.6204	1.4349	1.459	0.6203	1.4596	0.6023	1.35	1.4579	0.3139	1.4002	1.397		
		1.0387	2.7355	2.1638	2.7726	2.0293	2.7751	2.878	1.0726	2.9217	2.7741	1.2897	2.8246		0.6096	0.9452	1.1846	1.5525	1.1546	1.4614	1.4803	0.3104	1.5402	1.4863	0.3845	1.3489		
		0.6042	1.3935	2.8987	2.955	0.5631	2.3476	2.4682	0.3998	0.7405	2.4909	2.1224	2.68		0.4203	0.833	1.0205	1.534	0.3959	1.1153	1.0623	0.2876	0.3888	1.4428	0.6614	1.1686		
		1.2706	2.1676	1.9208	2.569	2.6117	2.283	1.4854	2.3854	0.9564	1.3623	1.0327	1.027		0.7368	1.4376	1.195	0.8662	1.3508	1.092	0.6888	1.3976	0.3482	0.6897	0.7396	0.6723		
		0.6923	1.0332	1.5121	0.3365	0.2999	0.7443	0.7317	0.2925	1.834	0.797	1.007	0.9642		0.288	0.448	0.773	0.2302	0.2271	0.2191	0.2355	0.1765	0.4845	0.2558	0.2551	0.275		
		
~End
Copyright © 2003 Molecular Devices. All rights reserved.
