##BLOCKS= 1          
Plate:	Plate#1	1.3	PlateFormat	Endpoint	Absorbance	Raw	FALSE	1						2	490 750	1	12	96	1	8	None	
	Temperature(¡C)	1	2	3	4	5	6	7	8	9	10	11	12		1	2	3	4	5	6	7	8	9	10	11	12		
	23.00	0.3265	1.1106	0.3514	2.7978	0.3429	1.8219	1.1456	1.14	1.457	1.349	1.3114	1.7273		0.2185	0.7341	0.2049	1.8585	0.2069	1.3256	0.6178	0.8199	0.949	0.8721	0.4142	1.0331		
		0.4682	1.8229	1.6897	1.9958	1.5688	0.7271	1.6306	1.1893	1.5337	0.7582	1.4074	1.615		0.3582	1.3575	1.0828	1.4386	1.0005	0.4586	1.1063	0.6565	0.936	0.517	0.9084	0.9414		
		0.3684	0.2703	1.2358	1.934	1.3043	1.4547	1.6403	1.7398	1.901	1.8257	1.7785	1.9269		0.2473	0.1626	0.8183	1.355	0.8448	1.0244	0.9899	1.1708	1.3382	1.2644	1.2397	1.2787		
		1.9914	1.8014	1.6585	1.6829	0.5516	1.6468	2.1141	1.8915	1.5322	0.5146	1.6754	1.4785		1.4604	1.1866	1.0637	1.1388	0.3404	1.1418	1.5091	1.0969	1.0148	0.306	1.2158	1.0496		
		0.7687	1.0051	0.342	2.2397	1.567	1.8028	2.329	0.5121	2.0403	1.8538	0.3447	2.3653		0.421	0.3647	0.2015	1.4361	1.0256	1.2147	1.5703	0.3143	1.3354	1.2393	0.2218	1.3938		
		1.6026	1.2236	1.1914	1.9215	1.2332	2.3341	1.0758	0.5055	0.527	1.7949	1.386	1.5909		1.1086	0.6903	0.6901	1.3109	0.9003	1.4903	0.6007	0.3425	0.3554	1.173	0.7506	0.96		
		1.5065	1.2423	0.7325	1.5811	1.3871	1.7475	0.6386	1.476	0.3452	0.7546	0.9456	1.1365		0.8913	0.8664	0.5389	0.8804	1.0125	1.0259	0.4131	1.0268	0.2324	0.55	0.628	0.7198		
		0.461	1.1194	0.7516	0.6442	0.5461	0.3158	0.347	0.2829	0.341	0.3008	0.277	0.3337		0.3233	0.8393	0.5062	0.4731	0.3746	0.1995	0.2215	0.1868	0.2258	0.1847	0.1657	0.1929		
		
~End
Copyright © 2003 Molecular Devices. All rights reserved.
