##BLOCKS= 1          
Plate:	Plate#1	1.3	PlateFormat	Endpoint	Absorbance	Raw	FALSE	1						2	490 750	1	12	96	1	8	None	
	Temperature(¡C)	1	2	3	4	5	6	7	8	9	10	11	12		1	2	3	4	5	6	7	8	9	10	11	12		
	23.00	0.2974	1.1169	0.3747	2.8542	0.3372	1.6877	1.4364	0.9921	1.4887	0.8921	1.6346	1.6209		0.1726	0.7221	0.219	1.9245	0.1943	1.2095	0.8901	0.6889	0.9547	0.5652	0.5853	1.0022		
		0.42	1.7871	1.8347	1.8	1.7047	0.6235	1.8242	1.0142	1.7533	0.7956	1.6582	1.6412		0.32	1.3495	1.1902	1.267	1.1716	0.3891	1.2481	0.5335	1.133	0.5305	1.083	0.9233		
		0.395	0.298	1.1441	2.1745	1.3064	1.2929	1.3782	1.4874	1.8806	1.6853	1.6953	1.5628		0.2493	0.1753	0.7509	1.5474	0.8388	0.9065	0.8115	1.0412	1.3499	1.143	1.1861	0.9891		
		1.9187	1.7683	1.7085	1.6805	0.5669	1.5886	1.7686	1.789	1.5606	0.4509	1.3078	1.5324		1.3785	1.1208	1.1166	1.1433	0.3459	1.0969	1.249	0.9669	1.0493	0.2638	0.851	1.0468		
		0.8283	0.9751	0.3911	2.2836	1.5229	1.9387	1.5087	0.3699	1.8267	2.1326	0.3701	1.8705		0.3852	0.3284	0.2325	1.4326	0.9841	1.3435	0.9431	0.2317	1.1763	1.4745	0.232	1.0415		
		1.8226	1.1819	1.5945	2.1077	1.0304	2.5429	0.941	0.4841	0.6628	1.9063	1.1425	1.4781		1.2594	0.6973	0.9182	1.4543	0.7415	1.6725	0.5279	0.3278	0.4635	1.2508	0.6003	0.8681		
		1.6541	1.8482	0.6053	1.4968	1.527	1.509	0.5338	1.0275	0.4104	0.6673	0.9041	1.874		0.8907	1.3059	0.4414	0.8458	1.1203	0.8813	0.3563	0.7486	0.2781	0.4691	0.5825	1.2525		
		0.4484	1.0231	1.2898	0.414	0.4617	0.3626	0.387	0.3544	0.396	0.3974	0.2648	0.2914		0.3538	0.77	0.9235	0.2949	0.3243	0.227	0.2525	0.2331	0.2566	0.2484	0.1571	0.1719		
		
~End
Copyright © 2003 Molecular Devices. All rights reserved.
