##BLOCKS= 1          
Plate:	Plate#1	1.3	PlateFormat	Endpoint	Absorbance	Raw	FALSE	1						2	490 750	1	12	96	1	8	None	
	Temperature(¡C)	1	2	3	4	5	6	7	8	9	10	11	12		1	2	3	4	5	6	7	8	9	10	11	12		
	23.00	0.3095	1.272	0.3906	2.7178	0.3268	1.8726	1.4275	0.7206	1.331	0.9093	1.3655	1.8532		0.1712	0.8428	0.2262	1.7887	0.1981	1.3675	0.8474	0.5115	0.8479	0.5703	0.4683	1.1188		
		0.5442	1.8562	1.6498	1.6898	1.6116	0.9169	1.6448	1.0171	1.3696	0.8562	1.4295	1.4764		0.4135	1.3881	1.0946	1.1948	1.1524	0.6091	1.1355	0.5722	0.7847	0.5656	0.9342	0.8452		
		0.5124	0.2364	1.1189	1.6924	1.2445	1.2178	1.6157	1.1669	1.6454	1.5274	1.757	1.5231		0.3468	0.1402	0.7364	1.1841	0.791	0.8382	0.9638	0.7477	1.1429	1.0364	1.214	0.9985		
		1.9724	1.7477	1.6071	1.8274	0.6324	1.7276	1.8532	1.434	1.325	0.5084	1.3593	1.7375		1.4684	1.1513	1.0242	1.2281	0.3958	1.1643	1.3068	0.7255	0.8502	0.3079	0.91	1.2018		
		0.733	0.8468	0.3803	2.189	1.9123	1.8669	2.1528	0.4147	1.4989	2.0351	0.4764	1.8207		0.3626	0.2911	0.2224	1.3587	1.2818	1.2573	1.4563	0.257	0.8881	1.4027	0.2943	1.0675		
		1.7309	1.0136	1.8102	1.7441	1.3241	2.4363	1.4236	0.4386	0.3573	2.1837	0.8702	1.4512		1.2226	0.6342	1.0528	1.1893	0.9565	1.545	0.7903	0.2939	0.2398	1.453	0.5008	0.8628		
		1.0757	1.5422	0.8289	1.2916	1.0474	1.5599	0.6175	1.4929	0.4664	0.5207	1.2445	1.443		0.6156	1.088	0.6131	0.7369	0.7164	0.8988	0.4062	1.0317	0.3172	0.3854	0.8505	0.9519		
		0.5179	0.815	0.6951	0.4836	0.4435	0.3395	0.4945	0.3826	0.302	0.2571	0.4193	0.3603		0.3473	0.5948	0.4852	0.3535	0.307	0.224	0.3194	0.2673	0.1924	0.168	0.2397	0.2162		
		
~End
Copyright © 2003 Molecular Devices. All rights reserved.
