##BLOCKS= 1          
Plate:	Plate#1	1.3	PlateFormat	Endpoint	Absorbance	Raw	FALSE	1						2	490 750	1	12	96	1	8	None	
	Temperature(¡C)	1	2	3	4	5	6	7	8	9	10	11	12		1	2	3	4	5	6	7	8	9	10	11	12		
	23.40	0.352	1.3985	0.2685	3.0248	0.3045	0.537	0.5427	1.0292	1.6823	0.8082	2.1905	1.7095		0.1969	0.7717	0.1683	1.5965	0.1955	0.3307	0.2202	0.7422	1.4512	0.5067	1.4647	1.1395		
		0.5299	1.792	1.9822	0.4492	2.1664	1.2625	1.892	1.4356	1.7022	0.5451	1.7711	1.9162		0.4104	1.4258	1.235	0.2365	1.4102	0.7965	1.4307	0.9529	1.1603	0.3356	1.2415	1.3803		
		1.2169	0.2666	2.2847	1.3227	1.4549	1.5333	0.3273	1.8302	1.9926	2.2926	1.6941	1.7066		0.6475	0.1933	1.0434	0.989	0.8741	0.964	0.2098	1.2385	1.3605	1.5259	1.2094	1.3406		
		2.0033	2.2007	0.3473	2.0002	0.3948	1.699	0.432	2.0005	1.1013	0.5102	2.3732	1.9512		1.459	1.5844	0.1996	1.3067	0.2298	0.9967	0.2404	1.1466	0.5882	0.2882	1.3539	1.2931		
		1.7367	0.7895	0.2798	2.0548	1.7104	0.9074	1.9611	0.3833	2.1	2.0313	0.4354	2.5332		1.0691	0.3133	0.17	1.3083	0.9888	0.5267	1.3279	0.2291	1.3426	1.2683	0.2455	1.1767		
		1.139	1.7806	1.7429	1.513	0.8273	0.4392	1.2141	0.3932	0.435	1.2053	1.4473	1.8164		0.7298	0.5802	0.8468	0.9883	0.5328	0.2543	0.5704	0.2441	0.2611	0.6326	0.6881	0.76		
		0.9373	2.0469	0.809	1.0824	1.3313	0.3414	1.0802	1.6833	0.8017	1.029	0.7764	1.4719		0.49	1.1673	0.5303	0.5005	0.7284	0.2297	0.541	0.9688	0.5163	0.6456	0.4685	0.7041		
		0.8546	1.1112	1.6186	1.3815	2.0088	1.3086	1.2258	0.2651	0.2993	0.2866	0.346	0.2372		0.5026	0.581	0.8431	0.6294	1.0794	0.6807	0.7012	0.154	0.1757	0.1749	0.2084	0.1461		
		
~End
Copyright © 2003 Molecular Devices. All rights reserved.
