##BLOCKS= 1          
Plate:	Plate#1	1.3	PlateFormat	Endpoint	Absorbance	Raw	FALSE	1						2	490 750	1	12	96	1	8	None	
	Temperature(¡C)	1	2	3	4	5	6	7	8	9	10	11	12		1	2	3	4	5	6	7	8	9	10	11	12		
	23.00	0.2732	1.1943	0.2861	1.9996	0.2297	0.5073	0.6426	0.6202	1.5074	0.8325	2.6615	1.3741		0.2043	0.9381	0.2195	1.3147	0.1801	0.3925	0.234	0.4813	1.1662	0.6968	1.2739	0.9155		
		0.6163	1.5649	1.4443	1.0307	1.1162	0.3432	1.1253	0.8929	0.8681	0.3608	0.2645	1.3034		0.4887	1.3235	1.0237	0.8193	0.8393	0.2471	0.8194	0.7061	0.6283	0.2652	0.192	0.8644		
		0.9128	0.2472	0.848	0.6967	1.0868	1.2128	2.0415	1.1985	1.4938	1.1273	1.3901	1.5357		0.7615	0.181	0.5911	0.5265	0.7105	0.9467	0.6949	0.9763	1.2398	0.9183	1.077	1.1069		
		1.3008	1.5947	1.0607	1.3792	0.3597	0.7604	0.269	1.1227	1.5784	0.3017	1.3714	1.0038		0.9947	1.1721	0.8175	1.0726	0.2752	0.6105	0.2009	0.7381	1.1583	0.2176	1.0473	0.7249		
		0.5243	0.7412	0.3037	1.8082	1.1036	1.2609	1.518	0.3785	1.9514	1.3137	0.3395	1.1914		0.2997	0.4257	0.2285	1.1692	0.7913	0.9482	1.1452	0.2805	1.3486	0.9653	0.2621	0.8769		
		0.5957	0.8245	0.8478	1.1031	0.7717	1.0653	1.0363	0.3444	0.3183	1.0245	1.1589	2.136		0.5169	0.6291	0.6545	0.8731	0.6122	0.7673	0.7269	0.2581	0.242	0.6925	0.8924	0.9071		
		1.1295	1.3237	0.3622	0.6942	0.9087	0.6086	0.5459	1.5639	0.37	0.8679	0.5676	1.1265		0.6354	0.9973	0.2834	0.5387	0.6283	0.4643	0.4094	0.938	0.2578	0.6282	0.4434	0.803		
		0.3073	0.7963	1.0038	1.0971	0.7969	0.9279	0.2798	0.2399	0.4483	0.2645	0.2801	0.2187		0.2325	0.6244	0.7467	0.8102	0.6143	0.5731	0.1912	0.1689	0.3489	0.2008	0.214	0.1591		
		
~End
Copyright © 2003 Molecular Devices. All rights reserved.
