##BLOCKS= 1          
Plate:	Plate#1	1.3	PlateFormat	Endpoint	Absorbance	Raw	FALSE	1						2	490 750	1	12	96	1	8	None	
	Temperature(¡C)	1	2	3	4	5	6	7	8	9	10	11	12		1	2	3	4	5	6	7	8	9	10	11	12		
	23.00	0.1804	1.3421	0.2743	2.0746	0.27	0.4704	0.7563	0.4888	1.4339	0.9447	2.5426	1.1848		0.1547	1.0632	0.2121	1.3568	0.2098	0.3593	0.3375	0.374	1.0888	0.8078	1.2572	0.8128		
		0.6557	1.4977	1.4844	0.7816	0.869	0.3474	0.9204	0.7788	0.9494	0.3313	0.2383	1.2961		0.5125	1.259	1.0525	0.6363	0.637	0.251	0.5975	0.6185	0.7183	0.2607	0.179	0.9375		
		1.069	0.2324	0.9615	0.9443	1.2305	1.33	2.3265	1.1652	1.4163	1.2857	1.4355	1.6081		0.7678	0.1647	0.6799	0.7199	0.8133	1.0321	0.8117	0.9463	1.182	1.0429	1.1458	1.1318		
		1.0695	1.3115	1.3697	1.2761	0.264	0.6243	0.3155	0.8709	1.3261	0.35	1.2056	1.2258		0.844	0.8808	1.0599	0.9688	0.206	0.497	0.2361	0.5982	0.9777	0.2662	0.9476	0.8341		
		0.5126	0.8684	0.2413	1.595	0.8654	1.3762	1.3467	0.2812	1.336	1.2472	0.2973	1.164		0.2867	0.4862	0.1884	1.0599	0.6324	1.0197	0.9606	0.2085	0.9567	0.9157	0.2305	0.8459		
		0.57	0.7426	0.9443	1.3528	0.9293	1.1684	1.2347	0.3248	0.3341	1.5677	0.9449	1.9385		0.4824	0.5755	0.7419	1.0478	0.7405	0.8126	0.8911	0.2439	0.255	1.1472	0.7233	0.7072		
		1.0907	1.7259	0.3415	0.7141	1.1301	0.674	0.3804	1.3433	0.4116	1.3521	0.6923	1.1116		0.6808	1.3273	0.265	0.564	0.7989	0.5266	0.2863	0.8424	0.3069	0.9395	0.548	0.6987		
		0.2495	0.7601	1.0328	1.0797	0.7996	0.86	0.2828	0.3215	0.6661	0.2916	0.2959	0.2584		0.1965	0.5754	0.7543	0.7814	0.6035	0.5935	0.2017	0.225	0.5392	0.2271	0.2192	0.1921		
		
~End
Copyright © 2003 Molecular Devices. All rights reserved.
