##BLOCKS= 1          
Plate:	Plate#1	1.3	PlateFormat	Endpoint	Absorbance	Raw	FALSE	1						2	490 750	1	12	96	1	8	None	
	Temperature(¡C)	1	2	3	4	5	6	7	8	9	10	11	12		1	2	3	4	5	6	7	8	9	10	11	12		
	23.00	0.3201	1.2646	0.2802	1.9473	0.2335	0.5268	0.7378	0.5226	1.2602	0.7684	1.3914	1.1786		0.2442	0.9829	0.2207	1.3233	0.18	0.3993	0.2535	0.4021	0.9785	0.6584	0.707	0.715		
		0.4493	1.466	1.5295	0.8151	1.4612	0.3594	1.3891	0.6825	1.0342	0.3188	0.8631	1.191		0.3905	1.2417	1.0803	0.6453	1.1127	0.2546	0.9491	0.536	0.7062	0.2357	0.6703	0.8283		
		0.8666	0.2189	0.9889	0.8727	0.9937	1.3812	2.0856	1.3445	1.56	1.3604	1.4151	1.5554		0.5306	0.1599	0.6841	0.6474	0.6473	1.0652	0.7742	1.0893	1.2981	1.1192	1.1016	1.0832		
		1.4879	1.1339	1.4118	1.6688	0.281	0.664	0.313	1.3046	1.2903	0.2742	1.1846	1.2717		1.1009	0.7575	1.0942	1.2915	0.2119	0.526	0.2356	0.902	0.943	0.2056	0.9101	0.9196		
		0.465	1.0012	0.3017	1.8137	1.2628	1.5105	1.436	0.3221	1.8162	1.4802	0.3266	1.2882		0.2577	0.5475	0.2312	1.1455	0.9125	1.1746	1.042	0.2389	1.2916	1.1275	0.2475	0.9391		
		0.5692	0.6902	0.908	1.2424	0.8187	0.9974	0.8543	0.3355	0.305	0.8734	0.7668	2.2182		0.4551	0.538	0.7139	0.9933	0.652	0.7067	0.5739	0.2528	0.2312	0.5909	0.5763	0.9468		
		0.9439	1.033	0.2927	0.661	0.6907	0.6957	0.4283	1.2653	0.4297	0.7602	0.6467	0.8391		0.5139	0.7663	0.2243	0.5125	0.46	0.5488	0.3212	0.7213	0.3011	0.5094	0.4959	0.5747		
		0.2654	0.8338	0.8632	0.9311	0.7323	0.9297	0.28	0.3072	0.4987	0.2134	0.1911	0.2263		0.1969	0.6218	0.6306	0.6752	0.5558	0.5887	0.1978	0.2128	0.3982	0.1604	0.1465	0.1645		
		
~End
Copyright © 2003 Molecular Devices. All rights reserved.
