##BLOCKS= 1          
Plate:	Plate#1	1.3	PlateFormat	Endpoint	Absorbance	Raw	FALSE	1						2	490 750	1	12	96	1	8	None	
	Temperature(¡C)	1	2	3	4	5	6	7	8	9	10	11	12		1	2	3	4	5	6	7	8	9	10	11	12		
	23.20	0.57	2.661	1.2177	3.136	0.9055	2.5529	1.3859	1.6394	2.6353	1.996	3.3074	2.4486		0.1824	1.1481	0.3207	1.9215	0.3104	1.0806	0.3753	0.9882	1.3223	1.2159	1.7949	1.1866		
		0.613	2.0484	1.9672	2.5467	2.3795	1.3687	2.5486	1.1276	2.4787	1.2747	0.4755	2.1978		0.4457	1.5286	1.068	1.5809	1.3083	0.5263	1.571	0.7023	1.2244	0.5824	0.1434	1.1424		
		1.2081	0.2013	1.8503	2.4163	2.0393	2.2486	2.6456	2.326	2.4474	2.63	2.4012	2.569		0.5339	0.1387	0.8713	1.6516	1.0653	1.3528	1.0168	1.4341	1.4955	1.648	1.4232	1.3626		
		2.4743	2.2087	2.4164	2.6089	2.0843	2.394	2.2596	2.577	2.6394	1.7165	2.5751	2.544		1.4054	1.2287	1.5037	1.4175	1.1533	1.4723	1.4203	1.234	1.4487	0.5283	1.5832	1.496		
		0.8928	1.6018	2.4275	2.5115	1.6904	2.2804	2.5981	1.2979	2.5997	2.522	2.2286	2.5864		0.4301	0.6037	1.5437	1.5158	1.0194	1.4074	1.5311	0.5394	1.1386	1.4859	0.8877	1.2279		
		0.6044	0.9908	2.9036	2.7653	1.7647	2.0787	2.6196	0.5178	1.3119	2.0023	2.3694	2.6914		0.3945	0.6093	1.0913	1.1723	0.889	1.0824	1.1881	0.3474	0.4918	1.1801	0.784	1.1621		
		2.1044	2.6222	2.2879	2.67	1.4213	0.5148	0.6412	1.7269	0.598	1.0956	0.6057	1.9633		0.9453	1.7873	1.0651	0.8512	0.7187	0.3517	0.3463	0.9823	0.257	0.5443	0.321	0.9398		
		1.1899	0.7404	1.0016	0.8157	0.4235	1.4458	0.9462	0.6111	0.4862	1.0766	0.8377	0.8395		0.3832	0.2864	0.5294	0.4382	0.3084	0.5842	0.3494	0.3622	0.1888	0.4489	0.2814	0.2918		
		
~End
Copyright © 2003 Molecular Devices. All rights reserved.
