##BLOCKS= 1          
Plate:	Plate#1	1.3	PlateFormat	Endpoint	Absorbance	Raw	FALSE	1						2	490 750	1	12	96	1	8	None	
	Temperature(¡C)	1	2	3	4	5	6	7	8	9	10	11	12		1	2	3	4	5	6	7	8	9	10	11	12		
	23.20	1.4358	2.4794	0.9619	3.0685	1.0747	2.1899	1.0929	2.1776	2.7136	2.1285	3.3122	2.5706		0.4079	1.1091	0.2791	2.0932	0.3111	0.9586	0.4177	1.2816	1.4728	1.358	1.8583	1.1913		
		0.6685	2.0675	2.3677	2.4563	2.5297	1.8339	2.4132	1.1784	2.5028	1.329	0.4363	2.3042		0.5062	1.5425	1.111	1.6231	1.5198	0.6682	1.2957	0.7399	1.2192	0.6299	0.1486	1.1042		
		1.4778	0.3816	2.0058	2.5778	1.6551	1.8885	2.6307	2.4036	2.4409	2.6787	2.439	2.68		0.7603	0.2153	0.9729	1.7534	0.7932	1.2251	1.0395	1.4923	1.5484	1.5584	1.4564	1.376		
		2.5793	2.7745	2.5568	2.6394	1.7753	2.3284	2.2663	2.2116	2.4199	2.0197	2.5791	2.5678		1.5401	1.4595	1.4277	1.4463	1.0347	1.4289	1.3828	1.2014	1.4159	0.6312	1.5952	1.4474		
		0.8779	1.9031	2.5907	2.5481	1.3069	2.3239	2.6463	1.5071	2.6182	2.6334	2.2592	2.5466		0.3764	0.5609	1.3962	1.4881	0.8239	1.362	1.5257	0.4525	1.3182	1.5907	0.9953	1.2225		
		0.7355	1.0203	2.5453	2.7281	2.004	2.3423	1.5385	0.426	1.4359	1.887	2.4335	2.7997		0.4832	0.6189	0.8407	1.2157	1.0016	1.232	0.7785	0.2799	0.5903	1.0701	0.9424	1.2357		
		2.0896	2.3867	1.9935	2.1718	2.2749	0.5263	0.9797	2.3895	0.5608	1.7311	0.8785	1.7343		0.9284	1.6168	0.9973	0.8017	1.1604	0.3563	0.4671	1.3426	0.2575	0.8154	0.4059	0.6931		
		1.2706	0.8396	1.3216	0.9105	0.2965	1.3276	0.6816	0.5691	0.4987	0.7561	1.3851	1.6784		0.4898	0.2551	0.6243	0.5118	0.2153	0.4528	0.2876	0.3572	0.1867	0.3062	0.4941	0.4099		
		
~End
Copyright © 2003 Molecular Devices. All rights reserved.
