##BLOCKS= 1          
Plate:	Plate#1	1.3	PlateFormat	Endpoint	Absorbance	Raw	FALSE	1						2	490 750	1	12	96	1	8	None	
	Temperature(¡C)	1	2	3	4	5	6	7	8	9	10	11	12		1	2	3	4	5	6	7	8	9	10	11	12		
	23.90	0.3348	1.3555	0.2882	2.7163	0.3313	1.5263	0.2338	0.5518	2.7817	0.4265	2.7675	2.4438		0.2534	0.9973	0.2217	1.9353	0.245	1.1631	0.1721	0.3912	1.9003	0.3233	1.5882	1.7234		
		0.8504	2.6537	2.4372	2.5162	2.1444	0.7251	2.5027	1.2022	2.229	0.3462	1.9381	2.1841		0.6806	1.9291	1.6155	1.9557	1.4013	0.5179	1.6039	0.8313	1.5251	0.2567	1.261	1.3816		
		0.4864	0.1625	0.6852	0.6956	1.3695	1.5002	1.7364	2.6285	1.3332	2.2302	2.1285	2.1167		0.343	0.1301	0.4922	0.4927	0.9156	0.9191	0.8068	1.8469	0.9397	1.4782	1.3927	1.378		
		2.7072	2.0409	2.3879	2.1806	0.479	2.782	2.4387	2.3367	2.4315	0.3631	2.0021	1.8133		2.0513	1.3734	1.4971	1.4473	0.3536	1.9128	1.6617	1.5674	1.4629	0.2455	1.2609	1.1697		
		1.8947	1.0232	0.2934	2.6321	1.45	2.3964	2.6758	0.3467	2.5144	2.4613	0.4911	2.263		1.2819	0.677	0.2211	1.7093	1.0811	1.5818	1.6746	0.2541	1.6984	1.4979	0.3603	1.3143		
		1.8217	0.6905	0.5342	1.7834	1.6004	1.7142	0.7017	0.366	0.3867	0.7718	1.0832	1.572		1.0212	0.4762	0.3827	1.0815	0.9171	1.2129	0.4828	0.2766	0.2917	0.5126	0.7421	0.9787		
		1.4085	1.598	1.4168	1.1312	0.932	0.7901	0.5044	2.4539	1.2104	1.7602	0.9013	1.5658		0.8286	1.0584	0.9597	0.796	0.4992	0.5727	0.3471	1.6826	0.8133	1.0333	0.6366	1.0985		
		0.4143	1.2627	1.87	1.9974	0.3953	1.5174	0.2626	0.2581	1.2949	0.2686	0.2959	0.2421		0.3065	0.8854	1.3187	1.3525	0.2931	0.8796	0.199	0.1813	0.7639	0.2068	0.2263	0.1846		
		
~End
Copyright © 2003 Molecular Devices. All rights reserved.
