##BLOCKS= 1          
Plate:	Plate#1	1.3	PlateFormat	Endpoint	Absorbance	Raw	FALSE	1						2	490 750	1	12	96	1	8	None	
	Temperature(¡C)	1	2	3	4	5	6	7	8	9	10	11	12		1	2	3	4	5	6	7	8	9	10	11	12		
	23.90	0.2356	1.3957	0.2844	2.7613	0.3258	0.9763	0.3063	0.5345	2.8765	0.5206	2.5008	2.4824		0.194	1.0186	0.2168	1.9809	0.2424	0.7318	0.2131	0.3892	1.9716	0.3942	1.452	1.7547		
		0.4187	2.6282	2.4905	2.7861	2.5998	0.7059	2.3874	1.1957	2.3046	0.4769	2.6172	2.2402		0.3242	1.9248	1.6407	2.1853	1.5731	0.5103	1.5787	0.8236	1.5633	0.3494	1.769	1.4383		
		0.451	0.1519	0.5822	0.6634	1.6515	1.521	1.4486	2.4316	1.0673	2.7143	2.2464	2.2658		0.3458	0.122	0.3984	0.4672	1.1255	0.9549	0.6327	1.7004	0.7655	1.7668	1.39	1.4221		
		2.3778	2.2698	2.5534	2.3476	0.5027	2.7474	2.3719	2.431	2.0127	0.3216	2.318	1.5658		1.6789	1.5154	1.5941	1.5529	0.3631	1.9177	1.6799	1.6453	1.2332	0.2161	1.3843	1.0453		
		2.2007	1.184	0.2772	2.581	1.6373	2.2978	2.5917	0.3442	2.4706	2.1743	0.3061	2.1753		1.4844	0.7976	0.2066	1.6184	1.2441	1.5466	1.6051	0.2502	1.623	1.3518	0.2272	1.3025		
		1.8078	0.6899	0.5915	1.5919	1.5909	1.7464	0.9053	0.3471	0.3229	0.8234	1.2309	1.2193		1.0839	0.4791	0.4241	0.964	0.92	1.2628	0.6365	0.2565	0.2419	0.5404	0.8555	0.691		
		1.0541	2.3314	1.2517	1.3311	1.216	0.6778	0.4497	2.2575	0.9859	1.7001	0.6184	1.6391		0.6075	1.5546	0.8208	0.951	0.6383	0.4886	0.3013	1.5203	0.6637	0.953	0.4202	1.1621		
		0.4402	1.4559	1.7525	2.2592	0.4733	1.7936	0.3118	0.2093	1.5241	0.3105	0.2249	0.2563		0.3223	0.9998	1.2666	1.5548	0.3459	1.1472	0.2319	0.1452	0.8995	0.2484	0.1722	0.1953		
		
~End
Copyright © 2003 Molecular Devices. All rights reserved.
