##BLOCKS= 1          
Plate:	Plate#1	1.3	PlateFormat	Endpoint	Absorbance	Raw	FALSE	1						2	490 750	1	12	96	1	8	None	
	Temperature(¡C)	1	2	3	4	5	6	7	8	9	10	11	12		1	2	3	4	5	6	7	8	9	10	11	12		
	23.90	1.7575	2.382	2.3772	2.5708	1.0056	1.1671	1.3078	1.3478	2.3807	1.0918	1.9855	2.6797		0.4818	0.9254	1.3815	1.5079	0.3006	0.3748	0.5019	0.6453	1.194	0.6529	0.7613	1.2475		
		0.6126	0.9672	2.18	0.7845	2.243	0.7483	2.4475	1.137	2.1218	1.4733	0.8062	2.4163		0.477	0.6075	1.195	0.3079	1.2559	0.3153	1.3979	0.679	1.07	0.6062	0.2345	1.1675		
		1.4261	0.1606	1.7415	1.0281	1.2586	2.3068	2.0078	2.1284	2.511	2.3706	2.2832	2.4218		0.7168	0.122	0.9386	0.5197	0.7321	1.2697	0.8757	1.3448	1.4784	1.3512	1.2873	1.1584		
		2.4904	2.1359	2.5166	2.3155	1.024	1.9512	1.9208	2.3903	2.4657	1.2358	2.5254	2.3714		1.5224	1.1523	1.3623	1.3582	0.3422	1.1535	1.0437	1.143	1.2064	0.4127	1.445	1.28		
		0.8062	1.4557	2.4091	2.5607	1.3892	1.9986	2.6823	0.7868	2.3899	2.664	1.0374	2.6466		0.3567	0.5008	1.3105	1.5128	0.8431	1.185	1.4551	0.286	1.1811	1.6048	0.3517	1.2351		
		0.5952	0.9659	2.4146	2.1185	1.5725	1.3833	2.4387	0.3554	0.9066	1.0462	1.8244	2.3084		0.3805	0.6482	0.9483	0.9129	0.8533	0.6951	1.5036	0.2453	0.3351	0.5412	0.826	0.9939		
		1.9658	2.3312	2.0881	2.2247	0.992	0.8654	0.5599	2.1488	0.8667	1.2783	1.0098	1.2015		1.019	1.527	1.0846	0.9606	0.6018	0.5731	0.2638	1.2815	0.3668	0.6542	0.3955	0.4579		
		1.3829	0.9082	1.4659	0.8307	0.4786	1.2659	1.3468	0.5341	0.6262	0.5557	0.7331	0.4463		0.307	0.3789	0.8705	0.354	0.3476	0.446	0.7295	0.2635	0.2369	0.2353	0.2937	0.1821		
		
~End
Copyright © 2003 Molecular Devices. All rights reserved.
