##BLOCKS= 1          
Plate:	Plate#1	1.3	PlateFormat	Endpoint	Absorbance	Raw	FALSE	1						2	490 750	1	12	96	1	8	None	
	Temperature(¡C)	1	2	3	4	5	6	7	8	9	10	11	12		1	2	3	4	5	6	7	8	9	10	11	12		
	23.90	0.8845	2.207	2.8571	2.3988	0.9377	0.8571	1.5682	0.7288	2.5676	0.7688	2.0295	2.1922		0.2585	0.8803	1.5685	1.4404	0.3301	0.3439	0.6773	0.3761	1.1977	0.4203	0.7141	1.0917		
		0.5935	0.6574	2.4483	0.9247	2.285	0.6392	2.365	1.0283	2.2589	1.3158	0.205	2.4137		0.484	0.412	1.3031	0.3433	1.2824	0.2559	1.3957	0.6129	1.2583	0.4973	0.1302	1.1284		
		0.5205	0.2295	1.1311	0.9379	1.7403	2.0486	1.8091	2.3904	2.1728	2.6208	2.2202	2.4078		0.2722	0.1556	0.648	0.5307	0.8939	1.2313	0.8254	1.4113	1.3296	1.4106	1.3556	1.1096		
		2.1837	2.3499	2.1319	2.2609	0.6401	2.1682	2.2887	2.3307	2.5499	1.4107	2.3488	2.386		1.3399	1.2374	1.1148	1.3441	0.2273	1.2575	1.1675	1.1815	1.2831	0.5021	1.2228	1.2435		
		0.785	1.138	1.9171	2.0803	1.0212	2.2413	2.485	0.7665	2.514	2.3589	1.3303	2.3933		0.3075	0.4616	1.0972	1.1813	0.7401	1.2228	1.3253	0.2826	1.1936	1.2969	0.4842	1.1227		
		0.8077	1.0995	2.3557	1.9728	1.4122	1.5537	1.5978	0.295	0.702	2.1269	2.3644	2.4037		0.5844	0.7317	0.9333	0.8707	0.759	0.688	0.8653	0.2032	0.2547	1.1969	1.0252	1.1987		
		2.1723	2.2436	1.9154	2.3441	0.9304	1.3155	0.7441	1.9725	0.5227	1.1257	0.9851	1.1178		1.231	1.5155	1.0453	0.9216	0.5446	0.9038	0.312	1.0083	0.2053	0.602	0.3848	0.4706		
		1.4436	0.651	0.6252	0.6814	0.3365	0.8957	0.8987	0.5905	0.7349	0.8771	0.4789	1.246		0.377	0.2286	0.3575	0.3366	0.2464	0.3087	0.305	0.2559	0.2741	0.3951	0.1889	0.4485		
		
~End
Copyright © 2003 Molecular Devices. All rights reserved.
