##BLOCKS= 1          
Plate:	Plate#1	1.3	PlateFormat	Endpoint	Absorbance	Raw	FALSE	1						2	490 750	1	12	96	1	8	None	
	Temperature(¡C)	1	2	3	4	5	6	7	8	9	10	11	12		1	2	3	4	5	6	7	8	9	10	11	12		
	23.90	1.2928	2.1465	2.6666	2.0837	1.1615	0.8501	1.9118	0.7964	2.6654	1.4101	1.99	2.613		0.3726	0.824	1.3949	1.2539	0.3343	0.3221	0.789	0.3413	1.2733	0.7427	0.8105	1.2658		
		0.6874	0.6529	2.1078	0.6125	2.0301	0.58	2.3037	1.1496	2.2408	1.0426	0.2071	2.4058		0.5619	0.4184	1.1631	0.2309	1.1044	0.2284	1.2276	0.7198	1.2642	0.4879	0.1289	1.1775		
		1.4526	0.156	1.351	1.6291	1.9608	1.6081	2.0709	2.3892	2.2255	2.6111	1.9004	2.5064		0.7173	0.119	0.737	0.8769	0.918	0.9005	0.9175	1.461	1.1165	1.4351	1.0751	1.2249		
		2.3358	2.1676	2.4188	2.1446	1.2747	2.0647	2.2296	2.3106	2.5529	0.9946	2.6571	2.0971		1.2298	1.2518	1.3667	1.1812	0.3904	1.1467	1.222	1.184	1.1954	0.348	1.3709	1.1601		
		0.9141	1.1893	2.431	2.5287	1.0411	2.1859	2.198	1.1826	2.6627	2.3852	1.3766	2.3834		0.3777	0.3993	1.2952	1.499	0.5408	1.2277	1.1569	0.4392	1.3772	1.1598	0.413	1.167		
		0.539	1.2248	2.2584	2.762	1.657	1.3492	1.0204	0.3985	1.4236	1.316	1.8456	2.1381		0.31	0.8318	0.9708	1.176	0.9186	0.67	0.5684	0.275	0.4577	0.7257	0.7796	0.8209		
		2.4446	2.1554	1.7357	2.6744	1.842	1.0591	0.5219	2.2119	0.7738	1.1805	0.9044	1.392		1.3321	1.4391	0.9139	1.027	1.0838	0.7012	0.245	1.3291	0.3274	0.6696	0.3543	0.6166		
		1.6966	0.5407	0.9426	1.0256	0.4298	0.9036	0.5636	0.4668	0.6906	0.5934	0.5925	1.003		0.5195	0.2309	0.5648	0.385	0.297	0.3103	0.2153	0.2303	0.2669	0.2568	0.2282	0.384		
		
~End
Copyright © 2003 Molecular Devices. All rights reserved.
