##BLOCKS= 1          
Plate:	Plate#1	1.3	PlateFormat	Endpoint	Absorbance	Raw	FALSE	1						2	490 750	1	12	96	1	8	None	
	Temperature(¡C)	1	2	3	4	5	6	7	8	9	10	11	12		1	2	3	4	5	6	7	8	9	10	11	12		
	23.40	0.382	1.3849	0.3166	0.6479	0.3483	0.8016	1.9797	0.8818	1.7767	1.145	3.6983	2.0569		0.1761	0.5708	0.1578	0.3101	0.1703	0.3208	0.835	0.3437	0.8195	0.3869	1.3097	1.0158		
		0.5023	1.5434	1.7633	2.0115	1.9523	0.5371	1.6281	1.4669	2.2417	0.4357	2.4036	2.123		0.4088	1.123	0.7408	0.8362	0.92	0.2702	0.8336	0.6697	1.1233	0.1985	0.9675	1.0674		
		0.5129	0.2058	1.0144	1.5719	1.8579	1.2579	0.8625	0.5529	0.4412	1.0899	1.481	1.9178		0.2905	0.1344	0.486	0.6367	0.8312	0.5865	0.4613	0.226	0.1878	0.4621	0.6813	0.9592		
		1.1534	2.3673	0.3166	0.4207	0.4808	0.5886	0.4364	1.9386	1.0789	0.7736	0.6057	2.0562		0.5488	1.2973	0.1356	0.1969	0.2087	0.2341	0.1861	0.8889	0.4452	0.263	0.2799	1.1327		
		0.674	2.2054	0.3183	0.8772	0.5858	0.4174	1.987	0.5534	2.1581	0.6057	0.5866	1.9933		0.2752	0.9041	0.149	0.3355	0.3819	0.1853	0.7587	0.2498	1.1138	0.2731	0.2492	0.9355		
		0.6292	1.25	1.3501	1.4367	1.955	0.569	1.12	0.4244	0.5336	0.5668	1.0102	3.3329		0.2142	0.5159	0.6018	0.6644	0.8742	0.2234	0.4152	0.1826	0.2422	0.2189	0.6157	1.4267		
		1.2272	1.8052	0.9058	1.2683	0.173	0.4217	0.4216	1.0341	0.4038	0.4185	0.5836	0.6802		0.5292	0.8594	0.4002	0.4353	0.1427	0.1832	0.2043	0.4246	0.2011	0.2044	0.2101	0.2384		
		0.3615	0.8581	0.5372	0.6476	1.8552	0.3162	0.3121	0.2282	0.3825	0.3198	0.2937	0.2815		0.153	0.3579	0.2369	0.2531	0.8094	0.1498	0.1634	0.1485	0.1968	0.1719	0.1512	0.1507		
		
~End
Copyright © 2003 Molecular Devices. All rights reserved.
