##BLOCKS= 1          
Plate:	Plate#1	1.3	PlateFormat	Endpoint	Absorbance	Raw	FALSE	1						2	490 750	1	12	96	1	8	None	
	Temperature(¡C)	1	2	3	4	5	6	7	8	9	10	11	12		1	2	3	4	5	6	7	8	9	10	11	12		
	23.40	0.2692	1.2677	0.335	0.6484	0.3639	0.8691	1.9721	0.8787	1.7728	0.9926	3.6205	2.0783		0.1379	0.5298	0.1626	0.3134	0.1716	0.3315	0.7972	0.3387	0.7905	0.3327	1.448	1.0808		
		0.617	1.5997	1.8982	2.0628	1.9123	0.6825	1.823	1.387	2.2975	0.6197	1.8621	2.3386		0.4588	1.1733	0.8	0.8528	0.9321	0.3515	0.9463	0.6676	1.1656	0.2624	0.8213	1.2084		
		0.5909	0.2059	0.8679	1.6199	2.0018	1.9456	0.8181	0.5148	0.4528	1.0327	1.5582	1.8472		0.3075	0.1333	0.4167	0.6719	0.9172	0.9907	0.4486	0.2149	0.1944	0.4409	0.6624	0.9014		
		1.3246	2.3334	0.3683	0.4435	0.4633	0.5294	0.4362	1.7093	1.0283	0.9078	0.6519	2.4272		0.6132	1.2722	0.1553	0.2035	0.2026	0.2294	0.188	0.7883	0.4232	0.2994	0.2961	1.2578		
		0.6386	2.2308	0.3553	1.0596	0.4957	0.4014	2.0199	0.5359	2.2494	0.9002	0.6566	2.462		0.2489	0.9424	0.1584	0.4171	0.3215	0.1733	0.7161	0.2375	1.2004	0.406	0.282	1.2009		
		0.543	1.4416	2.1528	1.4398	1.7005	0.5204	1.6045	0.4103	0.7613	0.9014	1.2773	3.2482		0.2042	0.595	0.8835	0.6858	0.7708	0.203	0.598	0.1824	0.3247	0.4261	0.511	0.9033		
		0.9332	1.7766	0.8989	1.5753	0.1678	0.3765	0.4193	1.4662	0.4526	0.4729	0.4472	0.8248		0.396	1.1239	0.3993	0.54	0.1388	0.1722	0.2023	0.5673	0.2088	0.2276	0.181	0.3456		
		0.4177	0.6926	0.6325	0.8141	1.63	0.3475	0.3154	0.215	0.3721	0.3094	0.3234	0.4113		0.1684	0.3079	0.2651	0.2925	0.693	0.1646	0.1584	0.1276	0.1883	0.1718	0.1639	0.2491		
		
~End
Copyright © 2003 Molecular Devices. All rights reserved.
