##BLOCKS= 1          
Plate:	Plate#1	1.3	PlateFormat	Endpoint	Absorbance	Raw	FALSE	1						2	490 750	1	12	96	1	8	None	
	Temperature(¡C)	1	2	3	4	5	6	7	8	9	10	11	12		1	2	3	4	5	6	7	8	9	10	11	12		
	23.40	0.2856	1.5184	0.3611	0.8197	0.3341	0.6902	2.0075	0.8118	1.5587	0.9209	3.6592	2.3623		0.1405	0.5978	0.1726	0.3691	0.166	0.2777	0.815	0.3244	0.6959	0.3268	1.5645	1.1108		
		0.4858	1.559	1.8466	2.0344	1.9171	0.5701	1.6958	1.1888	2.1087	0.6881	1.9922	2.3581		0.3423	1.122	0.7649	0.8551	0.9234	0.2863	0.8635	0.6613	1.0797	0.281	0.8624	1.1511		
		0.4942	0.1687	0.9261	1.5423	1.7957	1.3726	0.8051	0.4812	0.4241	1.1912	1.6436	2.0631		0.2592	0.1175	0.4265	0.6498	0.7985	0.6855	0.4501	0.1996	0.1884	0.4925	0.7275	0.9977		
		1.0447	2.0433	0.2831	0.3683	0.3689	0.4591	0.4011	1.6181	0.9964	0.9161	0.5418	1.862		0.4634	1.1605	0.135	0.1777	0.1722	0.2062	0.1726	0.7819	0.3981	0.2849	0.2649	0.9073		
		0.597	1.876	0.3515	0.9602	0.7253	0.4629	1.9529	0.5471	2.112	0.7851	0.4571	2.0816		0.2439	0.7164	0.1647	0.3753	0.469	0.1994	0.7235	0.2489	1.0577	0.3479	0.223	1.1061		
		0.6428	1.1467	1.659	1.5916	1.6658	0.6	1.4653	0.4036	0.7089	0.7857	1.1971	3.0138		0.2214	0.4918	0.61	0.7605	0.7729	0.2288	0.5363	0.1777	0.31	0.3182	0.4479	0.7482		
		1.1582	2.077	0.8283	1.5132	0.1778	0.409	0.4283	1.265	0.4082	0.4686	0.6008	0.8772		0.5502	0.9993	0.3898	0.5208	0.1465	0.1786	0.2046	0.5142	0.1988	0.2312	0.2162	0.3645		
		0.3688	0.7874	0.5599	0.8391	1.5996	0.3337	0.3588	0.2301	0.3427	0.3056	0.3253	0.3186		0.1633	0.3612	0.2367	0.3054	0.733	0.1597	0.1801	0.1523	0.1876	0.1645	0.1589	0.1617		
		
~End
Copyright © 2003 Molecular Devices. All rights reserved.
