##BLOCKS= 1          
Plate:	Plate#1	1.3	PlateFormat	Endpoint	Absorbance	Raw	FALSE	1						2	490 750	1	12	96	1	8	None	
	Temperature(¡C)	1	2	3	4	5	6	7	8	9	10	11	12		1	2	3	4	5	6	7	8	9	10	11	12		
	22.70	0.214	1.2504	0.2447	1.1504	0.2216	0.4134	0.6048	0.314	1.1705	0.7613	1.6198	1.7109		0.1553	0.8333	0.1757	0.7509	0.1663	0.2629	0.2795	0.2137	0.7879	0.4098	0.5496	1.2403		
		0.6373	0.2782	1.8305	0.2516	1.6173	0.4211	1.933	1.3176	1.8497	0.2701	0.1944	1.8704		0.4811	0.1849	1.2145	0.1808	0.9597	0.2865	1.1031	1.0311	1.327	0.1904	0.1399	1.3465		
		0.2457	0.1936	0.2399	0.2238	1.446	1.8175	1.3123	0.3061	0.2493	1.4276	1.8715	1.7634		0.1792	0.1386	0.1762	0.1734	0.8616	1.08	0.8651	0.2157	0.1764	1.0197	1.3607	1.2857		
		1.784	1.8711	1.6989	1.7431	0.2704	0.3476	0.3358	1.6622	1.4377	0.354	1.7662	1.6061		1.2774	1.3049	1.2569	1.165	0.1909	0.2451	0.2421	1.1785	1.0136	0.2363	1.2868	1.1498		
		1.6508	1.8275	0.2554	2.0617	1.4326	0.2291	1.8197	0.2567	1.7991	1.697	0.2382	1.8658		1.2144	0.6328	0.1942	1.0854	0.8769	0.1666	1.2897	0.2038	1.3289	1.1806	0.1741	1.2672		
		0.3236	0.8229	1.0504	1.0453	1.0149	0.3715	0.7399	0.3653	0.2839	0.6777	0.5066	1.0859		0.2379	0.5839	0.709	0.77	0.6531	0.2375	0.5098	0.2573	0.2047	0.4788	0.331	0.62		
		1.1651	0.5674	0.6087	0.841	0.4863	1.6522	0.3582	0.3672	0.3254	0.2511	0.3142	0.2847		0.8284	0.3969	0.4238	0.5829	0.3675	1.1561	0.2472	0.2377	0.2247	0.1755	0.2123	0.1848		
		0.2202	0.2692	0.277	0.256	0.2421	0.3039	0.221	0.2312	0.2086	0.6683	0.1897	0.2586		0.1623	0.1816	0.1927	0.1764	0.1787	0.2037	0.1547	0.1586	0.1522	0.6204	0.1438	0.1809		
		
~End
Copyright © 2003 Molecular Devices. All rights reserved.
