##BLOCKS= 1          
Plate:	Plate#1	1.3	PlateFormat	Endpoint	Absorbance	Raw	FALSE	1						2	490 750	1	12	96	1	8	None	
	Temperature(¡C)	1	2	3	4	5	6	7	8	9	10	11	12		1	2	3	4	5	6	7	8	9	10	11	12		
	22.70	0.2829	0.8032	0.2276	2.5847	0.2056	0.3624	0.7002	0.3039	1.1652	0.2886	2.3369	1.9319		0.1988	0.5485	0.1681	1.4713	0.1564	0.2641	0.4203	0.2169	0.729	0.2331	0.6411	1.3138		
		0.4393	1.8582	1.9005	0.2312	1.9934	0.3454	1.4366	1.1684	1.9705	0.3616	0.183	1.8143		0.3591	1.4964	1.1998	0.1525	1.235	0.2359	0.9995	0.734	1.166	0.2564	0.1153	1.1503		
		0.8281	0.1486	0.6487	0.8457	1.2249	1.6066	1.3658	2.2508	1.7907	1.6836	1.8975	2.0542		0.5406	0.1145	0.4146	0.5542	0.8175	1.031	0.7686	1.3061	1.2391	1.3273	1.3141	1.2868		
		2.0764	1.82	1.9372	2.2034	0.3567	2.1156	0.4833	1.8472	1.7123	0.8097	1.7612	1.733		1.3754	1.1562	1.2871	1.3414	0.2469	1.2944	0.328	1.1097	1.1767	0.5561	1.1242	1.0056		
		0.626	1.2323	2.0424	0.5911	0.4481	1.9982	1.6836	0.337	2.0583	1.7328	0.3388	2.1391		0.279	0.6263	1.3142	0.4056	0.2997	1.2296	1.1341	0.2436	1.2171	1.1594	0.2496	1.218		
		1.1725	0.845	1.2779	1.9158	1.8119	1.8724	1.1349	0.3352	0.2966	1.6868	1.1814	1.453		0.8151	0.4983	0.6529	0.9501	0.8452	0.7103	0.6538	0.2298	0.2079	0.8619	0.6712	0.6625		
		1.1575	1.5854	0.6535	1.4185	1.086	1.0124	0.3527	0.584	0.5414	0.3273	0.6988	0.7712		0.5359	1.0989	0.4483	0.8093	0.6156	0.6921	0.258	0.4214	0.4017	0.2222	0.4579	0.5148		
		0.6027	0.3351	1.9936	0.7896	1.4427	0.4618	0.2205	0.2456	0.3104	0.1998	0.2059	0.3413		0.3617	0.2294	1.0594	0.4803	0.9872	0.3125	0.1544	0.1615	0.2197	0.1499	0.1527	0.2431		
		
~End
Copyright © 2003 Molecular Devices. All rights reserved.
