##BLOCKS= 1          
Plate:	Plate#1	1.3	PlateFormat	Endpoint	Absorbance	Raw	FALSE	1						2	490 750	1	12	96	1	8	None	
	Temperature(¡C)	1	2	3	4	5	6	7	8	9	10	11	12		1	2	3	4	5	6	7	8	9	10	11	12		
	22.60	0.2058	0.8958	0.297	2.4353	0.2481	0.2691	0.673	0.3418	1.347	0.294	2.6948	2.2484		0.1519	0.6309	0.2241	1.4466	0.1966	0.2037	0.3978	0.2486	0.8622	0.2382	0.9445	1.3643		
		0.5822	1.8412	1.8797	0.3669	2.1623	0.2707	1.7277	1.2203	2.4113	0.3939	0.2875	1.9061		0.4705	1.4912	1.1661	0.2796	1.3328	0.1975	1.2507	0.7955	1.3923	0.2704	0.2053	1.21		
		0.9292	0.1559	0.5672	0.8187	1.0454	1.7616	1.33	2.2278	1.908	1.5924	1.9348	1.9799		0.5935	0.1203	0.37	0.5466	0.6589	1.2307	0.7742	1.3071	1.3218	1.1983	1.3202	1.25		
		2.1473	2.1591	2.0178	2.1808	0.3875	1.9642	0.6614	2.062	1.9029	1.1764	1.9117	1.6611		1.4298	1.3369	1.3273	1.2961	0.2625	1.2056	0.4475	1.2859	1.2692	0.8324	1.2435	0.9723		
		0.7159	1.4468	2.2154	0.6793	0.5605	2.136	1.9412	0.3602	2.2206	1.9983	0.2432	2.1295		0.3425	0.726	1.3585	0.4821	0.3701	1.4025	1.3106	0.2606	1.3497	1.3035	0.1764	1.1719		
		1.2042	0.8511	1.5457	2.0153	1.4895	1.4052	0.8517	0.323	0.391	1.5821	1.0136	1.7381		0.8266	0.5102	0.7955	0.9938	0.7139	0.5504	0.5088	0.2188	0.2707	0.8318	0.5095	0.8325		
		1.1356	1.3407	0.6051	1.1304	1.3307	0.7971	0.3958	0.6778	0.4996	0.381	0.6038	0.9503		0.4746	1.0309	0.4084	0.6134	0.8162	0.505	0.2942	0.5014	0.379	0.2586	0.4033	0.6564		
		0.5405	0.5012	1.9884	1.0779	1.1828	0.4491	0.259	0.2682	0.3312	0.2785	0.269	0.234		0.3624	0.3435	1.2191	0.6699	0.7204	0.3113	0.1923	0.1731	0.2326	0.2036	0.1958	0.1698		
		
~End
Copyright © 2003 Molecular Devices. All rights reserved.
