##BLOCKS= 1          
Plate:	Plate#1	1.3	PlateFormat	Endpoint	Absorbance	Raw	FALSE	1						2	490 750	1	12	96	1	8	None	
	Temperature(¡C)	1	2	3	4	5	6	7	8	9	10	11	12		1	2	3	4	5	6	7	8	9	10	11	12		
	23.10	0.2263	0.5345	0.1982	0.4682	0.2197	0.3925	0.5529	0.2284	1.4787	0.6373	0.6968	1.4964		0.1639	0.3878	0.1545	0.343	0.1739	0.3154	0.3898	0.1627	1.2054	0.5154	0.369	1.1677		
		0.5036	0.2814	1.2099	0.1604	1.0145	0.1416	1.3166	1.0467	1.2667	0.2955	0.184	1.1789		0.3805	0.1931	0.959	0.119	0.7882	0.11	1.0691	0.7301	0.993	0.2017	0.1276	0.85		
		0.479	0.1438	0.2712	0.2281	0.9347	0.3185	0.3074	1.2113	0.2172	1.4258	1.1038	1.1941		0.3423	0.1144	0.2058	0.1474	0.6858	0.2308	0.2378	1.0134	0.1626	1.1918	0.8203	0.9265		
		0.6246	1.4328	1.0795	1.3483	0.2269	0.2387	0.3473	1.1414	0.804	0.1779	1.4286	1.339		0.5225	1.1115	0.8092	1.0732	0.1694	0.1876	0.248	0.8737	0.6018	0.1437	1.1529	0.977		
		0.44	1.1834	0.1866	0.5056	0.483	0.8866	1.4565	0.2317	1.4026	1.2534	0.1929	1.6513		0.2176	0.7398	0.134	0.364	0.3679	0.6748	1.2018	0.1793	1.1634	0.9969	0.147	1.247		
		0.571	1.1937	1.009	0.5824	0.2099	0.2534	0.5013	0.325	0.2063	0.8848	0.9081	1.2562		0.4026	0.7873	0.6057	0.4201	0.1651	0.177	0.341	0.2113	0.1578	0.4995	0.6014	0.7388		
		0.3064	0.3299	0.3841	1.0739	0.1573	0.7126	0.1957	0.1732	0.2204	0.2301	0.2709	0.2418		0.2188	0.2815	0.2941	0.7055	0.1265	0.5289	0.1455	0.1308	0.1646	0.1663	0.1869	0.1589		
		0.3208	0.2435	0.205	0.3119	0.2122	0.1583	0.3382	0.1739	0.1572	0.1905	0.3102	0.5892		0.2413	0.1851	0.1509	0.2266	0.1554	0.1188	0.2332	0.1304	0.1191	0.1425	0.2429	0.4598		
		
~End
Copyright © 2003 Molecular Devices. All rights reserved.
