##BLOCKS= 1          
Plate:	Plate#1	1.3	PlateFormat	Endpoint	Absorbance	Raw	FALSE	1						2	490 750	1	12	96	1	8	None	
	Temperature(¡C)	1	2	3	4	5	6	7	8	9	10	11	12		1	2	3	4	5	6	7	8	9	10	11	12		
	23.10	0.1589	0.6733	0.3113	0.6094	0.2703	0.5869	0.7216	0.2881	1.1404	0.1731	0.8083	1.2544		0.1326	0.4776	0.2364	0.4542	0.21	0.4699	0.5252	0.2116	0.9053	0.1343	0.3948	1.0839		
		0.6095	0.2734	1.2547	0.2481	1.1426	0.1912	1.1388	0.6795	1.1275	0.4223	0.2031	1.2435		0.4447	0.1893	0.968	0.1886	0.8971	0.1505	0.9156	0.4596	0.8619	0.3034	0.1434	0.9073		
		0.4188	0.164	0.4254	0.2671	1.4277	0.3386	0.3943	1.2834	0.2943	1.3301	1.5211	1.3586		0.2825	0.1283	0.3223	0.1948	1.1119	0.2485	0.3025	1.0528	0.2206	1.0641	1.1638	1.0469		
		1.2446	1.4971	1.5667	1.3094	0.2514	0.3532	0.403	1.2792	1.405	0.201	1.7609	1.3679		1.0603	1.0892	1.3242	1.026	0.1845	0.2763	0.2995	0.9667	1.1111	0.1553	1.4473	1.0823		
		0.521	1.0438	0.2143	0.3228	1.0205	0.6535	1.1765	0.2296	1.3041	0.9915	0.2496	1.311		0.2772	0.6329	0.1613	0.2394	0.8317	0.4997	0.9372	0.1808	1.0469	0.763	0.1887	0.9494		
		0.3648	1.0268	1.6875	0.9621	0.3249	0.3167	0.8448	0.3483	0.2487	1.0748	0.7307	1.7402		0.2427	0.671	1.2054	0.712	0.2558	0.2185	0.5449	0.2445	0.1909	0.5696	0.4897	0.9915		
		0.1795	0.2283	0.3717	1.0577	0.1671	0.541	0.1892	0.2918	0.2554	0.306	0.3007	0.3748		0.1369	0.1716	0.2887	0.6533	0.1326	0.3877	0.1489	0.2004	0.1848	0.2186	0.2088	0.2452		
		0.2425	0.2717	0.205	0.3819	0.2934	0.208	0.1867	0.1906	0.222	0.1983	0.2212	0.2951		0.1938	0.2028	0.1491	0.2533	0.2142	0.1509	0.137	0.1406	0.1625	0.1482	0.1703	0.2153		
		
~End
Copyright © 2003 Molecular Devices. All rights reserved.
