##BLOCKS= 1          
Plate:	Plate#1	1.3	PlateFormat	Endpoint	Absorbance	Raw	FALSE	1						2	490 750	1	12	96	1	8	None	
	Temperature(¡C)	1	2	3	4	5	6	7	8	9	10	11	12		1	2	3	4	5	6	7	8	9	10	11	12		
	23.60	0.2873	1.4418	0.2964	2.9366	0.2377	0.4464	1.7025	0.474	1.897	0.2971	2.9213	2.3785		0.1785	0.9146	0.1834	1.4034	0.1622	0.2665	0.9918	0.3057	0.9884	0.2271	0.9376	1.3413		
		0.549	0.8687	2.0499	0.4166	2.494	0.3834	1.929	1.3181	2.3842	0.5246	0.6668	1.9199		0.418	0.5916	1.1346	0.2223	1.2603	0.2354	1.0845	0.7923	1.1192	0.3251	0.464	1.023		
		1.3396	0.1625	0.6713	1.2972	1.0927	1.9228	1.665	2.7824	2.1248	2.3545	2.2388	2.4465		0.7407	0.12	0.3744	0.7146	0.5531	1.0306	0.7549	1.3159	1.3435	1.3504	1.2161	1.3245		
		2.4585	2.581	2.7733	2.6838	0.438	2.0737	1.0795	2.5595	2.4579	0.8273	2.5991	1.8663		1.5403	1.3914	1.3877	1.3354	0.2587	1.1855	0.6445	1.3169	1.3284	0.4746	1.3044	0.958		
		0.7027	1.2274	0.2373	0.4678	0.6519	1.8959	2.2563	0.9248	2.6638	2.2161	0.3573	2.0466		0.2502	0.4776	0.1514	0.2891	0.4056	1.1265	1.1652	0.508	1.3512	1.2021	0.2302	1.0498		
		0.8938	1.0525	1.3361	2.1593	2.1976	2.0772	1.2134	0.4243	0.4721	1.5563	1.7794	1.8707		0.4986	0.5279	0.5128	0.9658	0.8412	0.6786	0.5926	0.2633	0.276	0.7342	0.7346	0.7077		
		1.2266	1.6918	0.5404	1.0212	1.3962	1.0162	0.4525	1.2097	0.7392	0.8843	1.1721	0.9948		0.5125	1.0789	0.3431	0.4007	0.7181	0.5472	0.2954	0.7019	0.4858	0.4728	0.7194	0.6333		
		0.4462	0.4146	1.8141	1.7409	1.0512	0.7455	0.2997	0.3186	0.2833	0.245	0.2197	0.2756		0.2852	0.2845	0.962	1.0023	0.5971	0.4428	0.1696	0.2036	0.1855	0.1623	0.1501	0.1811		
		
~End
Copyright © 2003 Molecular Devices. All rights reserved.
