##BLOCKS= 1          
Plate:	Plate#1	1.3	PlateFormat	Endpoint	Absorbance	Raw	FALSE	1						2	490 750	1	12	96	1	8	None	
	Temperature(¡C)	1	2	3	4	5	6	7	8	9	10	11	12		1	2	3	4	5	6	7	8	9	10	11	12		
	23.60	0.3758	1.4253	0.3674	2.9415	0.274	0.3637	1.1559	0.3601	1.6966	0.2987	2.9913	2.5976		0.2333	0.9331	0.2178	1.3921	0.1793	0.2225	0.62	0.2275	0.8564	0.2215	0.8223	1.4197		
		0.6408	0.9072	1.9399	0.2693	2.2043	0.277	1.9813	1.1768	2.5948	0.5423	0.34	1.9372		0.507	0.6132	1.1044	0.1645	1.1126	0.1785	1.1587	0.668	1.3016	0.3328	0.2252	1.023		
		1.3919	0.1534	0.7999	1.3679	1.3688	1.9604	1.4917	2.7337	1.8262	2.0694	2.1823	2.361		0.745	0.1155	0.4794	0.7527	0.6919	1.0434	0.6803	1.3042	1.22	1.1072	1.3248	1.2634		
		2.2301	2.5485	2.4766	2.6556	0.4247	2.3735	0.9236	2.1827	1.7536	1.0195	2.401	1.9269		1.3729	1.4292	1.2482	1.3158	0.2369	1.3314	0.5325	1.0768	0.9549	0.5523	1.1682	0.9992		
		0.7522	1.4351	0.3037	0.572	0.6248	1.8338	2.4245	0.7783	2.737	2.4744	0.3293	2.4245		0.2898	0.606	0.1891	0.3593	0.3769	1.0915	1.2914	0.4311	1.415	1.3649	0.2129	1.1943		
		1.3207	1.0516	1.4715	1.9435	1.6878	1.9951	1.1719	0.4142	0.4849	1.016	1.2834	1.8655		0.8589	0.5358	0.5581	0.8161	0.6834	0.8042	0.5873	0.2674	0.2843	0.4744	0.5249	0.6746		
		1.6572	1.7461	0.5979	1.3732	1.7236	0.8452	0.4536	1.0543	0.8089	0.5225	1.2817	0.8529		0.5765	1.1112	0.3776	0.5401	0.8783	0.5442	0.2872	0.6591	0.5385	0.2806	0.7948	0.533		
		0.5881	0.5622	1.1792	0.9069	0.7815	0.8523	0.2635	0.2866	0.2597	0.241	0.244	0.3534		0.3549	0.3419	0.633	0.5201	0.4608	0.5478	0.1629	0.1748	0.1674	0.1703	0.1627	0.2155		
		
~End
Copyright © 2003 Molecular Devices. All rights reserved.
