##BLOCKS= 1          
Plate:	Plate#1	1.3	PlateFormat	Endpoint	Absorbance	Raw	FALSE	1						2	490 750	1	12	96	1	8	None	
	Temperature(¡C)	1	2	3	4	5	6	7	8	9	10	11	12		1	2	3	4	5	6	7	8	9	10	11	12		
	22.90	0.311	1.7871	0.3044	2.7591	0.3311	0.8866	1.0087	0.5488	2.1573	1.6846	2.1778	1.9033		0.1891	0.8354	0.176	1.3314	0.1898	0.5326	0.4623	0.3092	1.1128	1.2526	0.8056	1.2647		
		0.4916	1.9284	2.0624	2.1701	1.9989	0.5843	1.9182	0.9707	2.0449	0.5672	2.0211	1.8666		0.3686	1.5023	1.2189	1.3894	1.3709	0.317	1.2103	0.6421	1.2743	0.3373	1.1172	1.2037		
		0.3303	0.4101	1.0238	2.4227	1.6047	2.178	2.3118	2.1255	1.7125	1.431	1.234	2.0866		0.1956	0.22	0.5932	1.3825	0.9027	1.1014	0.9258	1.3132	1.177	0.8742	0.8012	1.2633		
		2.1389	2.1449	1.8581	2.3554	0.6665	1.9689	0.6033	2.1367	0.8114	0.4865	2.0045	2.3911		1.3318	1.2877	1.1926	1.3689	0.385	1.2659	0.3395	1.3122	0.4591	0.2885	1.0958	1.1117		
		0.7652	1.7919	2.2206	2.5556	2.5172	2.1375	2.2205	0.3846	1.7243	2.0623	0.3331	1.9088		0.3252	0.5608	1.3341	1.3858	1.4163	1.3368	1.2589	0.2221	1.0276	1.1002	0.1887	1.0366		
		0.4492	1.2991	2.2641	2.1129	2.1463	3.1978	1.9888	0.3658	0.5276	1.914	1.8179	1.8186		0.2835	0.4968	0.7752	0.8992	0.9062	0.9906	0.7171	0.2463	0.2798	0.7504	0.5776	0.7463		
		1.5655	1.5935	0.5678	1.9096	1.813	1.8692	0.3874	0.6043	0.4794	0.5258	0.6249	0.6614		0.6334	0.9537	0.315	0.5832	0.8539	0.874	0.2426	0.34	0.2882	0.2912	0.3127	0.3334		
		0.3552	0.4441	0.9281	0.4685	0.3932	0.5355	0.3951	0.3987	0.3548	0.292	0.3172	0.3077		0.1796	0.2402	0.4716	0.2351	0.2724	0.2511	0.2133	0.2514	0.1989	0.1762	0.1773	0.1765		
		
~End
Copyright © 2003 Molecular Devices. All rights reserved.
