##BLOCKS= 1          
Plate:	Plate#1	1.3	PlateFormat	Endpoint	Absorbance	Raw	FALSE	1						2	490 750	1	12	96	1	8	None	
	Temperature(¡C)	1	2	3	4	5	6	7	8	9	10	11	12		1	2	3	4	5	6	7	8	9	10	11	12		
	22.90	0.3632	1.8417	0.3657	2.641	0.3487	0.8013	1.0563	0.6101	2.0024	1.7275	1.8923	2.018		0.21	0.8458	0.2078	1.282	0.2034	0.4791	0.4743	0.3426	1.0431	1.2859	0.6744	1.3327		
		0.6369	1.9466	2.185	2.0554	1.932	0.5421	1.9729	1.0392	2.1693	0.4814	2.0131	2.039		0.5063	1.5099	1.3026	1.4346	1.3091	0.2922	1.2753	0.6959	1.3717	0.2838	1.1317	1.3564		
		0.3782	0.4896	1.129	2.4451	1.7765	2.2393	1.9543	2.1617	1.5885	1.3796	1.2689	2.3198		0.2294	0.2586	0.6495	1.3824	0.9654	1.1352	0.7571	1.3519	1.0911	0.8793	0.8186	1.3988		
		2.2001	2.1835	1.9463	2.4319	0.6659	1.9868	0.6307	1.9103	0.8162	0.5317	2.2045	2.3297		1.3164	1.3686	1.2511	1.3835	0.3935	1.2738	0.3512	1.1898	0.4504	0.3104	1.2262	1.1223		
		0.791	1.7417	2.1585	2.7795	2.414	2.2118	2.3314	0.3351	1.7937	1.9701	0.3339	2.1919		0.3386	0.538	1.2877	1.4809	1.3618	1.3747	1.3232	0.1945	1.0527	1.0475	0.1905	1.1713		
		0.4467	1.325	2.1367	2.3086	2.1632	3.2673	1.6034	0.4041	0.4475	1.9387	1.8046	1.9235		0.2421	0.5169	0.7231	1.0191	0.8915	1.0912	0.5885	0.2743	0.2415	0.7858	0.5963	0.7451		
		1.7943	1.6917	0.6285	1.7847	1.7552	1.9068	0.4331	0.6537	0.4921	0.4411	0.6987	0.6227		0.7335	1.0554	0.3678	0.5641	0.8635	0.8156	0.2642	0.3697	0.2908	0.2531	0.34	0.3126		
		0.4126	0.5006	0.7363	0.4616	0.3154	0.5893	0.3752	0.404	0.3345	0.2963	0.2956	0.3123		0.2238	0.2726	0.38	0.2204	0.2207	0.2746	0.2067	0.2197	0.1922	0.1789	0.1691	0.191		
		
~End
Copyright © 2003 Molecular Devices. All rights reserved.
