##BLOCKS= 1          
Plate:	Plate#1	1.3	PlateFormat	Endpoint	Absorbance	Raw	FALSE	1						2	490 750	1	12	96	1	8	None	
	Temperature(¡C)	1	2	3	4	5	6	7	8	9	10	11	12		1	2	3	4	5	6	7	8	9	10	11	12		
	23.50	0.4144	1.453	0.2759	2.5605	0.2012	1.1553	1.104	0.2562	1.4851	0.661	1.2296	1.5071		0.2488	0.9476	0.1985	1.5347	0.1668	0.8695	0.7288	0.191	1.1509	0.5362	0.8756	1.1338		
		0.6112	0.2921	1.6903	1.4828	1.0944	0.7792	1.9618	0.9179	1.4543	0.2854	1.3797	1.5516		0.4723	0.2149	1.298	0.9615	0.7943	0.5141	1.019	0.6768	1.0911	0.2172	1.0233	1.1776		
		0.3008	0.1752	1.6789	1.2976	1.5599	1.4002	2.007	2.4553	1.6375	2.5847	1.6896	2.0296		0.1854	0.134	0.669	0.9912	1.0509	1.0439	0.8702	1.6907	1.3376	1.5977	1.2052	1.3885		
		1.6635	1.8588	1.588	1.4256	0.357	0.3678	0.6383	2.5193	2.0531	0.3537	1.829	2.0901		1.3089	1.4413	1.1646	1.0495	0.255	0.2693	0.4395	1.3257	1.5599	0.2544	1.2613	1.4384		
		0.5858	1.152	0.2859	2.0247	0.5599	1.8628	1.4502	0.4183	1.7244	2.1505	0.3322	1.5625		0.3634	0.8504	0.2046	1.3892	0.4196	1.2915	1.0138	0.3006	1.3139	1.4325	0.2288	1.2117		
		0.7663	0.6609	0.6747	0.9467	0.9062	2.0204	0.6639	0.5255	0.3287	0.3398	0.5021	1.8929		0.564	0.4668	0.481	0.6951	0.742	1.1927	0.3736	0.3919	0.2411	0.2374	0.3603	0.6367		
		0.5495	0.9408	0.6154	0.7398	0.5404	1.0797	0.7487	1.6696	2.29	0.4606	0.5775	2.1053		0.3138	0.6522	0.4704	0.5214	0.3149	0.6372	0.4882	0.877	1.0287	0.3028	0.3281	1.0995		
		0.6372	0.4134	1.6924	0.6119	0.5259	2.0033	0.2745	0.1942	0.7737	0.2845	0.34	0.3002		0.4087	0.2861	0.7601	0.4236	0.41	0.902	0.1624	0.1447	0.477	0.2005	0.2328	0.1976		
		
~End
Copyright © 2003 Molecular Devices. All rights reserved.
