##BLOCKS= 1          
Plate:	Plate#1	1.3	PlateFormat	Endpoint	Absorbance	Raw	FALSE	1						2	490 750	1	12	96	1	8	None	
	Temperature(¡C)	1	2	3	4	5	6	7	8	9	10	11	12		1	2	3	4	5	6	7	8	9	10	11	12		
	23.50	0.2598	1.7156	0.3602	2.4108	0.1827	1.7143	1.2001	0.4028	1.5831	0.6496	1.8348	1.4033		0.1912	1.0212	0.257	1.4172	0.1508	1.3233	0.8575	0.3217	1.2505	0.519	1.3778	1.0834		
		0.5847	0.3068	1.5875	2.1967	1.5641	0.7051	2.4404	1.1535	1.4598	0.3105	2.091	1.3312		0.4566	0.2361	1.1703	1.5356	1.1859	0.4854	1.3539	0.8703	1.1159	0.233	1.5203	0.9537		
		0.4365	0.1765	2.0889	1.4983	1.5124	1.8184	1.5505	2.307	1.6059	2.0689	2.2921	1.6652		0.2499	0.1331	0.8988	1.1349	0.9818	1.2909	0.6334	1.6292	1.3026	1.4346	1.6515	1.2373		
		2.1091	1.4223	1.7632	1.7249	0.3639	0.4486	0.5822	1.5322	2.0254	0.3097	2.0624	1.9371		1.5927	1.0797	1.2553	1.2342	0.2621	0.3565	0.4072	1.12	1.4485	0.2215	1.5119	1.3666		
		0.5382	0.914	0.23	2.2951	0.8675	1.7812	1.9471	0.1921	2.2074	2.2269	0.2977	1.4177		0.3848	0.6502	0.1671	1.6101	0.6957	1.2441	1.3941	0.1473	1.6232	1.4834	0.2045	1.094		
		0.473	0.7499	0.6132	1.2188	0.6655	1.8722	0.4099	0.6564	0.375	0.4026	0.4706	2.1291		0.3601	0.5405	0.4465	0.9017	0.5167	0.9392	0.2108	0.5036	0.2639	0.2791	0.3285	0.7711		
		1.0497	1.2241	0.4205	0.8856	1.0679	0.9927	1.3515	1.9257	1.717	0.4105	0.5766	1.35		0.7533	0.8834	0.3211	0.6483	0.6592	0.5464	0.977	1.1048	0.7524	0.2675	0.3597	0.6402		
		0.6773	0.4	1.2635	0.6454	0.5961	2.3928	0.3343	0.2971	1.1806	0.9884	0.3655	0.3189		0.4326	0.2741	0.6846	0.4527	0.4647	1.0381	0.1905	0.2328	0.8464	0.9306	0.2661	0.2194		
		
~End
Copyright © 2003 Molecular Devices. All rights reserved.
