##BLOCKS= 1          
Plate:	Plate#1	1.3	PlateFormat	Endpoint	Absorbance	Raw	FALSE	1						2	490 750	1	12	96	1	8	None	
	Temperature(¡C)	1	2	3	4	5	6	7	8	9	10	11	12		1	2	3	4	5	6	7	8	9	10	11	12		
	22.30	0.4072	1.3693	0.4536	2.3688	0.3748	1.1731	0.4993	0.9992	1.7295	1.29	1.3918	1.6971		0.2416	0.951	0.2859	1.4853	0.2328	0.7967	0.302	0.7158	1.2092	0.9483	0.3571	1.2427		
		0.563	1.8399	1.5695	0.8894	1.6705	0.4563	1.5753	1.3484	1.654	0.7112	0.8885	1.7133		0.4436	1.4393	1.1876	0.588	1.2044	0.2996	1.1649	0.9633	1.2623	0.4827	0.6207	1.2617		
		1.3154	0.1437	1.4718	1.1946	1.1434	1.5305	1.3906	1.8924	1.803	1.534	1.6924	1.5303		0.8023	0.113	1.0139	0.8429	0.7925	1.1849	0.8596	1.4122	1.4651	1.0969	1.309	1.1213		
		2.1004	2.1074	1.821	1.5634	1.2568	1.7895	0.9985	1.4429	1.5188	0.5231	1.9868	1.9446		1.4636	1.5859	1.3208	1.202	0.8777	1.3894	0.7024	1.0226	1.1286	0.3342	1.4664	1.4077		
		0.4481	0.8806	0.3451	2.089	1.1812	1.6125	1.4235	0.3887	1.6189	1.6606	0.3606	1.6819		0.2477	0.3746	0.2172	1.5715	0.8951	1.2259	1.0337	0.2673	1.257	1.2741	0.2418	1.1827		
		0.743	1.0171	1.9657	1.9278	0.3037	1.1735	1.7811	0.3129	0.4759	1.2245	1.8405	1.7969		0.5198	0.6547	0.8374	1.2078	0.2068	0.7749	0.816	0.2235	0.325	0.6443	0.872	0.7411		
		1.66	1.5894	0.9768	1.9509	1.7692	0.2662	0.474	2.125	0.485	0.5982	0.6778	1.2097		0.8237	1.0703	0.7012	0.8937	0.9915	0.1899	0.313	1.2153	0.2822	0.3342	0.3792	0.6661		
		0.3129	1.0005	0.8575	0.5346	0.4943	0.5018	0.2834	0.3809	0.5243	0.2605	0.3799	0.3367		0.2232	0.6508	0.4883	0.3809	0.3702	0.3336	0.2025	0.2203	0.2828	0.1695	0.2236	0.2073		
		
~End
Copyright © 2003 Molecular Devices. All rights reserved.
