##BLOCKS= 1          
Plate:	Plate#1	1.3	PlateFormat	Endpoint	Absorbance	Raw	FALSE	1						2	490 750	1	12	96	1	8	None	
	Temperature(¡C)	1	2	3	4	5	6	7	8	9	10	11	12		1	2	3	4	5	6	7	8	9	10	11	12		
	22.20	0.3624	1.109	0.3488	2.3087	0.3957	1.3113	0.5748	0.8655	1.8951	1.102	1.5111	1.7282		0.2083	0.7794	0.2292	1.4478	0.2579	0.9131	0.3405	0.6093	1.312	0.8219	0.4632	1.2785		
		0.7138	1.6173	1.6815	0.8657	1.5642	0.4194	1.7011	1.156	1.4473	0.6536	1.3856	1.9224		0.5401	1.3102	1.28	0.5826	1.1475	0.2828	1.2802	0.8123	1.0397	0.4428	1.0758	1.4531		
		1.6051	0.1542	1.4084	1.353	1.2282	1.5081	1.272	2.0578	1.7884	1.6874	1.8559	1.6807		1.009	0.1248	0.9658	0.9637	0.8871	1.1626	0.7812	1.5534	1.462	1.265	1.4468	1.2191		
		2.112	1.7846	1.5407	1.8143	1.0767	1.9015	1.0085	1.3739	1.9409	0.3725	1.591	1.9128		1.4752	1.3406	1.1258	1.4084	0.753	1.4739	0.7092	0.9953	1.4971	0.2526	1.0887	1.3785		
		0.5752	0.7422	0.318	2.1465	0.8772	1.5793	1.5437	0.3086	1.732	1.3025	0.3471	1.6973		0.3451	0.3167	0.2083	1.6181	0.6748	1.1708	1.1627	0.2151	1.3363	0.9708	0.2372	1.2213		
		0.725	0.9372	2.5539	1.7032	0.3489	1.1135	1.5859	0.2935	0.4192	1.7492	1.9169	1.9546		0.5097	0.6304	1.1021	1.0295	0.2382	0.7301	0.7388	0.2101	0.2887	0.87	0.9113	0.866		
		1.6577	1.8977	0.6962	1.1076	1.8083	0.3156	0.57	1.9724	0.4772	0.5432	0.7431	1.2724		0.9276	1.3003	0.4994	0.5544	0.9973	0.2238	0.3777	1.0249	0.2968	0.3265	0.4075	0.6086		
		0.3126	0.7478	1.0672	0.5569	0.3687	0.5191	0.3047	0.2697	0.4932	0.2693	0.243	0.3637		0.2081	0.5452	0.6238	0.3901	0.2712	0.3537	0.218	0.1642	0.2749	0.1823	0.1606	0.2264		
		
~End
Copyright © 2003 Molecular Devices. All rights reserved.
