##BLOCKS= 1          
Plate:	Plate#1	1.3	PlateFormat	Endpoint	Absorbance	Raw	FALSE	1						2	490 750	1	12	96	1	8	None	
	Temperature(¡C)	1	2	3	4	5	6	7	8	9	10	11	12		1	2	3	4	5	6	7	8	9	10	11	12		
	23.90	0.2917	1.592	0.3277	2.3764	0.4184	1.0415	0.3923	0.739	1.9681	0.4688	0.2202	2.8161		0.2086	1.0382	0.2276	1.6546	0.2939	0.7708	0.2334	0.5429	1.4301	0.3651	0.146	2.029		
		0.5607	2.2929	2.4351	1.1951	2.5258	0.9543	2.2306	2.2649	2.2951	1.0175	0.3368	1.7339		0.4383	1.5477	1.6143	0.8322	1.8634	0.6602	1.6886	1.6341	1.6588	0.7039	0.2399	1.1847		
		0.4374	0.1467	1.551	0.3624	1.9503	1.0315	1.8524	1.0164	0.8472	2.499	2.5146	2.7572		0.3315	0.1146	1.0263	0.2668	1.1491	0.6631	1.2299	0.684	0.5852	1.9683	1.8658	2.0545		
		2.7788	2.6319	2.9936	2.8074	0.6888	2.1042	0.9183	2.6661	2.808	0.4065	2.2408	1.6418		2.1498	1.8235	2.2165	2.1332	0.4753	1.5207	0.6114	1.9514	2.1414	0.2765	1.6605	1.1868		
		0.6862	2.4512	0.3046	2.3287	0.2907	2.2472	2.2463	0.4226	2.4143	2.637	0.5469	2.7719		0.4263	1.6914	0.2149	1.7285	0.2249	1.7341	1.5387	0.2953	1.6657	1.8904	0.3665	2.0095		
		1.4572	0.9189	1.8785	1.5346	1.2834	0.9593	1.1283	0.3118	0.626	1.4835	1.3936	1.6907		0.9769	0.6699	1.2735	0.9963	0.8728	0.6455	0.7014	0.2192	0.4169	0.7605	0.9181	1.1033		
		0.2468	0.6254	0.9786	1.5559	0.4251	1.1077	1.0168	1.4602	0.6652	0.602	1.3428	1.0671		0.181	0.5179	0.7146	1.0024	0.2531	0.7562	0.6413	1.0314	0.4534	0.4136	0.9015	0.6663		
		0.4538	1.431	0.3935	1.5437	1.0803	0.8116	0.3233	0.2364	0.646	0.3072	0.3509	0.2782		0.2973	0.9951	0.2708	0.9959	0.7203	0.5386	0.2253	0.1565	0.3704	0.2232	0.2495	0.1954		
		
~End
Copyright © 2003 Molecular Devices. All rights reserved.
