##BLOCKS= 1          
Plate:	Plate#1	1.3	PlateFormat	Endpoint	Absorbance	Raw	FALSE	1						2	490 750	1	12	96	1	8	None	
	Temperature(¡C)	1	2	3	4	5	6	7	8	9	10	11	12		1	2	3	4	5	6	7	8	9	10	11	12		
	23.90	0.5358	1.3782	0.3851	2.6357	0.4845	1.2762	0.3122	0.642	2.2053	0.3969	0.3015	2.1508		0.3425	0.8975	0.2671	1.9327	0.3365	0.9441	0.1994	0.4603	1.6009	0.3012	0.1747	1.5198		
		0.6957	1.775	2.416	1.1125	2.4985	0.8534	1.6985	1.5129	2.3965	0.9246	0.236	2.3531		0.511	1.1746	1.7118	0.7905	1.7941	0.6084	1.2459	1.0832	1.7253	0.6251	0.1655	1.6353		
		0.4682	0.1572	1.457	0.402	2.1195	1.3455	1.686	0.8917	0.5868	2.7574	2.1304	2.6791		0.3527	0.1255	0.963	0.2938	1.3087	0.8878	1.0923	0.5852	0.3938	2.2239	1.5855	1.913		
		2.8108	2.1559	2.2565	2.9119	0.6862	2.2789	0.7112	2.7345	2.375	0.6164	2.6825	1.8425		2.2343	1.4627	1.6407	2.2745	0.4729	1.5891	0.4704	2.0626	1.7488	0.4372	1.9914	1.3423		
		0.8249	1.4717	0.3508	2.9784	0.3198	2.3519	2.5716	0.4538	2.4308	2.43	0.616	2.1129		0.5371	0.8879	0.2493	2.2698	0.258	1.8185	1.7868	0.3185	1.7335	1.7729	0.414	1.3777		
		1.5486	0.8725	1.2947	1.5186	1.2515	0.8807	0.6548	0.3851	0.9706	1.3982	1.2534	1.2442		0.9907	0.6221	0.8455	0.9755	0.8475	0.5837	0.4094	0.2685	0.643	0.7328	0.805	0.7278		
		0.2564	0.8244	0.8455	1.8035	0.7666	1.3184	0.6471	1.6517	0.5109	0.5825	0.7741	1.1478		0.1842	0.6556	0.612	1.1887	0.5271	0.9108	0.4026	1.179	0.3494	0.3984	0.4995	0.7197		
		0.5039	0.8864	0.4151	1.4687	0.9433	0.7229	0.2812	0.2818	0.8204	0.2617	0.3918	0.319		0.332	0.6066	0.2917	0.9051	0.6409	0.4786	0.2061	0.1814	0.4442	0.1969	0.2807	0.2253		
		
~End
Copyright © 2003 Molecular Devices. All rights reserved.
