##BLOCKS= 1          
Plate:	Plate#1	1.3	PlateFormat	Endpoint	Absorbance	Raw	FALSE	1						2	490 750	1	12	96	1	8	None	
	Temperature(¡C)	1	2	3	4	5	6	7	8	9	10	11	12		1	2	3	4	5	6	7	8	9	10	11	12		
	23.90	0.3922	1.5751	0.3739	2.6503	0.5082	0.8551	0.4792	0.6346	1.9892	0.4657	0.3707	2.4208		0.2725	1.012	0.2578	1.9309	0.3605	0.6364	0.308	0.4637	1.4287	0.3655	0.2288	1.7246		
		0.7355	2.5132	2.4696	1.1588	2.3434	1.0615	2.0852	0.9098	2.4855	0.6155	0.1951	2.0581		0.5511	1.7624	1.6647	0.8233	1.6712	0.7315	1.5868	0.6358	1.7853	0.4076	0.1366	1.3899		
		0.7065	0.1854	0.4847	0.4947	1.9577	1.2093	2.1806	1.0307	0.8811	2.2244	2.149	2.2522		0.443	0.1491	0.3536	0.3657	1.2035	0.7813	1.3869	0.6827	0.5974	1.7316	1.5734	1.5892		
		2.7337	2.4247	2.7363	2.8727	0.6791	1.7219	0.972	2.7792	2.7914	0.4076	3.1104	2.1701		2.2135	1.6558	1.9974	2.2499	0.4668	1.2278	0.6543	2.1162	2.0784	0.2857	2.4497	1.5519		
		0.8666	1.5304	0.4599	2.7024	0.2906	2.6626	2.8254	0.6851	2.0342	2.6377	0.4538	2.5834		0.4997	0.9143	0.3123	2.1151	0.2296	2.0369	2.0018	0.4912	1.351	1.895	0.3115	1.7777		
		1.5976	0.9887	1.6221	1.8876	1.0376	0.8021	1.1463	0.479	0.6085	1.082	0.7934	1.3648		0.9876	0.7175	1.082	1.2885	0.7092	0.5285	0.7231	0.3394	0.4031	0.5745	0.5102	0.8679		
		0.2408	0.648	0.9379	1.4153	0.9095	1.4547	0.9349	2.0766	0.6096	0.4548	0.8807	1.0514		0.178	0.4814	0.6913	0.9279	0.6475	1.0059	0.5824	1.5551	0.4109	0.3147	0.5811	0.6824		
		0.6365	1.4829	0.6543	1.441	0.9112	0.5358	0.3757	0.278	1.0561	0.3339	0.2287	0.3539		0.4309	1.0461	0.4323	0.8947	0.6038	0.3503	0.2578	0.1859	0.589	0.2429	0.1698	0.2511		
		
~End
Copyright © 2003 Molecular Devices. All rights reserved.
