##BLOCKS= 1          
Plate:	Plate#1	1.3	PlateFormat	Endpoint	Absorbance	Raw	FALSE	1						2	490 750	1	12	96	1	8	None	
	Temperature(¡C)	1	2	3	4	5	6	7	8	9	10	11	12		1	2	3	4	5	6	7	8	9	10	11	12		
	23.80	0.2286	1.831	0.2287	2.6586	0.2557	0.3649	0.3281	0.7473	2.2627	0.7176	1.0578	1.8013		0.1718	1.0966	0.1721	1.6857	0.1958	0.2794	0.2146	0.542	1.532	0.4953	0.6396	1.3221		
		0.6725	0.3865	2.0876	0.4576	1.7631	1.0147	1.6502	1.3453	1.7848	1.162	2.7693	1.4777		0.5411	0.2589	1.4635	0.2843	1.291	0.7667	1.2396	0.8929	1.2262	0.8471	1.8499	1.0964		
		0.4738	0.1512	1.1128	0.6008	1.0638	0.8883	0.3887	0.971	0.7158	1.9559	2.3186	2.073		0.2983	0.115	0.8451	0.4044	0.7776	0.6764	0.2857	0.6216	0.5128	1.3348	1.5053	1.4886		
		0.3902	1.6078	2.8584	2.0633	0.3805	0.9688	0.4135	1.6904	2.2092	0.4323	2.2322	2.0302		0.3074	1.1555	2.0357	1.4558	0.2772	0.7378	0.2567	1.2789	1.5179	0.3225	1.5668	1.3423		
		0.5528	2.0968	0.2868	0.3918	0.1955	2.7026	2.6269	0.3676	2.429	2.65	0.6513	2.4362		0.3608	0.8004	0.2138	0.2943	0.1481	1.9904	1.8599	0.2537	1.6721	1.8822	0.4696	1.5348		
		1.147	0.631	1.7296	0.3442	1.2738	0.507	0.8049	0.406	0.3416	1.7958	1.7085	2.372		0.8429	0.4119	0.9661	0.2565	0.9405	0.335	0.5289	0.2896	0.2537	0.9517	1.0077	1.1025		
		1.3828	0.3474	2.3596	1.2905	2.5342	1.4704	0.3209	0.5341	0.3005	0.9189	0.6841	1.1744		0.7401	0.2634	1.2975	0.7047	1.6358	0.9909	0.2214	0.3934	0.2064	0.597	0.5049	0.8326		
		0.3554	0.2987	0.3372	0.264	1.3534	0.2495	0.2294	0.2974	0.2474	0.2213	0.2172	0.2401		0.2399	0.2103	0.2087	0.1957	1.038	0.1812	0.1596	0.2134	0.1814	0.1633	0.1631	0.1753		
		
~End
Copyright © 2003 Molecular Devices. All rights reserved.
