##BLOCKS= 1          
Plate:	Plate#1	1.3	PlateFormat	Endpoint	Absorbance	Raw	FALSE	1						2	490 750	1	12	96	1	8	None	
	Temperature(¡C)	1	2	3	4	5	6	7	8	9	10	11	12		1	2	3	4	5	6	7	8	9	10	11	12		
	23.80	0.2806	1.9048	0.2071	2.8998	0.3107	0.4129	0.395	0.5289	2.3429	0.6644	0.9213	1.4485		0.2085	1.1057	0.1541	1.6493	0.2358	0.3123	0.2541	0.3739	1.6091	0.4473	0.5538	1.0744		
		0.632	0.2454	2.3591	0.5302	1.547	0.9099	1.9936	1.4584	1.6495	0.897	2.7386	1.5184		0.5022	0.192	1.6687	0.3044	1.1293	0.6883	1.4914	0.9676	1.1009	0.6142	1.8136	1.138		
		0.3402	0.1423	1.3099	0.4688	1.4239	0.8051	0.4465	1.014	0.7319	2.0499	2.2035	2.0853		0.2342	0.111	0.9898	0.324	1.057	0.5955	0.3287	0.651	0.5312	1.3851	1.4271	1.5213		
		0.4016	1.4459	2.6608	2.2428	0.4062	1.2471	0.4468	1.4908	2.4651	0.4373	2.1798	2.2652		0.3064	1.0072	1.9163	1.5912	0.3065	0.9638	0.2577	1.1275	1.7193	0.3303	1.5232	1.4853		
		0.6216	2.0565	0.289	0.4503	0.195	2.5645	2.7448	0.361	2.3271	2.3043	0.7069	2.8065		0.3892	0.8046	0.2161	0.3321	0.1476	1.8772	1.9135	0.2482	1.4913	1.5496	0.5087	1.8211		
		0.8953	0.6412	1.8192	0.3465	1.5104	0.5452	0.8583	0.3826	0.4012	2.5127	1.5214	1.9297		0.6432	0.4035	0.9095	0.2556	1.0816	0.3547	0.5668	0.2708	0.3002	1.2362	0.8729	0.8988		
		1.4832	0.3435	2.3986	1.1774	0.5984	1.5524	0.3045	0.5012	0.3384	0.9029	0.662	1.1986		0.7372	0.2635	1.2593	0.62	0.4157	1.0261	0.2126	0.3692	0.231	0.5626	0.4873	0.8537		
		0.3531	0.3224	0.3843	0.3159	1.2046	0.3197	0.2724	0.2511	0.236	0.2233	0.1974	0.2199		0.262	0.2259	0.2417	0.2352	0.8909	0.2368	0.1846	0.1765	0.1732	0.1661	0.1488	0.162		
		
~End
Copyright © 2003 Molecular Devices. All rights reserved.
