##BLOCKS= 1          
Plate:	Plate#1	1.3	PlateFormat	Endpoint	Absorbance	Raw	FALSE	1						2	490 750	1	12	96	1	8	None	
	Temperature(¡C)	1	2	3	4	5	6	7	8	9	10	11	12		1	2	3	4	5	6	7	8	9	10	11	12		
	23.90	0.1973	1.0536	0.558	0.4596	0.4656	0.5214	0.537	0.3504	0.3272	0.3726	0.2822	0.651		0.1126	0.3832	0.2299	0.1683	0.2262	0.2066	0.1911	0.1872	0.1667	0.1708	0.1258	0.2375		
		0.5434	0.4501	0.823	0.3913	0.2332	0.2407	0.3122	0.7007	0.3562	0.2438	0.206	0.7341		0.4149	0.1984	0.5675	0.1545	0.1237	0.1187	0.1486	0.5319	0.1447	0.1337	0.1156	0.436		
		0.26	0.1376	0.2281	0.6633	0.2239	0.2874	0.4561	0.3033	0.3143	0.2895	0.5116	0.4686		0.1561	0.1037	0.1275	0.2235	0.1189	0.1351	0.2388	0.1482	0.1382	0.1413	0.1974	0.1961		
		0.5401	0.3606	0.5063	0.5237	0.2813	0.3705	0.3595	0.4457	0.3848	0.3221	0.4829	0.4018		0.1956	0.1842	0.2061	0.1946	0.1352	0.1581	0.1509	0.1733	0.1725	0.1444	0.1956	0.1524		
		0.2256	0.5071	0.3052	0.5559	0.3111	0.3404	0.4422	0.2187	0.5185	0.393	0.3281	0.4723		0.1256	0.1279	0.1569	0.2055	0.1448	0.1476	0.1733	0.1218	0.2492	0.1695	0.1394	0.2371		
		0.3773	0.2895	0.3807	0.2547	0.6133	0.5265	0.3357	0.2199	0.2288	0.2336	0.3576	0.254		0.2955	0.2228	0.2094	0.2018	0.2432	0.2447	0.1528	0.1652	0.1186	0.1354	0.1798	0.1398		
		0.393	0.5019	0.3393	0.4892	0.1408	0.2667	0.2591	0.3969	0.2187	0.2228	0.5334	0.786		0.2616	0.3897	0.2699	0.2226	0.1062	0.1519	0.1424	0.1887	0.1226	0.1171	0.2307	0.3922		
		0.3967	0.2703	0.2962	0.432	0.1984	0.3352	0.2184	0.4313	0.22	0.2536	0.2013	0.3539		0.215	0.1486	0.1607	0.2365	0.157	0.1592	0.125	0.194	0.119	0.1302	0.111	0.191		
		
~End
Copyright © 2003 Molecular Devices. All rights reserved.
