##BLOCKS= 1          
Plate:	Plate#1	1.3	PlateFormat	Endpoint	Absorbance	Raw	FALSE	1						2	490 750	1	12	96	1	8	None	
	Temperature(¡C)	1	2	3	4	5	6	7	8	9	10	11	12		1	2	3	4	5	6	7	8	9	10	11	12		
	23.90	0.5712	0.9094	0.5318	0.3217	0.4636	0.883	0.3456	0.4388	0.4436	0.2752	0.24	0.4835		0.3033	0.3299	0.2105	0.1384	0.1989	0.4364	0.1428	0.2063	0.2245	0.1364	0.1177	0.2728		
		0.4784	0.3312	1.061	0.2153	0.2916	0.254	0.3419	0.6674	0.4874	0.197	0.1924	0.59		0.4039	0.1596	0.7634	0.1144	0.1431	0.1239	0.1744	0.5137	0.2723	0.12	0.1091	0.3478		
		0.2951	0.1338	0.3239	0.3079	0.2629	0.2266	0.19	0.623	0.4693	0.3436	0.5654	0.5521		0.1461	0.1039	0.1662	0.1379	0.1325	0.1197	0.1162	0.3224	0.2005	0.1614	0.2415	0.2094		
		0.3145	0.7299	0.3659	0.394	0.2696	0.6288	0.3268	0.3653	0.3597	0.3442	0.3442	0.3481		0.1315	0.4306	0.1581	0.1776	0.1358	0.2599	0.1453	0.1552	0.1746	0.1594	0.1443	0.1415		
		0.2625	0.5225	0.317	0.3526	0.4376	0.2709	0.4228	0.2832	0.5414	0.3674	0.4571	0.5687		0.1472	0.144	0.1614	0.143	0.1961	0.1288	0.1977	0.1384	0.3201	0.1692	0.1803	0.322		
		0.4576	0.3258	0.3429	0.4183	0.3686	0.5238	0.294	0.2187	0.4544	0.3478	0.2036	0.3587		0.3243	0.257	0.2231	0.3297	0.1691	0.2028	0.1488	0.1634	0.2123	0.1951	0.1163	0.1622		
		0.276	0.432	0.2122	0.5569	0.1331	0.1875	0.2415	0.3854	0.4602	0.4827	0.472	0.4655		0.1554	0.3502	0.1697	0.2968	0.101	0.1435	0.1285	0.1685	0.1945	0.1984	0.2154	0.2714		
		0.5755	0.2729	0.2182	0.3122	0.2091	0.3569	0.2443	0.2908	0.2918	0.3272	0.205	0.3565		0.3774	0.1313	0.1163	0.205	0.1654	0.1673	0.1235	0.1527	0.1416	0.1544	0.1133	0.1775		
		
~End
Copyright © 2003 Molecular Devices. All rights reserved.
