##BLOCKS= 1          
Plate:	Plate#1	1.3	PlateFormat	Endpoint	Absorbance	Raw	FALSE	1						2	490 750	1	12	96	1	8	None	
	Temperature(¡C)	1	2	3	4	5	6	7	8	9	10	11	12		1	2	3	4	5	6	7	8	9	10	11	12		
	23.80	0.2863	0.564	0.3636	0.3379	0.2681	0.4189	0.392	0.3449	0.5466	0.5628	0.2798	0.6086		0.1691	0.202	0.1619	0.149	0.1317	0.2335	0.1693	0.1725	0.2467	0.2274	0.1298	0.3097		
		0.5395	0.7044	0.7964	0.3872	0.2172	0.2548	0.5411	0.788	0.6386	0.1777	0.2589	0.4922		0.3744	0.4619	0.5106	0.1749	0.1202	0.1249	0.3067	0.542	0.4452	0.1102	0.1361	0.283		
		0.3348	0.173	0.2306	0.3668	0.4435	0.4689	0.3283	0.4332	0.3647	0.3196	0.4806	0.3531		0.1381	0.1255	0.1326	0.151	0.199	0.2326	0.1685	0.2073	0.1692	0.1529	0.1856	0.1495		
		0.3055	0.4027	0.3871	0.3216	0.3873	0.4997	0.372	0.4903	0.7138	0.4409	0.416	0.4707		0.1504	0.2701	0.1762	0.1454	0.1789	0.2383	0.1745	0.2821	0.4005	0.1967	0.1822	0.197		
		0.2523	0.7721	0.2405	0.3837	0.3411	0.3145	0.4709	0.2792	0.633	0.3006	0.4938	0.4229		0.1439	0.1672	0.1218	0.1687	0.185	0.1432	0.204	0.1541	0.417	0.1414	0.2175	0.2608		
		0.2705	0.2884	0.3123	0.2664	0.3903	0.8158	0.206	0.2198	0.2916	0.2298	0.2636	0.3356		0.2104	0.2201	0.1963	0.2119	0.2109	0.33	0.1169	0.1578	0.1463	0.1255	0.1343	0.1764		
		0.3532	0.5434	0.1844	0.4119	0.1289	0.2063	0.2421	0.4183	0.2262	0.2359	0.5536	0.4207		0.2361	0.4266	0.1502	0.1921	0.0969	0.1516	0.1281	0.185	0.1224	0.123	0.245	0.2064		
		0.3485	0.2202	0.2686	0.389	0.2411	0.4427	0.5294	0.3632	0.3043	0.3989	0.2672	0.2754		0.1529	0.1202	0.1282	0.2587	0.1897	0.2033	0.2379	0.1814	0.1415	0.1737	0.1257	0.1368		
		
~End
Copyright © 2003 Molecular Devices. All rights reserved.
