##BLOCKS= 1          
Plate:	Plate#1	1.3	PlateFormat	Endpoint	Absorbance	Raw	FALSE	1						2	490 750	1	12	96	1	8	None	
	Temperature(¡C)	1	2	3	4	5	6	7	8	9	10	11	12		1	2	3	4	5	6	7	8	9	10	11	12		
	22.50	0.2458	0.3173	0.2293	0.8992	0.2858	0.631	0.1704	0.3226	0.5963	0.1496	0.2617	1.5832		0.1697	0.1601	0.1649	0.4915	0.2027	0.4148	0.1255	0.2266	0.3967	0.1187	0.1334	1.2268		
		0.5477	0.1658	1.9157	0.1804	0.9814	0.414	0.5223	1.4932	1.2595	0.3262	0.1937	1.8395		0.4572	0.1199	1.3479	0.1321	0.6758	0.2422	0.3496	1.0186	1.0088	0.1915	0.1383	1.3626		
		0.4817	0.1585	0.6062	0.157	1.5312	0.6594	1.7406	0.3166	0.2225	1.131	1.3734	1.69		0.4688	0.1234	0.3574	0.1238	1.1254	0.3495	0.8389	0.1858	0.1432	0.8774	1.0855	1.3185		
		0.1859	1.6773	1.2234	1.173	0.2789	0.2177	0.2227	1.1975	1.88	0.4887	1.6434	0.7147		0.1242	1.325	0.9486	0.9405	0.162	0.157	0.1526	0.95	1.5065	0.311	1.3255	0.4473		
		0.406	0.4202	0.324	1.6579	0.3047	1.4235	0.6848	0.2445	0.2199	1.0656	0.1854	1.706		0.2288	0.277	0.2422	1.1063	0.2129	0.963	0.5412	0.1732	0.1654	0.8112	0.1416	1.269		
		1.7452	0.8888	0.5604	1.9715	1.8869	0.4189	0.2445	0.2729	0.2439	0.2392	0.174	0.8866		1.104	0.509	0.3088	1.0147	1.0304	0.272	0.17	0.1916	0.1669	0.1504	0.1329	0.5087		
		0.2928	0.2543	0.5635	0.3227	0.1594	1.2956	0.1709	0.6008	0.1858	0.1717	0.7197	0.5602		0.2192	0.2158	0.4113	0.2239	0.1258	0.7981	0.1372	0.3424	0.1407	0.1351	0.3444	0.3017		
		0.2508	0.2972	0.226	0.8109	0.2455	0.1668	0.1529	0.1393	0.3277	0.2342	0.1398	0.3806		0.186	0.1843	0.1712	0.4596	0.1814	0.1231	0.1237	0.1134	0.2154	0.1735	0.1142	0.25		
		
~End
Copyright © 2003 Molecular Devices. All rights reserved.
