##BLOCKS= 1          
Plate:	Plate#1	1.3	PlateFormat	Endpoint	Absorbance	Raw	FALSE	1						2	490 750	1	12	96	1	8	None	
	Temperature(¡C)	1	2	3	4	5	6	7	8	9	10	11	12		1	2	3	4	5	6	7	8	9	10	11	12		
	22.50	0.2356	0.2524	0.1733	1.9502	0.2465	0.3325	0.365	0.3755	0.7499	0.1724	0.1903	1.2778		0.172	0.1204	0.1349	1.0532	0.1831	0.2285	0.2428	0.2737	0.5147	0.1394	0.1281	1.008		
		0.6303	0.4819	1.8491	0.3276	1.5509	0.3193	1.4666	1.256	1.9891	0.1649	0.2039	1.8352		0.5024	0.3285	1.2997	0.2119	1.1628	0.2101	0.9957	0.8096	1.5638	0.1256	0.1381	1.3941		
		0.2099	0.1695	0.778	0.2273	1.9298	0.6235	1.7764	0.2971	0.2672	0.8231	0.9446	1.7025		0.1629	0.1333	0.4681	0.1702	1.1137	0.3637	0.8814	0.1764	0.175	0.6133	0.7268	1.2411		
		1.0527	1.9139	1.7859	1.851	0.2796	0.5434	0.3079	1.6211	1.8406	0.353	0.9419	0.2795		0.8744	1.4852	1.4753	1.5086	0.1885	0.3646	0.2028	1.2817	1.3673	0.2271	0.7615	0.2102		
		0.3979	0.7387	0.2928	1.9368	0.312	1.2303	1.6474	0.2607	0.3001	1.9683	0.2022	1.6705		0.2422	0.4725	0.2238	1.3773	0.2301	0.8792	1.2748	0.1914	0.2137	1.5857	0.1475	1.1847		
		1.6666	0.9343	0.6769	1.9849	1.8703	0.4342	0.2087	0.332	0.5613	0.1645	0.5486	1.178		1.0331	0.5443	0.3909	1.0706	1.0705	0.2827	0.1434	0.2336	0.3185	0.1278	0.3093	0.6948		
		0.7539	0.2746	0.6715	0.3841	0.156	0.7172	0.1499	0.6354	0.2197	0.1963	0.4522	0.5645		0.4585	0.2353	0.5112	0.2535	0.1241	0.4495	0.1197	0.3588	0.1613	0.1495	0.2458	0.2912		
		0.304	0.2825	0.4551	0.9638	0.2953	0.5137	0.1466	0.1455	0.2795	0.2531	0.2199	0.4447		0.2109	0.1854	0.3245	0.5457	0.2175	0.2684	0.1181	0.1158	0.1859	0.1811	0.1581	0.2548		
		
~End
Copyright © 2003 Molecular Devices. All rights reserved.
