##BLOCKS= 1          
Plate:	Plate#1	1.3	PlateFormat	Endpoint	Absorbance	Raw	FALSE	1						2	490 750	1	12	96	1	8	None	
	Temperature(¡C)	1	2	3	4	5	6	7	8	9	10	11	12		1	2	3	4	5	6	7	8	9	10	11	12		
	22.40	0.2991	0.5554	0.3137	2.3573	0.2023	0.415	0.2206	0.3774	0.7608	0.2074	0.1962	1.7395		0.1797	0.3703	0.2201	1.2709	0.1499	0.265	0.1548	0.257	0.4944	0.1665	0.1325	1.3488		
		0.6663	0.4105	1.9324	0.1718	1.3272	0.4245	1.1453	1.2103	1.8977	0.3582	0.1699	1.7033		0.5264	0.288	1.3909	0.1219	0.9676	0.2395	0.6804	0.8158	1.4984	0.2122	0.1281	1.2488		
		0.1919	0.1945	0.5543	0.2158	1.3166	0.6622	1.2174	0.3376	0.4462	1.0309	0.9332	1.7633		0.1642	0.1576	0.2989	0.1437	0.9567	0.362	0.6563	0.1999	0.2565	0.7966	0.6959	1.3389		
		0.7406	1.7369	1.168	1.8206	0.4242	0.2785	0.3985	1.2247	1.6619	0.3591	1.2744	0.724		0.5675	1.3497	0.902	1.4981	0.2405	0.1881	0.2111	0.9116	1.3687	0.2325	1.0351	0.4619		
		0.4455	1.2081	0.254	1.3792	0.3808	0.8007	1.442	0.2351	0.3892	1.8707	0.2231	1.6834		0.2843	0.8013	0.1883	0.8391	0.2482	0.531	1.1612	0.1665	0.2392	1.4071	0.1495	1.2068		
		1.7823	0.8023	0.7558	1.8036	2.0414	0.3672	0.2533	0.3495	0.4058	0.1981	0.2272	1.2059		1.0893	0.4556	0.41	0.9591	1.1238	0.2431	0.178	0.2313	0.2306	0.1366	0.1499	0.721		
		0.5909	0.3436	0.5913	0.3747	0.1647	0.8852	0.1637	0.5496	0.3382	0.5281	0.3069	0.5716		0.3044	0.3011	0.4478	0.2471	0.1309	0.5396	0.1288	0.2998	0.2057	0.3269	0.1716	0.3193		
		0.3579	0.8474	1.1724	0.8419	0.3941	1.1741	0.1741	0.1476	0.2874	0.2467	0.313	0.2647		0.2716	0.5351	0.7528	0.4649	0.3004	0.589	0.1242	0.1153	0.1802	0.1784	0.2048	0.1756		
		
~End
Copyright © 2003 Molecular Devices. All rights reserved.
