##BLOCKS= 1          
Plate:	Plate#1	1.3	PlateFormat	Endpoint	Absorbance	Raw	FALSE	1						2	490 750	1	12	96	1	8	None	
	Temperature(¡C)	1	2	3	4	5	6	7	8	9	10	11	12		1	2	3	4	5	6	7	8	9	10	11	12		
	23.90	0.2992	1.6348	0.3206	1.8375	0.5169	2.506	0.2728	0.7016	3.0089	0.8352	3.0175	1.591		0.1943	1.0053	0.2279	1.3397	0.3557	1.7277	0.1779	0.507	2.027	0.6257	0.8044	1.0084		
		0.6203	2.9152	2.0586	3.0265	3.5885	0.5066	2.3287	0.264	2.2527	0.5371	2.4998	1.554		0.4654	2.0032	1.2397	2.0275	2.6742	0.3541	1.4393	0.199	1.5247	0.3653	1.637	0.8669		
		1.561	0.2125	0.7962	2.5312	1.5962	2.4763	1.2735	0.8376	1.1393	2.7261	2.224	1.8546		1.0714	0.1486	0.5855	1.8299	1.013	1.7201	0.8835	0.6079	0.8263	1.8395	1.3097	1.0835		
		3.3056	2.8561	1.9363	1.6663	0.7609	2.1082	0.9442	1.7	2.499	0.4271	1.7812	2.853		2.2419	1.6996	1.0958	1.0507	0.5277	1.5536	0.6461	1.0884	1.4519	0.2978	1.0141	1.9493		
		0.6237	0.4396	0.2848	1.9636	1.4134	1.8664	2.0389	0.4675	1.8082	2.0727	0.5697	3.4479		0.3795	0.227	0.1918	1.4427	1.0723	1.1367	1.1632	0.316	1.0393	1.1928	0.3918	2.2565		
		1.1065	1.009	1.5873	1.499	0.7868	0.9305	1.2609	0.5389	0.6865	1.92	1.5148	2.6849		0.842	0.5939	1.0327	1.0532	0.5398	0.5645	0.8428	0.3895	0.4453	1.2205	1.0146	1.6538		
		1.4971	1.3052	1.0993	0.9181	1.3719	1.5047	0.5754	1.2112	0.8793	1.2661	0.6139	1.4954		0.7271	0.8444	0.785	0.5216	0.8376	0.9892	0.3996	0.8758	0.5422	0.8285	0.3912	1.0572		
		0.5765	1.079	1.7334	0.591	1.362	0.9026	0.3872	0.4148	1.7486	0.4057	0.2551	0.3675		0.4026	0.7098	1.1429	0.4036	0.974	0.5793	0.2654	0.2371	1.1932	0.2754	0.1772	0.2479		
		
~End
Copyright © 2003 Molecular Devices. All rights reserved.
