##BLOCKS= 1          
Plate:	Plate#1	1.3	PlateFormat	Endpoint	Absorbance	Raw	FALSE	1						2	490 750	1	12	96	1	8	None	
	Temperature(¡C)	1	2	3	4	5	6	7	8	9	10	11	12		1	2	3	4	5	6	7	8	9	10	11	12		
	23.50	0.4618	1.5866	0.5745	2.3218	0.4622	0.5724	0.9561	0.4668	2.0109	0.437	1.2109	1.9288		0.2211	0.8283	0.314	1.3107	0.2443	0.3478	0.5816	0.2963	1.4051	0.2557	0.9326	1.4107		
		0.6734	1.711	1.8135	1.5698	1.9484	0.5137	1.785	1.1041	1.8321	0.4449	0.2488	1.9206		0.5821	1.4678	1.292	1.0618	1.3708	0.251	1.365	0.8526	1.363	0.2727	0.1605	1.3246		
		0.7461	0.1325	1.4857	1.3895	1.4119	1.815	1.4828	1.4493	0.8404	1.5855	1.8515	2.1168		0.4159	0.1052	0.9642	0.9765	0.8714	1.2607	0.7975	1.0972	0.5687	1.2403	1.4535	1.4973		
		1.4371	1.9272	2.1156	2.1586	0.6618	1.6634	0.5133	1.8068	2.0889	0.5488	1.866	1.7533		0.9388	1.3732	1.4934	1.5114	0.4046	1.3286	0.2932	1.2873	1.4777	0.3048	1.3158	1.3107		
		0.5212	1.4649	1.8099	0.6591	0.8464	2.0026	2.2012	0.4029	2.1327	2.3719	0.6427	2.3129		0.2969	0.7874	1.225	0.3532	0.5159	1.4455	1.5485	0.2243	1.4843	1.479	0.3431	1.432		
		0.2999	1.1354	2.3021	1.4362	0.6238	1.9456	1.4771	0.3274	0.4098	1.8606	1.636	2.0606		0.2249	0.6433	1.0482	0.7932	0.3821	1.0587	0.7721	0.2336	0.246	0.9334	0.6808	1.0528		
		1.58	1.545	1.7893	1.6306	1.6825	0.3237	0.5558	0.651	0.5855	0.6861	0.624	0.6616		0.7209	1.0407	0.799	0.7661	0.9878	0.2293	0.2883	0.3781	0.2803	0.3528	0.374	0.4234		
		0.562	0.5425	0.9966	0.5312	0.5405	0.5679	0.3793	0.2936	1.2388	0.326	0.4037	0.7271		0.3397	0.2808	0.5783	0.3322	0.4215	0.2756	0.1764	0.2056	0.7455	0.191	0.2062	0.4133		
		
~End
Copyright © 2003 Molecular Devices. All rights reserved.
