##BLOCKS= 1          
Plate:	Plate#1	1.3	PlateFormat	Endpoint	Absorbance	Raw	FALSE	1						2	490 750	1	12	96	1	8	None	
	Temperature(¡C)	1	2	3	4	5	6	7	8	9	10	11	12		1	2	3	4	5	6	7	8	9	10	11	12		
	23.50	0.7048	1.8016	0.4507	2.2799	0.526	0.4233	1.0056	0.3708	1.8752	0.5261	1.8936	1.9807		0.3631	0.9889	0.2642	1.2865	0.2875	0.2552	0.6057	0.2386	1.33	0.314	1.4089	1.4249		
		0.52	1.7156	1.9289	1.3961	1.8767	0.7569	1.743	0.9667	1.8822	0.412	0.2038	1.9449		0.4039	1.4692	1.424	0.9824	1.3208	0.3463	1.3137	0.7397	1.4158	0.2552	0.1269	1.3435		
		0.9616	0.1305	1.3682	1.7647	1.7873	1.799	1.7622	1.5463	0.864	1.5908	1.9209	2.0655		0.4748	0.1035	0.8877	1.2192	1.231	1.1942	0.9415	1.1882	0.578	1.2532	1.4888	1.43		
		1.1187	1.8437	1.7473	1.9144	0.5024	1.68	0.533	1.7619	1.9474	0.5293	2.2183	1.9006		0.7074	1.2737	1.2123	1.3581	0.2935	1.3198	0.2941	1.2626	1.3577	0.2879	1.5634	1.4231		
		0.4853	1.6375	1.7954	0.9792	0.7996	1.7649	2.0409	0.5072	2.2083	2.0894	0.3945	2.1388		0.2892	0.857	1.2194	0.4937	0.5412	1.2364	1.3454	0.2807	1.5643	1.3418	0.2285	1.3223		
		0.3212	1.2626	2.1839	1.5787	0.4981	2.2015	0.8653	0.4473	0.3501	1.7709	2.2844	2.2604		0.2447	0.732	0.9924	0.8786	0.3052	1.2013	0.4499	0.3258	0.2049	0.8334	0.9344	1.1878		
		1.6616	1.339	1.7346	1.5579	0.3349	0.2908	0.4788	0.5637	0.7484	0.852	0.499	0.6668		0.768	0.9558	0.7296	0.7609	0.2151	0.2124	0.2568	0.3283	0.3602	0.4023	0.2893	0.4328		
		0.5544	0.72	1.0882	0.3149	0.4109	0.5566	0.4727	0.3381	1.2607	0.3062	0.4353	0.4826		0.3419	0.3935	0.5808	0.1942	0.3041	0.2925	0.1985	0.2141	0.7002	0.1818	0.2233	0.2524		
		
~End
Copyright © 2003 Molecular Devices. All rights reserved.
