##BLOCKS= 1          
Plate:	Plate#1	1.3	PlateFormat	Endpoint	Absorbance	Raw	FALSE	1						2	490 750	1	12	96	1	8	None	
	Temperature(¡C)	1	2	3	4	5	6	7	8	9	10	11	12		1	2	3	4	5	6	7	8	9	10	11	12		
	23.90	0.3724	1.0812	0.315	2.1066	0.3451	0.6998	1.0563	0.5408	1.659	0.4527	0.9557	1.7466		0.2383	0.7131	0.21	1.4026	0.2461	0.4869	0.5883	0.3546	1.2274	0.3027	0.4483	1.2618		
		0.7104	0.2692	1.7681	0.3595	1.9571	0.7144	1.7002	1.0631	1.381	0.5142	1.7523	1.4818		0.5618	0.1966	1.1527	0.2506	1.4052	0.4822	1.1595	0.7778	0.8957	0.3592	0.9666	0.9205		
		0.3025	0.1448	1.5314	0.7246	1.3774	1.9795	1.2838	1.6977	0.5304	1.8469	1.9718	1.8266		0.2019	0.1124	1.0832	0.5325	0.8987	1.1929	0.9053	1.2088	0.3643	1.3495	1.3458	1.2684		
		1.42	1.8117	1.8141	1.8303	0.3664	0.827	0.9418	1.4052	2.134	0.6995	1.6748	1.6562		1.0509	1.1621	1.2108	1.3228	0.2574	0.6293	0.7266	0.902	1.4887	0.5044	1.3409	1.1596		
		2.203	1.4597	0.2873	2.5315	1.3407	1.6525	1.7285	0.3156	2.0416	1.9061	0.6525	1.7989		1.3449	0.4286	0.2021	1.6006	0.7914	1.2461	1.0413	0.2331	1.3772	1.4119	0.4683	1.1555		
		0.3756	0.9855	1.3007	1.5753	0.9873	1.112	0.9287	0.4057	0.5082	1.8328	1.1209	1.2898		0.2563	0.6885	0.9012	1.045	0.7331	0.6097	0.5984	0.276	0.3482	1.1332	0.8479	0.7267		
		0.9232	1.5394	0.7316	1.1966	1.1225	1.6861	0.3907	0.3768	0.3829	0.2991	0.3009	0.3771		0.714	0.9931	0.5571	0.8329	0.7204	0.8852	0.2759	0.2514	0.276	0.1964	0.2023	0.2466		
		0.3202	0.3547	0.5422	0.3206	0.7433	0.2667	0.3024	0.2309	0.359	0.2766	0.2798	0.3465		0.2277	0.2326	0.3472	0.2204	0.5525	0.1958	0.2115	0.176	0.2637	0.2047	0.1977	0.2307		
		
~End
Copyright © 2003 Molecular Devices. All rights reserved.
