##BLOCKS= 1          
Plate:	Plate#1	1.3	PlateFormat	Endpoint	Absorbance	Raw	FALSE	1						2	490 750	1	12	96	1	8	None	
	Temperature(¡C)	1	2	3	4	5	6	7	8	9	10	11	12		1	2	3	4	5	6	7	8	9	10	11	12		
	23.90	0.3098	1.1912	0.3443	2.0736	0.3153	0.6003	0.9391	0.5266	2.2097	0.4891	0.8451	1.6173		0.2095	0.8187	0.2306	1.353	0.2135	0.4183	0.526	0.3477	1.5805	0.323	0.3965	1.1698		
		0.5481	0.2732	1.6782	0.3686	1.6953	0.5878	1.9082	1.0372	1.6429	0.5202	1.2302	1.4159		0.4173	0.1981	1.1905	0.2551	1.2094	0.3774	1.3293	0.7579	1.1205	0.3608	0.8822	0.8968		
		0.3348	0.1517	1.3392	0.6434	1.3708	1.527	1.0336	1.7579	0.5258	1.8518	1.836	1.841		0.2306	0.1183	0.9204	0.4682	0.8445	0.8778	0.7118	1.3178	0.3476	1.393	1.2961	1.2517		
		1.5863	1.7844	1.9535	2.0794	0.382	0.8389	0.9906	1.7854	2.1883	0.7295	1.6672	1.6778		1.2119	1.1208	1.3019	1.4967	0.2657	0.6383	0.7539	1.1006	1.5092	0.5201	1.3445	1.1208		
		2.2222	1.2956	0.2931	2.4428	1.4451	0.3396	1.851	0.3529	2.0167	1.9389	0.6082	1.7714		1.354	0.4144	0.2021	1.51	0.8705	0.2323	1.1384	0.2566	1.3419	1.4409	0.4391	1.1445		
		0.3868	0.9002	1.3098	1.591	0.9719	0.8719	1.009	0.4232	0.517	1.6238	0.9286	1.1162		0.29	0.6039	0.8852	1.0511	0.7267	0.4875	0.6475	0.2923	0.342	0.9631	0.6682	0.6222		
		1.0083	1.5071	0.7724	1.047	0.8098	1.8588	0.3344	0.3066	0.2666	0.2684	0.342	0.4488		0.7449	0.9421	0.5811	0.7208	0.5171	0.9749	0.2338	0.2027	0.1872	0.1764	0.2234	0.2942		
		0.3575	0.5056	0.457	0.3141	0.7426	0.2405	0.2799	0.2047	0.279	0.2778	0.3081	0.439		0.2224	0.3826	0.2893	0.2164	0.5405	0.1742	0.1929	0.157	0.2018	0.2002	0.2137	0.3219		
		
~End
Copyright © 2003 Molecular Devices. All rights reserved.
