##BLOCKS= 1          
Plate:	Plate#1	1.3	PlateFormat	Endpoint	Absorbance	Raw	FALSE	1						2	490 750	1	12	96	1	8	None	
	Temperature(¡C)	1	2	3	4	5	6	7	8	9	10	11	12		1	2	3	4	5	6	7	8	9	10	11	12		
	23.20	0.3411	0.8989	0.2559	1.7015	0.2423	0.5912	0.3329	0.2933	1.567	0.5341	3.0729	1.3302		0.3036	0.5912	0.1925	1.0597	0.1822	0.4602	0.1859	0.1981	1.1376	0.4486	1.4554	0.9039		
		0.653	0.3659	1.6448	0.8272	0.6751	0.3045	1.0699	0.3937	1.3192	0.2773	0.8196	1.4523		0.483	0.2442	1.1033	0.5761	0.4389	0.2255	0.7906	0.2995	0.9291	0.21	0.5502	0.9514		
		1.2029	0.4029	0.9339	1.1786	0.874	0.9817	1.1462	0.4004	0.31	1.1121	1.3989	1.3458		0.7749	0.3169	0.579	0.9316	0.6187	0.5744	0.6577	0.2992	0.2367	0.7559	0.9673	0.9125		
		1.3557	1.4511	1.8258	0.9753	0.4504	0.8876	0.7497	0.8567	1.1854	0.2774	1.0074	1.1261		1.0464	0.948	1.2364	0.6685	0.335	0.645	0.5655	0.5768	0.7929	0.2069	0.6343	0.8108		
		0.466	0.5769	0.3105	0.5405	0.9124	1.1435	1.1643	0.2472	1.7333	1.5588	0.2406	2.2568		0.2351	0.3872	0.2349	0.3957	0.6263	0.7597	0.728	0.1901	1.1543	0.9265	0.1775	1.2014		
		0.9417	0.6514	2.1989	1.559	0.9877	0.911	0.467	0.3686	0.262	1.0438	0.9977	1.8864		0.683	0.4519	0.6303	0.7662	0.6172	0.4929	0.2604	0.2901	0.1961	0.4718	0.3963	0.7752		
		0.3683	0.9352	0.5624	0.8513	1.1006	0.4883	0.6266	1.6199	0.5902	1.3411	0.4054	1.1036		0.2895	0.601	0.4456	0.5375	0.699	0.3682	0.4187	0.8777	0.3568	0.8034	0.2564	0.5944		
		0.4734	0.5581	0.8137	0.4531	0.2799	1.1194	0.2695	0.3674	0.5078	0.2436	0.2665	0.2238		0.3231	0.3842	0.4022	0.3179	0.2041	0.5081	0.1691	0.1819	0.3323	0.1781	0.1845	0.1554		
		
~End
Copyright © 2003 Molecular Devices. All rights reserved.
