##BLOCKS= 1          
Plate:	Plate#1	1.3	PlateFormat	Endpoint	Absorbance	Raw	FALSE	1						2	490 750	1	12	96	1	8	None	
	Temperature(¡C)	1	2	3	4	5	6	7	8	9	10	11	12		1	2	3	4	5	6	7	8	9	10	11	12		
	23.20	0.2539	1.1454	0.3138	1.763	0.2396	0.5287	0.338	0.4504	1.4769	0.7057	3.0258	1.1589		0.2101	0.8081	0.2351	1.1056	0.18	0.4091	0.1965	0.3079	1.0544	0.6021	1.3068	0.7532		
		0.696	0.4336	1.3946	1.4542	1.1246	0.4539	1.006	0.5566	1.3412	0.3046	1.5855	1.4578		0.572	0.2822	0.9141	1.0474	0.8066	0.3281	0.7384	0.434	0.9349	0.2273	1.184	0.9649		
		1.319	0.3199	0.834	0.9453	0.9602	1.2468	1.6775	0.5364	0.3206	1.6354	1.6148	1.2803		0.8005	0.2564	0.5056	0.7239	0.6954	0.8776	0.9326	0.3953	0.2432	1.2159	1.15	0.8749		
		1.2648	1.9658	1.7431	1.4565	0.5581	1.0121	1.1079	1.0109	1.5597	0.2691	2.188	1.1369		1.0578	1.2659	1.1211	1.0295	0.4111	0.7267	0.825	0.6564	0.9802	0.2005	1.3556	0.871		
		0.5297	0.6557	0.2915	0.6458	1.1813	1.4118	1.2631	0.2526	2.2323	1.5503	0.2832	2.262		0.2804	0.4295	0.2157	0.4707	0.7949	0.885	0.7667	0.195	1.38	0.963	0.2124	1.2456		
		1.0458	0.6216	1.924	1.2309	0.9822	1.089	0.5909	0.3257	0.3159	1.3375	0.9581	2.0751		0.7438	0.4261	0.625	0.568	0.6271	0.5888	0.3348	0.25	0.2358	0.585	0.3243	0.7707		
		0.5529	2.5535	0.3366	0.7129	0.5729	0.4402	0.569	1.984	0.4921	1.0671	0.4518	1.1279		0.4012	1.5512	0.2637	0.4266	0.358	0.3281	0.3868	1.1042	0.2662	0.6335	0.2789	0.5923		
		0.458	0.5361	0.6337	0.525	0.4302	1.1619	0.3709	0.3139	0.4541	0.2872	0.2706	0.2472		0.3016	0.3454	0.317	0.3705	0.3238	0.5096	0.2363	0.1736	0.3004	0.2014	0.191	0.1781		
		
~End
Copyright © 2003 Molecular Devices. All rights reserved.
