##BLOCKS= 1          
Plate:	Plate#1	1.3	PlateFormat	Endpoint	Absorbance	Raw	FALSE	1						2	490 750	1	12	96	1	8	None	
	Temperature(¡C)	1	2	3	4	5	6	7	8	9	10	11	12		1	2	3	4	5	6	7	8	9	10	11	12		
	22.50	0.1867	0.2249	0.1702	0.1578	0.1563	0.1625	0.2088	0.1487	0.1497	0.1454	0.1695	0.1571		0.1288	0.115	0.1324	0.1211	0.1231	0.1297	0.1517	0.1151	0.116	0.1159	0.1226	0.1248		
		0.6233	0.1449	0.2796	0.1798	0.161	0.1589	0.1783	0.1869	0.1673	0.1678	0.1843	0.1551		0.4943	0.1099	0.1793	0.1277	0.1263	0.1189	0.1339	0.1539	0.1331	0.1273	0.1306	0.1224		
		0.2224	0.15	0.1402	0.1658	0.1816	0.1771	0.1519	0.1671	0.1583	0.1665	0.1708	0.1558		0.1368	0.1194	0.1128	0.1236	0.1282	0.1264	0.1245	0.1242	0.1177	0.1262	0.1312	0.127		
		0.1962	0.1706	0.1905	0.1808	0.1777	0.1645	0.1891	0.1672	0.1661	0.1623	0.172	0.1544		0.1343	0.1298	0.1343	0.1245	0.1309	0.1269	0.1391	0.1299	0.1296	0.1253	0.1294	0.1257		
		0.2054	0.1711	0.1505	0.1674	0.1581	0.1711	0.1765	0.1525	0.1812	0.1727	0.1623	0.186		0.1233	0.1261	0.1167	0.123	0.1245	0.1228	0.133	0.1236	0.1349	0.1313	0.1216	0.1385		
		0.1643	0.2853	0.157	0.1582	0.1433	0.1597	0.2041	0.1676	0.1614	0.1735	0.162	0.1602		0.1351	0.2421	0.1245	0.1278	0.1149	0.1229	0.1388	0.1319	0.1245	0.1308	0.1261	0.128		
		0.1597	0.3704	0.1654	0.1584	0.1446	0.1704	0.164	0.2201	0.1872	0.1862	0.1745	0.2041		0.127	0.3248	0.1333	0.1232	0.1183	0.1374	0.1214	0.1485	0.1332	0.131	0.1235	0.1432		
		0.1718	0.1992	0.1682	0.1579	0.1594	0.1902	0.2013	0.1585	0.1988	0.17	0.1673	0.1657		0.1311	0.1343	0.1238	0.1289	0.1294	0.1353	0.1343	0.1264	0.1337	0.128	0.1247	0.1225		
		
~End
Copyright © 2003 Molecular Devices. All rights reserved.
