##BLOCKS= 1          
Plate:	Plate#1	1.3	PlateFormat	Endpoint	Absorbance	Raw	FALSE	1						2	490 750	1	12	96	1	8	None	
	Temperature(¡C)	1	2	3	4	5	6	7	8	9	10	11	12		1	2	3	4	5	6	7	8	9	10	11	12		
	22.90	0.1773	0.1736	0.1585	0.1739	0.1632	0.1585	0.1735	0.1926	0.1775	0.162	0.1921	0.1555		0.1392	0.1164	0.1289	0.1384	0.1336	0.1285	0.1394	0.1418	0.1303	0.1304	0.1333	0.1262		
		0.4774	0.2366	0.2671	0.1688	0.161	0.1596	0.1731	0.1425	0.1654	0.1643	0.1921	0.1592		0.3826	0.23	0.1865	0.1331	0.1307	0.1299	0.139	0.1165	0.1335	0.1338	0.1413	0.1279		
		0.1608	0.1764	0.1628	0.1874	0.1787	0.1901	0.1855	0.1671	0.1635	0.1826	0.1908	0.2438		0.1293	0.1408	0.1298	0.1473	0.136	0.1552	0.147	0.1369	0.1325	0.1503	0.1593	0.1937		
		0.2189	0.1759	0.1573	0.1657	0.1655	0.1725	0.1719	0.168	0.1583	0.1624	0.1583	0.1637		0.1942	0.1445	0.1315	0.1318	0.134	0.1395	0.1436	0.1355	0.1293	0.1341	0.1306	0.1359		
		0.2517	0.16	0.1536	0.1654	0.1647	0.1797	0.1665	0.177	0.1567	0.1802	0.1681	0.1991		0.1502	0.1288	0.1256	0.1335	0.1314	0.1458	0.1361	0.1417	0.1277	0.1431	0.1362	0.1383		
		0.1696	0.1616	0.1787	0.1719	0.1594	0.1884	0.1959	0.1665	0.1645	0.1655	0.1558	0.2109		0.1412	0.1337	0.152	0.1386	0.1314	0.1414	0.1406	0.1339	0.1343	0.134	0.1277	0.1677		
		0.1505	0.7963	0.1548	0.166	0.1608	0.1494	0.1686	0.1713	0.1572	0.1585	0.1547	0.1691		0.1192	0.6185	0.1288	0.136	0.1298	0.1244	0.1356	0.1355	0.1269	0.1253	0.1274	0.1348		
		0.156	0.1813	0.1622	0.1529	0.1643	0.1575	0.1723	0.2052	0.1796	0.1858	0.1511	0.177		0.1285	0.1399	0.1265	0.1275	0.1302	0.1256	0.132	0.1451	0.1335	0.1511	0.1226	0.1351		
		
~End
Copyright © 2003 Molecular Devices. All rights reserved.
