##BLOCKS= 1          
Plate:	Plate#1	1.3	PlateFormat	Endpoint	Absorbance	Raw	FALSE	1						2	490 750	1	12	96	1	8	None	
	Temperature(¡C)	1	2	3	4	5	6	7	8	9	10	11	12		1	2	3	4	5	6	7	8	9	10	11	12		
	22.80	0.1778	0.2452	0.1809	0.1752	0.1596	0.1662	0.1713	0.1763	0.188	0.1689	0.2091	0.1591		0.133	0.1635	0.1504	0.1404	0.1305	0.1358	0.1375	0.1322	0.1381	0.1351	0.1455	0.1302		
		0.4877	0.145	0.3922	0.1703	0.2324	0.2241	0.2377	0.1451	0.1691	0.1607	0.2013	0.2429		0.369	0.1143	0.2724	0.1358	0.1875	0.1797	0.1912	0.1181	0.1354	0.1308	0.151	0.1896		
		0.1827	0.1684	0.1843	0.1897	0.1801	0.1667	0.1695	0.2032	0.2221	0.1663	0.1664	0.1621		0.147	0.1348	0.1506	0.1503	0.1374	0.1357	0.1352	0.1637	0.1658	0.1348	0.1357	0.1315		
		0.1756	0.1685	0.1572	0.2187	0.1638	0.1725	0.186	0.1583	0.1645	0.1954	0.1717	0.161		0.133	0.136	0.1273	0.1735	0.1321	0.137	0.1513	0.1283	0.1295	0.1563	0.1406	0.1252		
		0.2352	0.1631	0.1529	0.1545	0.163	0.1531	0.164	0.1652	0.1562	0.1753	0.1654	0.2235		0.1334	0.131	0.1251	0.1257	0.1284	0.1256	0.1338	0.1334	0.1277	0.1412	0.1334	0.1512		
		0.1839	0.1612	0.1511	0.1753	0.1676	0.1824	0.2054	0.1659	0.1575	0.1645	0.1628	0.6162		0.1521	0.1298	0.1256	0.1403	0.1381	0.1373	0.1463	0.1324	0.129	0.135	0.133	0.5406		
		0.1753	0.6876	0.1577	0.1582	0.1598	0.1679	0.1751	0.1751	0.1729	0.1654	0.1605	0.247		0.1412	0.5344	0.1317	0.1292	0.1291	0.1392	0.141	0.1384	0.137	0.1305	0.1318	0.1845		
		0.2402	0.1956	0.9063	0.1525	0.1593	0.1669	0.1707	0.1983	0.1914	0.1565	0.1599	0.2892		0.187	0.1581	0.8977	0.1274	0.1291	0.1354	0.1337	0.1483	0.1369	0.1254	0.1278	0.2313		
		
~End
Copyright © 2003 Molecular Devices. All rights reserved.
