##BLOCKS= 1          
Plate:	Plate#1	1.3	PlateFormat	Endpoint	Absorbance	Raw	FALSE	1						2	490 750	1	12	96	1	8	None	
	Temperature(¡C)	1	2	3	4	5	6	7	8	9	10	11	12		1	2	3	4	5	6	7	8	9	10	11	12		
	22.90	0.1435	0.2026	0.1537	0.1522	0.1298	0.1535	0.1754	0.1512	0.1632	0.1606	0.1849	0.2019		0.1049	0.1342	0.119	0.117	0.1044	0.1179	0.1348	0.1052	0.1149	0.1258	0.1272	0.155		
		0.5896	0.1561	0.4951	0.1354	0.1366	0.1353	0.1356	0.1535	0.1888	0.1674	0.1421	0.1797		0.4873	0.1229	0.348	0.1027	0.1046	0.1026	0.1039	0.1218	0.1464	0.1299	0.1054	0.1393		
		0.1593	0.1524	0.1706	0.1404	0.1824	0.151	0.1758	0.1498	0.1477	0.2048	0.1902	0.1845		0.1147	0.1148	0.1283	0.11	0.1343	0.1149	0.1356	0.116	0.1138	0.1629	0.1516	0.1469		
		0.1556	0.1794	0.1739	0.1438	0.1402	0.1435	0.1638	0.228	0.1583	0.1585	0.1698	0.1909		0.1183	0.1403	0.1354	0.1129	0.1102	0.1104	0.1265	0.1783	0.1221	0.1216	0.1338	0.151		
		0.2205	0.2039	0.1542	0.1594	0.139	0.1566	0.1692	0.1474	0.1825	0.1741	0.1488	0.2019		0.1284	0.1605	0.1196	0.1229	0.1044	0.1229	0.1313	0.1158	0.1437	0.1341	0.1172	0.1393		
		0.1453	0.1509	0.158	0.1738	0.1605	0.155	0.1722	0.1544	0.1543	0.1434	0.1545	0.1649		0.1224	0.1228	0.1264	0.1382	0.1282	0.1231	0.1279	0.1224	0.1208	0.1129	0.1228	0.127		
		0.1424	0.3145	0.1491	0.136	0.1301	0.1607	0.1613	0.1454	0.1643	0.1622	0.1528	0.1515		0.1153	0.2759	0.1179	0.1067	0.1045	0.1276	0.1234	0.1103	0.1234	0.1224	0.1189	0.1172		
		0.1721	0.1497	0.1439	0.1339	0.1472	0.1523	0.1428	0.153	0.1523	0.1489	0.1338	0.1384		0.1411	0.1132	0.1088	0.1068	0.119	0.1181	0.1105	0.1188	0.1164	0.1138	0.1052	0.1066		
		
~End
Copyright © 2003 Molecular Devices. All rights reserved.
