##BLOCKS= 1          
Plate:	Plate#1	1.3	PlateFormat	Endpoint	Absorbance	Raw	FALSE	1						2	490 750	1	12	96	1	8	None	
	Temperature(¡C)	1	2	3	4	5	6	7	8	9	10	11	12		1	2	3	4	5	6	7	8	9	10	11	12		
	22.90	0.1452	0.2043	0.1466	0.1675	0.1386	0.1559	0.1874	0.1616	0.1684	0.1531	0.2048	0.198		0.1079	0.131	0.114	0.1276	0.1109	0.12	0.1406	0.1138	0.1171	0.1189	0.1427	0.1537		
		0.5425	0.1506	0.4497	0.1729	0.1809	0.1659	0.1515	0.1551	0.2244	0.1564	0.1448	0.1757		0.463	0.1192	0.3104	0.1317	0.1401	0.1267	0.1173	0.1224	0.1785	0.1216	0.1108	0.1358		
		0.1624	0.1414	0.175	0.1488	0.2146	0.1678	0.1728	0.1551	0.1581	0.1755	0.1914	0.2053		0.1142	0.109	0.1326	0.1164	0.1552	0.1282	0.1322	0.1207	0.1218	0.1387	0.1528	0.1633		
		0.1813	0.1746	0.1648	0.1816	0.1727	0.1702	0.1741	0.2258	0.181	0.1703	0.1512	0.1612		0.1364	0.1397	0.1277	0.1408	0.1338	0.1314	0.1299	0.1779	0.1398	0.1266	0.1157	0.1277		
		0.2349	0.1857	0.1572	0.1735	0.1573	0.1662	0.1866	0.1644	0.1858	0.1689	0.1593	0.1719		0.1412	0.1364	0.1217	0.1361	0.1166	0.1278	0.1461	0.1276	0.1464	0.1306	0.1235	0.1151		
		0.1667	0.1595	0.1654	0.1749	0.1479	0.1653	0.1517	0.1487	0.1522	0.1427	0.1644	0.1973		0.1293	0.1311	0.1323	0.1408	0.1167	0.1295	0.1111	0.1163	0.1193	0.1126	0.1297	0.1534		
		0.1513	0.478	0.169	0.1407	0.1369	0.1537	0.1609	0.1558	0.1564	0.1501	0.1514	0.1731		0.1172	0.4305	0.1362	0.1113	0.1114	0.1211	0.1209	0.1185	0.116	0.1138	0.1162	0.1364		
		0.164	0.1508	0.1475	0.1714	0.1503	0.1424	0.1368	0.16	0.1493	0.1823	0.1522	0.1451		0.1246	0.1148	0.1112	0.1365	0.1207	0.1106	0.1047	0.1134	0.1153	0.1465	0.12	0.1108		
		
~End
Copyright © 2003 Molecular Devices. All rights reserved.
