##BLOCKS= 1          
Plate:	Plate#1	1.3	PlateFormat	Endpoint	Absorbance	Raw	FALSE	1						2	490 750	1	12	96	1	8	None	
	Temperature(¡C)	1	2	3	4	5	6	7	8	9	10	11	12		1	2	3	4	5	6	7	8	9	10	11	12		
	22.90	0.1415	0.2138	0.1563	0.1785	0.1515	0.1782	0.224	0.1735	0.1695	0.1607	0.1934	0.2335		0.1059	0.141	0.1222	0.1377	0.1205	0.1376	0.174	0.1202	0.1188	0.1251	0.1348	0.1839		
		0.5846	0.1728	0.3616	0.1669	0.1702	0.1516	0.1475	0.1532	0.1946	0.1706	0.1634	0.2021		0.4849	0.1331	0.2626	0.1286	0.1304	0.1161	0.114	0.1217	0.1526	0.1331	0.1188	0.1592		
		0.1687	0.1496	0.1534	0.1487	0.192	0.1596	0.1569	0.1779	0.1597	0.207	0.172	0.208		0.1199	0.1165	0.1145	0.1149	0.1386	0.1217	0.1208	0.1398	0.1238	0.1663	0.1348	0.1647		
		0.158	0.1741	0.1887	0.2062	0.1505	0.1519	0.167	0.2171	0.1728	0.1627	0.1753	0.159		0.122	0.1366	0.1451	0.1589	0.116	0.115	0.1279	0.1727	0.1325	0.1229	0.1337	0.121		
		0.2226	0.1848	0.1447	0.1602	0.1462	0.1799	0.195	0.1477	0.1782	0.1815	0.1556	0.1864		0.1256	0.1414	0.1102	0.1246	0.1082	0.1386	0.1523	0.1146	0.1402	0.1391	0.1221	0.1277		
		0.1516	0.1506	0.1687	0.1663	0.1715	0.1558	0.1708	0.159	0.1571	0.1439	0.1586	0.1939		0.1254	0.1263	0.1353	0.1322	0.1351	0.1214	0.1251	0.1245	0.1239	0.1115	0.1243	0.1484		
		0.1346	0.3566	0.1498	0.1665	0.1362	0.158	0.1672	0.1518	0.1617	0.1582	0.1723	0.1725		0.1134	0.3409	0.1195	0.1325	0.1094	0.125	0.1268	0.1147	0.1225	0.1205	0.134	0.1336		
		0.1609	0.1623	0.4461	0.1728	0.1432	0.1492	0.1541	0.1516	0.165	0.1561	0.1804	0.1404		0.1223	0.1233	0.4145	0.1372	0.1147	0.1149	0.1177	0.1169	0.1295	0.1197	0.1432	0.1075		
		
~End
Copyright © 2003 Molecular Devices. All rights reserved.
