##BLOCKS= 1          
Plate:	Plate#1	1.3	PlateFormat	Endpoint	Absorbance	Raw	FALSE	1						2	490 750	1	12	96	1	8	None	
	Temperature(¡C)	1	2	3	4	5	6	7	8	9	10	11	12		1	2	3	4	5	6	7	8	9	10	11	12		
	22.50	0.3484	1.2582	0.4202	0.4511	0.2413	0.3884	0.599	0.242	0.6295	0.3061	0.3902	0.9831		0.1225	0.235	0.1228	0.1327	0.1063	0.1272	0.1547	0.109	0.149	0.1208	0.147	0.2247		
		0.4752	0.191	0.7596	0.3896	0.638	0.1706	0.5073	0.138	0.4254	0.3909	0.1372	0.9517		0.3838	0.1083	0.2567	0.1395	0.1534	0.1003	0.1336	0.11	0.1225	0.1315	0.0973	0.2061		
		0.3337	0.1257	0.4048	0.2567	0.69	0.4049	0.3854	0.6975	0.3593	0.564	0.3219	1.0619		0.1245	0.0993	0.1324	0.1164	0.2116	0.1294	0.1259	0.1914	0.1252	0.1594	0.1115	0.2227		
		0.5826	1.102	0.5866	0.3188	0.3378	0.3512	0.5083	0.5095	0.8875	0.2863	0.4307	0.3049		0.1557	0.2702	0.1466	0.1282	0.123	0.1224	0.1413	0.1272	0.1867	0.108	0.1358	0.118		
		0.3113	0.6081	0.6652	0.6857	0.3106	0.5621	1.3088	0.3079	0.6422	1.1449	0.3908	0.4654		0.1161	0.2018	0.1993	0.1917	0.1167	0.1644	0.284	0.1211	0.1503	0.3004	0.125	0.1267		
		0.4264	0.1288	0.2923	0.1954	0.2838	0.2276	0.2273	0.1522	0.3086	0.1855	0.3446	0.8588		0.141	0.1042	0.1123	0.1079	0.1121	0.1118	0.1103	0.1034	0.119	0.1047	0.1263	0.1999		
		0.338	0.3364	0.2067	0.4857	0.1208	0.4583	0.2208	0.2927	0.2221	0.2897	0.5543	0.4774		0.1066	0.2956	0.1003	0.1491	0.0971	0.134	0.1101	0.1181	0.1055	0.1184	0.1469	0.1267		
		0.3194	0.4714	0.4955	0.446	0.1829	0.2922	0.5673	0.2998	0.3185	0.2852	0.2863	0.2286		0.1153	0.1665	0.1981	0.1235	0.1087	0.1116	0.1714	0.1247	0.1277	0.1258	0.1142	0.1113		
		
~End
Copyright © 2003 Molecular Devices. All rights reserved.
