##BLOCKS= 1          
Plate:	Plate#1	1.3	PlateFormat	Endpoint	Absorbance	Raw	FALSE	1						2	490 750	1	12	96	1	8	None	
	Temperature(¡C)	1	2	3	4	5	6	7	8	9	10	11	12		1	2	3	4	5	6	7	8	9	10	11	12		
	22.60	0.3497	1.2606	0.6093	0.6725	0.4701	0.4895	0.8225	0.4073	1.4456	0.1879	0.4225	1.1245		0.1323	0.2184	0.1744	0.1806	0.1395	0.167	0.1797	0.1344	0.2918	0.1027	0.1452	0.2171		
		0.4803	0.2606	0.7903	0.599	1.6301	0.2254	0.9309	0.1391	1.3258	0.3261	0.1371	1.5572		0.4215	0.1328	0.253	0.1559	0.3418	0.1093	0.1992	0.111	0.2401	0.1169	0.0967	0.3321		
		0.391	0.1351	0.5147	0.4686	0.5752	0.4507	0.4581	0.6813	0.2734	0.5803	0.4359	1.0115		0.1306	0.1066	0.1767	0.1592	0.174	0.1342	0.1345	0.1746	0.1071	0.15	0.1305	0.1968		
		0.3645	0.5649	0.379	0.4178	0.3742	0.7728	0.6146	1.4079	0.5735	0.5676	0.2783	0.4435		0.1334	0.1417	0.1273	0.1306	0.1278	0.2249	0.1574	0.3033	0.1405	0.1544	0.1092	0.1368		
		0.2964	1.0864	0.2902	0.4506	0.2859	0.4386	0.737	0.4939	1.0769	1.9484	0.302	1.0351		0.1159	0.3236	0.115	0.1279	0.118	0.13	0.1631	0.1419	0.244	0.4924	0.1134	0.2348		
		0.2766	0.1363	0.2997	0.1985	0.307	0.4509	0.3596	0.1773	0.5101	0.3041	0.3093	0.4611		0.1279	0.1061	0.1089	0.1098	0.1152	0.1591	0.1423	0.1234	0.1401	0.1289	0.1195	0.1246		
		0.3915	0.3588	0.2147	0.4348	0.1281	0.2862	0.239	0.9111	0.3096	0.3301	0.9482	0.4298		0.1324	0.3274	0.1065	0.1383	0.099	0.1155	0.1065	0.2687	0.1221	0.1199	0.1979	0.1244		
		0.8816	0.4742	0.2333	0.397	0.1662	0.3837	0.2384	0.3078	0.2451	0.3517	0.3664	0.277		0.2194	0.1412	0.1238	0.1214	0.1075	0.1209	0.1086	0.1288	0.1096	0.1389	0.127	0.1176		
		
~End
Copyright © 2003 Molecular Devices. All rights reserved.
