##BLOCKS= 1          
Plate:	Plate#1	1.3	PlateFormat	Endpoint	Absorbance	Raw	FALSE	1						2	490 750	1	12	96	1	8	None	
	Temperature(¡C)	1	2	3	4	5	6	7	8	9	10	11	12		1	2	3	4	5	6	7	8	9	10	11	12		
	21.90	0.1891	0.3994	0.2198	0.2557	0.1973	0.2228	0.2402	0.2797	0.3541	0.2208	0.3678	0.4595		0.1357	0.2608	0.1688	0.1954	0.1515	0.1708	0.1718	0.2028	0.253	0.1737	0.25	0.3177		
		0.4684	0.1993	0.7036	0.1854	0.3272	0.1787	0.348	0.3595	0.3663	0.2013	0.1495	0.4529		0.3627	0.1553	0.4884	0.137	0.2415	0.1296	0.2459	0.2671	0.2681	0.1524	0.1079	0.3523		
		0.2379	0.1612	0.2032	0.2477	0.4902	0.3124	0.4623	0.377	0.1867	0.2515	0.2676	0.4079		0.145	0.1192	0.151	0.178	0.3682	0.2306	0.3384	0.2866	0.1367	0.1923	0.2072	0.3067		
		0.4849	0.4185	0.2773	0.3762	0.213	0.2721	0.2005	0.3997	0.3499	0.2564	0.4173	0.3879		0.3537	0.3185	0.2091	0.276	0.1605	0.2118	0.1508	0.273	0.2662	0.1914	0.3223	0.2588		
		0.3788	0.4009	0.2146	0.269	0.1591	0.2163	0.3799	0.1935	0.372	0.4421	0.2528	0.3284		0.2126	0.2896	0.163	0.1974	0.1149	0.1625	0.2902	0.1462	0.271	0.3444	0.1882	0.2343		
		0.2707	0.3041	0.3206	0.3581	0.2497	0.2557	0.1958	0.3027	0.1886	0.2466	0.2453	0.4922		0.2272	0.2071	0.2217	0.2684	0.1875	0.1894	0.1411	0.2211	0.1429	0.1865	0.173	0.3198		
		0.5115	0.4189	0.2488	0.325	0.1967	0.2395	0.1968	0.2138	0.225	0.2682	0.2495	0.3397		0.2982	0.3638	0.1861	0.2346	0.1454	0.1756	0.1442	0.1565	0.1622	0.2008	0.184	0.2518		
		0.2071	0.2175	0.1986	0.2856	0.2321	0.2405	0.2259	0.1813	0.1882	0.1959	0.1716	0.2342		0.1512	0.1557	0.1394	0.2127	0.1758	0.1813	0.1707	0.1359	0.14	0.1473	0.1296	0.1739		
		
~End
Copyright © 2003 Molecular Devices. All rights reserved.
