##BLOCKS= 1          
Plate:	Plate#1	1.3	PlateFormat	Endpoint	Absorbance	Raw	FALSE	1						2	490 750	1	12	96	1	8	None	
	Temperature(¡C)	1	2	3	4	5	6	7	8	9	10	11	12		1	2	3	4	5	6	7	8	9	10	11	12		
	22.00	0.2143	0.3738	0.2241	0.2336	0.231	0.2153	0.3011	0.2058	0.3691	0.2116	0.5734	0.6088		0.1597	0.2353	0.1692	0.1732	0.1773	0.1635	0.2244	0.1436	0.257	0.1641	0.3835	0.4643		
		0.7395	0.2236	0.6209	0.2331	0.4478	0.2069	0.3895	0.5116	0.4969	0.2031	0.1619	0.6262		0.5784	0.1576	0.4323	0.1752	0.3397	0.1558	0.2849	0.3936	0.3538	0.1541	0.1188	0.4827		
		0.2836	0.1527	0.1895	0.2098	0.4968	0.3158	0.4441	0.2818	0.2041	0.2626	0.1869	0.5057		0.1756	0.1137	0.1403	0.1414	0.3713	0.2343	0.3165	0.2124	0.1525	0.2012	0.1412	0.3858		
		0.3321	0.2974	0.4178	0.5304	0.2456	0.2308	0.1958	0.4722	0.4935	0.2352	0.3999	0.3185		0.2502	0.2293	0.3042	0.4036	0.1854	0.1773	0.1472	0.3324	0.3909	0.1745	0.2928	0.2139		
		0.3507	0.4656	0.1994	0.292	0.1865	0.3392	0.3983	0.2061	0.503	0.4944	0.2402	0.2976		0.1941	0.3535	0.1479	0.2163	0.1381	0.2671	0.3069	0.1556	0.3837	0.3815	0.1786	0.2076		
		0.3497	0.2628	0.3342	0.3701	0.2309	0.2093	0.2103	0.2891	0.2297	0.2535	0.5001	0.5134		0.2522	0.1794	0.2254	0.2763	0.1747	0.1545	0.1537	0.2179	0.1761	0.1944	0.3391	0.3254		
		0.3393	0.4486	0.3029	0.2425	0.1678	0.3907	0.1859	0.2583	0.2633	0.363	0.2154	0.3679		0.2296	0.369	0.2251	0.1763	0.1259	0.2935	0.1386	0.1941	0.1926	0.2928	0.1569	0.2724		
		0.3362	0.2256	0.2038	0.3161	0.2681	0.2167	0.1915	0.1947	0.1976	0.2039	0.2057	0.1964		0.239	0.169	0.1463	0.2344	0.2041	0.1581	0.1414	0.1469	0.1482	0.1524	0.1566	0.1471		
		
~End
Copyright © 2003 Molecular Devices. All rights reserved.
