##BLOCKS= 1          
Plate:	Plate#1	1.3	PlateFormat	Endpoint	Absorbance	Raw	FALSE	1						2	490 750	1	12	96	1	8	None	
	Temperature(¡C)	1	2	3	4	5	6	7	8	9	10	11	12		1	2	3	4	5	6	7	8	9	10	11	12		
	21.70	0.3875	0.5331	0.3427	0.4134	0.3501	0.4038	0.546	0.2191	0.3506	0.4541	0.434	0.6748		0.1551	0.1902	0.163	0.1557	0.1533	0.1599	0.2552	0.1393	0.2186	0.1705	0.2511	0.3542		
		0.7178	0.2134	0.6673	0.3865	0.4222	0.2997	0.5125	0.299	0.4765	0.2443	0.2396	0.7453		0.536	0.1439	0.4257	0.1447	0.2231	0.13	0.2669	0.2301	0.2633	0.1526	0.1199	0.4089		
		0.3184	0.1406	0.2963	0.1827	0.4399	0.4671	0.2218	0.4445	0.3221	0.4693	0.5905	0.513		0.1329	0.108	0.1688	0.1109	0.1953	0.188	0.1511	0.2559	0.1642	0.2653	0.3008	0.3042		
		0.3984	0.5253	0.4082	0.435	0.4005	0.3738	0.2816	0.666	0.4502	0.3313	0.5822	0.3266		0.1848	0.2745	0.2179	0.2243	0.1838	0.1695	0.1447	0.3362	0.2566	0.1628	0.3219	0.1575		
		0.2904	0.6576	0.2702	0.5777	0.5086	0.4995	0.7556	0.3123	0.4791	0.5673	0.291	0.3457		0.1686	0.3169	0.1368	0.2637	0.182	0.2534	0.3746	0.1587	0.2274	0.2988	0.1436	0.2242		
		0.2531	0.1671	0.3099	0.2099	0.2096	0.2653	0.4082	0.254	0.3099	0.1837	0.2686	0.2665		0.196	0.1343	0.2121	0.1637	0.1643	0.1596	0.1475	0.1922	0.1772	0.1167	0.1781	0.189		
		0.2617	0.4549	0.2259	0.3041	0.1343	0.1987	0.4688	0.6339	0.3633	0.3066	0.2728	0.322		0.156	0.3839	0.1747	0.1835	0.1074	0.1508	0.175	0.27	0.1392	0.1289	0.1913	0.2208		
		0.2746	0.3425	0.2204	0.2844	0.2533	0.317	0.2077	0.2157	0.3259	0.3144	0.4038	0.2919		0.1515	0.1634	0.1248	0.2116	0.1932	0.1274	0.1125	0.1502	0.1354	0.1582	0.1626	0.1388		
		
~End
Copyright © 2003 Molecular Devices. All rights reserved.
