##BLOCKS= 1          
Plate:	Plate#1	1.3	PlateFormat	Endpoint	Absorbance	Raw	FALSE	1						2	490 750	1	12	96	1	8	None	
	Temperature(¡C)	1	2	3	4	5	6	7	8	9	10	11	12		1	2	3	4	5	6	7	8	9	10	11	12		
	21.60	0.407	0.4507	0.3783	0.4657	0.358	0.4241	0.5211	0.2261	0.2774	0.3783	0.5564	0.7365		0.1657	0.1983	0.1635	0.164	0.1615	0.1607	0.2678	0.1474	0.1804	0.1549	0.2909	0.3776		
		0.4746	0.2255	0.6947	0.3656	0.4039	0.2415	0.3546	0.3108	0.4227	0.2618	0.2455	0.5196		0.4008	0.1524	0.4541	0.144	0.2353	0.1222	0.2042	0.2407	0.2512	0.1618	0.1283	0.2798		
		0.2407	0.1471	0.3034	0.2409	0.3036	0.3254	0.2357	0.4638	0.2469	0.3635	0.4432	0.6682		0.1261	0.1122	0.1627	0.1281	0.1624	0.1754	0.1597	0.2682	0.1399	0.2079	0.2635	0.3823		
		0.3354	0.5216	0.6395	0.5119	0.3941	0.3518	0.3089	0.5478	0.4363	0.2622	0.4691	0.429		0.1544	0.292	0.33	0.2507	0.1782	0.1796	0.1608	0.3051	0.2582	0.1392	0.275	0.2069		
		0.293	0.5129	0.2757	0.8112	0.4591	0.3875	0.4296	0.3493	0.4069	0.4664	0.4004	0.3741		0.1698	0.2731	0.1326	0.3528	0.164	0.2021	0.2444	0.1579	0.1886	0.2641	0.1792	0.2357		
		0.287	0.1757	0.3092	0.2135	0.2463	0.2373	0.3205	0.2216	0.23	0.2024	0.2595	0.2453		0.2184	0.1421	0.2146	0.1655	0.1912	0.1457	0.1322	0.1668	0.1358	0.1238	0.1597	0.1721		
		0.2151	0.3479	0.2401	0.3531	0.1326	0.2262	0.3484	0.3778	0.3435	0.3577	0.2938	0.2349		0.1272	0.2816	0.1856	0.2036	0.1062	0.1722	0.1403	0.1579	0.1398	0.1603	0.1996	0.1645		
		0.3427	0.4002	0.2092	0.2238	0.2292	0.3235	0.2012	0.1911	0.3325	0.2554	0.3219	0.3615		0.1784	0.1651	0.1184	0.1571	0.1748	0.1322	0.1128	0.1306	0.1374	0.1345	0.1449	0.151		
		
~End
Copyright © 2003 Molecular Devices. All rights reserved.
