##BLOCKS= 1          
Plate:	Plate#1	1.3	PlateFormat	Endpoint	Absorbance	Raw	FALSE	1						2	490 750	1	12	96	1	8	None	
	Temperature(¡C)	1	2	3	4	5	6	7	8	9	10	11	12		1	2	3	4	5	6	7	8	9	10	11	12		
	21.60	0.3958	0.5945	0.4238	0.3834	0.326	0.335	0.5906	0.229	0.3133	0.3942	0.4472	0.4773		0.1483	0.246	0.1825	0.1522	0.1576	0.1487	0.2769	0.1511	0.2079	0.1652	0.2533	0.2406		
		0.5797	0.2127	0.6373	0.3678	0.5849	0.337	0.3788	0.2665	0.6663	0.2492	0.2826	0.5372		0.4449	0.1503	0.412	0.1514	0.3085	0.1819	0.2073	0.2035	0.375	0.153	0.1347	0.2682		
		0.2866	0.1399	0.3463	0.2753	0.4962	0.431	0.2266	0.3975	0.3497	0.4763	0.5151	0.5188		0.1304	0.1072	0.1844	0.1282	0.2372	0.1893	0.1528	0.2323	0.1549	0.254	0.2693	0.3037		
		0.4412	0.5584	0.4885	0.6228	0.4335	0.415	0.3623	0.6616	0.3946	0.3739	0.5987	0.4287		0.1621	0.3064	0.269	0.2882	0.1846	0.1922	0.1755	0.352	0.2176	0.1648	0.3459	0.1986		
		0.283	0.7097	0.2929	0.8787	0.5577	0.537	0.7242	0.3161	0.3736	0.4233	0.3506	0.3452		0.1671	0.3678	0.1408	0.3701	0.1968	0.248	0.3683	0.15	0.186	0.2325	0.1629	0.2258		
		0.2797	0.1808	0.3531	0.203	0.2145	0.2768	0.4007	0.2231	0.2864	0.1828	0.3181	0.2727		0.217	0.1435	0.2475	0.1576	0.1674	0.1658	0.1467	0.1684	0.1642	0.1174	0.1893	0.1945		
		0.2198	0.3478	0.2232	0.3262	0.1286	0.2275	0.443	0.3149	0.3593	0.288	0.2331	0.3052		0.1297	0.3216	0.1733	0.176	0.1067	0.172	0.162	0.1413	0.1379	0.1305	0.1716	0.2105		
		0.3411	0.3878	0.6999	0.2773	0.2093	0.3393	0.2252	0.2054	0.3639	0.2331	0.3204	0.3288		0.1832	0.1572	0.59	0.2054	0.1613	0.1377	0.1236	0.1457	0.1395	0.1239	0.1453	0.1426		
		
~End
Copyright © 2003 Molecular Devices. All rights reserved.
