##BLOCKS= 1          
Plate:	Plate#1	1.3	PlateFormat	Endpoint	Absorbance	Raw	FALSE	1						2	490 750	1	12	96	1	8	None	
	Temperature(¡C)	1	2	3	4	5	6	7	8	9	10	11	12		1	2	3	4	5	6	7	8	9	10	11	12		
	22.80	0.1275	0.1669	0.1314	0.1281	0.1246	0.1187	0.1251	0.1394	0.1455	0.1266	0.1368	0.1347		0.0988	0.109	0.1074	0.1026	0.1046	0.0997	0.1024	0.102	0.1078	0.1038	0.1091	0.1086		
		0.3396	0.141	0.2676	0.1407	0.1236	0.1241	0.1202	0.124	0.128	0.1191	0.1395	0.1256		0.2811	0.1154	0.1844	0.1183	0.1001	0.1021	0.0999	0.1041	0.1045	0.0998	0.104	0.1038		
		0.1205	0.1263	0.1392	0.1267	0.1384	0.1196	0.1369	0.1267	0.1215	0.1393	0.1303	0.1647		0.0988	0.1031	0.1112	0.104	0.1053	0.0983	0.1108	0.1034	0.1012	0.1153	0.1091	0.1399		
		0.1298	0.1211	0.1326	0.1271	0.1307	0.1324	0.1279	0.1329	0.1233	0.1219	0.1209	0.1198		0.1055	0.1012	0.1081	0.1049	0.1095	0.1119	0.1069	0.1055	0.0998	0.0996	0.1004	0.1004		
		0.1818	0.1226	0.1203	0.1725	0.1386	0.129	0.1209	0.1277	0.1248	0.1343	0.1224	0.1562		0.1036	0.0996	0.0993	0.1466	0.1116	0.1079	0.1006	0.105	0.1024	0.1107	0.103	0.1124		
		0.1379	0.1194	0.1342	0.1273	0.1637	0.1301	0.1392	0.1499	0.12	0.1325	0.1256	0.1332		0.1145	0.1012	0.1111	0.1054	0.1349	0.1064	0.1046	0.1258	0.0987	0.1104	0.1045	0.1082		
		0.1301	0.3649	0.1332	0.1279	0.1209	0.1364	0.1199	0.1335	0.1772	0.1274	0.1216	0.1278		0.1032	0.2946	0.1121	0.1054	0.0999	0.1144	0.0988	0.1075	0.1429	0.1033	0.1003	0.1053		
		0.1576	0.1342	0.1229	0.1294	0.1258	0.1207	0.1206	0.1277	0.1303	0.1331	0.1247	0.1189		0.1361	0.1132	0.1	0.1063	0.1059	0.0991	0.0992	0.1029	0.1059	0.1095	0.1027	0.0982		
		
~End
Copyright © 2003 Molecular Devices. All rights reserved.
