##BLOCKS= 1          
Plate:	Plate#1	1.3	PlateFormat	Endpoint	Absorbance	Raw	FALSE	1						2	490 750	1	12	96	1	8	None	
	Temperature(¡C)	1	2	3	4	5	6	7	8	9	10	11	12		1	2	3	4	5	6	7	8	9	10	11	12		
	22.10	0.175	0.2274	0.1911	0.1798	0.1649	0.1509	0.191	0.1718	0.2292	0.1476	0.1956	0.2157		0.1244	0.1321	0.1499	0.1422	0.1321	0.1142	0.1417	0.1301	0.1765	0.1155	0.1164	0.1453		
		0.5802	0.1434	0.5037	0.1702	0.2371	0.1495	0.1626	0.2047	0.2644	0.1396	0.1822	0.2566		0.505	0.1172	0.2774	0.1241	0.1628	0.1194	0.1121	0.167	0.1673	0.1144	0.1311	0.1628		
		0.1686	0.1296	0.1443	0.1679	0.5829	0.1789	0.2343	0.1982	0.1782	0.1489	0.1579	0.2186		0.1342	0.1069	0.1085	0.1253	0.3443	0.1299	0.183	0.1579	0.1395	0.1194	0.1235	0.1491		
		0.2054	0.2156	0.1642	0.2298	0.1817	0.186	0.2301	0.2217	0.1802	0.1681	0.1787	0.1688		0.1485	0.1524	0.1315	0.1564	0.1358	0.1433	0.1837	0.1489	0.1383	0.1361	0.1284	0.1357		
		0.2905	0.2236	0.2112	0.21	0.1326	0.2342	0.2875	0.1437	0.2424	0.2376	0.1502	0.1722		0.1632	0.1385	0.1675	0.1603	0.1052	0.1831	0.194	0.1137	0.1542	0.1641	0.1173	0.1121		
		0.2523	0.2025	0.2472	0.2378	0.164	0.2184	0.1857	0.1867	0.1594	0.1819	0.2114	0.3122		0.2349	0.1589	0.1765	0.1923	0.1312	0.1601	0.1279	0.1508	0.1259	0.141	0.1735	0.198		
		0.1762	0.298	0.2553	0.1783	0.1308	0.2524	0.1516	0.175	0.1646	0.1906	0.1658	0.1802		0.1935	0.2573	0.2154	0.1343	0.1083	0.1992	0.1115	0.1287	0.1176	0.1424	0.1244	0.1327		
		0.174	0.1518	0.1544	0.1771	0.1944	0.2113	0.1581	0.1576	0.1761	0.1539	0.1606	0.1634		0.1277	0.1105	0.116	0.1421	0.1574	0.1509	0.114	0.1167	0.1315	0.1144	0.1229	0.1317		
		
~End
Copyright © 2003 Molecular Devices. All rights reserved.
