##BLOCKS= 1          
Plate:	Plate#1	1.3	PlateFormat	Endpoint	Absorbance	Raw	FALSE	1						2	490 750	1	12	96	1	8	None	
	Temperature(¡C)	1	2	3	4	5	6	7	8	9	10	11	12		1	2	3	4	5	6	7	8	9	10	11	12		
	22.10	0.2252	0.281	0.1889	0.1898	0.1595	0.1645	0.2707	0.1678	0.2871	0.1792	0.4504	0.2752		0.1598	0.1706	0.1502	0.1484	0.1278	0.124	0.2179	0.1248	0.229	0.1408	0.251	0.1944		
		0.421	0.1492	0.5219	0.2301	0.2028	0.1448	0.279	0.363	0.491	0.1762	0.2767	0.477		0.3886	0.1263	0.2987	0.1714	0.1407	0.1153	0.1867	0.3043	0.3149	0.1461	0.2069	0.3121		
		0.2052	0.135	0.2007	0.2184	0.3069	0.2	0.2199	0.204	0.186	0.1616	0.208	0.3051		0.1711	0.1127	0.1548	0.1649	0.1902	0.1471	0.1704	0.1642	0.1489	0.1296	0.1658	0.2026		
		0.2036	0.2923	0.1578	0.2973	0.1687	0.1921	0.2636	0.2617	0.3029	0.1618	0.347	0.2309		0.1854	0.19	0.1229	0.1992	0.1316	0.148	0.2116	0.1712	0.24	0.1288	0.2466	0.1879		
		0.2534	0.3245	0.1746	0.2097	0.1391	0.2199	0.4496	0.1497	0.2188	0.2023	0.1743	0.2278		0.2462	0.1936	0.136	0.1619	0.1109	0.1751	0.3116	0.1165	0.1397	0.1463	0.1396	0.1488		
		0.2593	0.4379	0.3096	0.1826	0.2761	0.2004	0.1992	0.3392	0.201	0.159	0.234	0.2905		0.2101	0.3446	0.2134	0.1479	0.2263	0.1438	0.1381	0.2811	0.1611	0.1264	0.1825	0.1759		
		0.1808	0.2938	0.2121	0.2207	0.1236	0.2113	0.2241	0.2394	0.1566	0.145	0.1656	0.2053		0.1398	0.2651	0.1728	0.1684	0.1011	0.1684	0.1633	0.1656	0.1133	0.1077	0.1266	0.1532		
		0.1955	0.1733	0.1662	0.1948	0.1832	0.1991	0.1621	0.1484	0.2008	0.1729	0.162	0.1478		0.1485	0.1324	0.1225	0.1581	0.1478	0.14	0.1178	0.1094	0.1503	0.129	0.1253	0.1161		
		
~End
Copyright © 2003 Molecular Devices. All rights reserved.
