##BLOCKS= 1          
Plate:	Plate#1	1.3	PlateFormat	Endpoint	Absorbance	Raw	FALSE	1						2	490 750	1	12	96	1	8	None	
	Temperature(¡C)	1	2	3	4	5	6	7	8	9	10	11	12		1	2	3	4	5	6	7	8	9	10	11	12		
	23.20	0.3668	0.8899	0.3306	0.2885	0.3887	0.2515	0.725	0.2532	0.3321	0.4252	0.1951	0.773		0.1194	0.18	0.1181	0.1126	0.1201	0.1181	0.1538	0.1154	0.1387	0.1412	0.1039	0.1655		
		0.6467	0.2067	0.4184	0.1995	0.3712	0.2015	0.3841	0.1906	0.4661	0.1928	0.1552	1.0375		0.525	0.1299	0.2119	0.1058	0.1331	0.112	0.1222	0.151	0.1695	0.1118	0.1101	0.2721		
		0.2113	0.1396	0.1636	0.1869	0.3371	0.6085	0.2964	0.213	0.2582	0.2452	0.2814	0.3008		0.114	0.1053	0.1036	0.1102	0.1233	0.1687	0.1333	0.1098	0.111	0.1114	0.1116	0.1108		
		0.3435	0.2949	0.2479	0.4603	0.3082	0.243	0.5016	0.6052	0.3346	0.2129	0.7041	0.3796		0.1165	0.1209	0.1234	0.1401	0.1317	0.1068	0.1529	0.1605	0.1195	0.1157	0.146	0.1272		
		0.2312	1.1406	0.3846	0.3136	0.1621	0.2233	0.377	0.6072	0.547	0.3252	0.2284	0.1718		0.139	0.2505	0.1179	0.1146	0.1046	0.108	0.1311	0.1643	0.1818	0.1378	0.1061	0.109		
		0.1798	0.1579	0.1842	0.1704	0.155	0.2518	0.2779	0.1565	0.261	0.2395	0.3719	0.4036		0.1323	0.129	0.1247	0.1313	0.1176	0.12	0.1199	0.1198	0.1085	0.1083	0.1436	0.1732		
		0.3056	0.3438	0.1703	0.2572	0.1364	0.1698	0.2252	0.3435	0.2199	0.2298	0.2245	0.2265		0.1176	0.3019	0.1291	0.139	0.1061	0.1181	0.1156	0.1138	0.106	0.108	0.1185	0.146		
		0.4604	0.3181	0.1987	0.1634	0.1638	0.2057	0.2732	0.1604	0.3191	0.4602	0.4727	0.2254		0.1451	0.1201	0.1162	0.1061	0.1219	0.1077	0.1188	0.109	0.1264	0.3023	0.1375	0.1123		
		
~End
Copyright © 2003 Molecular Devices. All rights reserved.
