##BLOCKS= 1          
Plate:	Plate#1	1.3	PlateFormat	Endpoint	Absorbance	Raw	FALSE	1						2	490 750	1	12	96	1	8	None	
	Temperature(¡C)	1	2	3	4	5	6	7	8	9	10	11	12		1	2	3	4	5	6	7	8	9	10	11	12		
	23.20	0.3456	0.7847	0.4976	1.0303	0.3431	0.3469	0.7471	0.2968	0.2097	0.3295	0.2462	0.4049		0.1552	0.166	0.1442	0.2312	0.1163	0.1172	0.142	0.1163	0.1004	0.1163	0.1156	0.1237		
		0.6462	0.2609	0.741	0.2724	0.2837	0.2204	0.4472	0.1758	0.4073	0.1812	0.1479	0.3698		0.5123	0.1571	0.3015	0.1165	0.1063	0.1067	0.1288	0.138	0.1141	0.1104	0.1043	0.1143		
		0.2205	0.1479	0.1626	0.2396	0.2189	0.2564	0.2806	0.288	0.6095	0.3801	0.3089	0.257		0.1093	0.1091	0.1052	0.1164	0.1084	0.1166	0.1116	0.1309	0.1686	0.1239	0.1293	0.1124		
		0.246	0.2496	0.362	0.3542	0.3237	0.246	0.2582	0.4021	0.5627	0.3244	0.6522	0.3286		0.1093	0.1167	0.1251	0.1286	0.1197	0.112	0.1153	0.1237	0.1396	0.1251	0.1856	0.119		
		0.2202	0.3566	0.226	0.2884	0.1632	0.2616	0.3368	0.3384	0.4681	0.4796	0.4666	0.1879		0.1187	0.1138	0.1052	0.1343	0.1053	0.1148	0.1095	0.125	0.1247	0.1457	0.1514	0.1156		
		0.1831	0.1861	0.2167	0.1538	0.14	0.2825	0.242	0.1815	0.2428	0.2588	0.1903	0.3057		0.1438	0.1603	0.1407	0.117	0.1066	0.1437	0.1137	0.1423	0.1101	0.1178	0.1108	0.1441		
		0.2916	0.3325	0.1347	0.7161	0.1287	0.2252	0.1843	0.5689	0.2583	0.2026	0.2547	0.191		0.1078	0.2854	0.1031	0.2384	0.1014	0.1638	0.1038	0.2437	0.119	0.1023	0.1461	0.1112		
		0.4622	0.5586	0.1803	0.17	0.162	0.287	0.2096	0.1469	0.257	0.1859	0.3253	0.2115		0.1919	0.1714	0.104	0.1106	0.124	0.1105	0.1067	0.1017	0.107	0.1027	0.1142	0.0997		
		
~End
Copyright © 2003 Molecular Devices. All rights reserved.
