##BLOCKS= 1          
Plate:	Plate#1	1.3	PlateFormat	Endpoint	Absorbance	Raw	FALSE	1						2	490 750	1	12	96	1	8	None	
	Temperature(¡C)	1	2	3	4	5	6	7	8	9	10	11	12		1	2	3	4	5	6	7	8	9	10	11	12		
	23.00	0.1753	0.3998	0.224	0.196	0.177	0.1693	0.4776	0.2366	0.2872	0.1736	0.2765	0.3827		0.1226	0.2127	0.1622	0.1362	0.1277	0.1262	0.3204	0.1558	0.2058	0.1281	0.1653	0.1829		
		0.4812	0.208	0.9968	0.2283	0.5135	0.2153	0.1528	0.3606	0.3657	0.2681	0.1577	0.3851		0.3982	0.1424	0.4059	0.1681	0.2826	0.1559	0.1197	0.2721	0.2323	0.2018	0.1056	0.2653		
		0.1808	0.1302	0.1892	0.1634	0.2498	0.2165	0.2694	0.2262	0.1847	0.2066	0.274	0.5221		0.1111	0.1032	0.1403	0.1109	0.1662	0.1501	0.187	0.1577	0.133	0.1527	0.1788	0.2439		
		0.1948	0.186	0.2105	0.4343	0.1773	0.1783	0.2102	0.4187	0.2307	0.2687	0.2637	0.177		0.1588	0.1324	0.1389	0.2699	0.1285	0.1326	0.1468	0.2691	0.1528	0.1715	0.1917	0.1335		
		0.3053	0.3172	0.1833	0.1909	0.1498	0.2326	0.4399	0.1802	0.8239	0.2516	0.1773	0.1612		0.1717	0.1923	0.1365	0.1388	0.1118	0.1574	0.3053	0.135	0.3888	0.1709	0.1312	0.111		
		0.2975	0.2361	0.6887	0.2777	0.2264	0.1857	0.183	0.3413	0.2246	0.2137	0.1942	0.3102		0.2051	0.1866	0.236	0.1913	0.1598	0.1457	0.1233	0.1897	0.1686	0.1625	0.1448	0.1975		
		0.172	0.4081	0.2839	0.1977	0.1298	0.2533	0.1554	0.2254	0.232	0.169	0.2875	0.1923		0.1307	0.3549	0.1878	0.143	0.1065	0.1699	0.1071	0.15	0.1415	0.1171	0.199	0.1392		
		0.1841	0.1687	0.2589	0.9876	0.3541	0.1662	0.1978	0.1653	0.2084	0.1646	0.1618	0.1594		0.1329	0.119	0.189	0.2275	0.2503	0.118	0.1133	0.111	0.1293	0.1225	0.1222	0.1159		
		
~End
Copyright © 2003 Molecular Devices. All rights reserved.
