##BLOCKS= 1          
Plate:	Plate#1	1.3	PlateFormat	Endpoint	Absorbance	Raw	FALSE	1						2	490 750	1	12	96	1	8	None	
	Temperature(¡C)	1	2	3	4	5	6	7	8	9	10	11	12		1	2	3	4	5	6	7	8	9	10	11	12		
	22.90	0.1779	0.3648	0.2256	0.2274	0.1723	0.2889	0.3612	0.2711	0.2704	0.1796	0.485	0.4221		0.1261	0.199	0.166	0.1545	0.1272	0.1669	0.2288	0.1935	0.1917	0.1336	0.2025	0.1871		
		0.5126	0.2334	0.9759	0.23	0.7316	0.1906	0.1451	0.338	0.2689	0.216	0.1575	0.5151		0.4197	0.156	0.3986	0.1617	0.3807	0.1361	0.1136	0.2549	0.1734	0.1591	0.1084	0.356		
		0.1599	0.1314	0.1757	0.1786	0.2854	0.2682	0.2602	0.1911	0.2611	0.2414	0.332	0.5448		0.1067	0.1051	0.1303	0.1212	0.1849	0.1783	0.1792	0.1287	0.1845	0.1694	0.194	0.2564		
		0.1729	0.1784	0.2108	0.4714	0.1738	0.1852	0.2141	0.3023	0.2535	0.24	0.3613	0.2289		0.1246	0.1354	0.1432	0.3194	0.1302	0.1344	0.1495	0.1981	0.1601	0.1587	0.2616	0.1707		
		0.2947	0.2125	0.2008	0.1859	0.1418	0.2591	0.4154	0.1608	0.7711	0.2133	0.2011	0.1519		0.1665	0.1517	0.1467	0.1361	0.1068	0.1795	0.2869	0.1226	0.3488	0.1456	0.1426	0.1064		
		0.271	0.2433	0.788	0.2868	0.2407	0.2383	0.1572	0.2965	0.2	0.1896	0.2213	0.3958		0.1989	0.1853	0.2424	0.1952	0.1714	0.1875	0.1099	0.1677	0.1437	0.1414	0.1626	0.1971		
		0.1464	0.3264	0.2722	0.1932	0.1343	0.2249	0.1562	0.175	0.1515	0.1796	0.2451	0.2165		0.1161	0.285	0.1797	0.1444	0.1082	0.1516	0.1088	0.1194	0.101	0.1247	0.1716	0.1565		
		0.1825	0.162	0.1523	1.2429	0.258	0.158	0.1629	0.1788	0.2423	0.1627	0.2046	0.1799		0.1466	0.1163	0.1057	0.3031	0.1482	0.111	0.1051	0.1233	0.1508	0.1195	0.1546	0.1295		
		
~End
Copyright © 2003 Molecular Devices. All rights reserved.
