##BLOCKS= 1          
Plate:	Plate#1	1.3	PlateFormat	Endpoint	Absorbance	Raw	FALSE	1						2	490 750	1	12	96	1	8	None	
	Temperature(¡C)	1	2	3	4	5	6	7	8	9	10	11	12		1	2	3	4	5	6	7	8	9	10	11	12		
	23.10	0.1692	0.1562	0.1403	0.1404	0.1284	0.1238	0.1281	0.1442	0.1397	0.1492	0.1508	0.1344		0.1237	0.1094	0.1181	0.1142	0.1064	0.1022	0.1037	0.1076	0.1044	0.1254	0.1238	0.1099		
		0.4935	0.1356	0.2962	0.1404	0.1571	0.1448	0.1506	0.1497	0.1407	0.1418	0.156	0.1354		0.4171	0.113	0.2265	0.116	0.1294	0.1169	0.1262	0.123	0.1149	0.1182	0.115	0.1108		
		0.1548	0.1335	0.1501	0.1467	0.1459	0.1351	0.1565	0.1272	0.1303	0.1419	0.1338	0.1374		0.1154	0.1064	0.1181	0.1176	0.1111	0.1138	0.1242	0.1058	0.1083	0.1205	0.1108	0.1137		
		0.1368	0.1246	0.1431	0.1441	0.1352	0.1359	0.1305	0.1368	0.1358	0.1372	0.1419	0.1306		0.1087	0.0999	0.1181	0.116	0.1137	0.1142	0.1069	0.1122	0.113	0.1151	0.121	0.1123		
		0.2142	0.1401	0.1314	0.128	0.1327	0.1434	0.1456	0.1255	0.1345	0.1471	0.1374	0.1559		0.1353	0.1153	0.109	0.1056	0.1045	0.1196	0.121	0.103	0.1128	0.1236	0.1148	0.1137		
		0.1361	0.136	0.1342	0.1397	0.1357	0.1396	0.158	0.1393	0.1357	0.1281	0.1401	0.1479		0.1167	0.1161	0.1129	0.1162	0.1126	0.1139	0.1214	0.1147	0.1135	0.1063	0.1173	0.1239		
		0.1164	0.3883	0.1363	0.1222	0.1353	0.1361	0.144	0.1535	0.1291	0.1483	0.1224	0.1378		0.0981	0.3761	0.1144	0.1027	0.1119	0.1144	0.1192	0.1272	0.1044	0.1214	0.1022	0.1167		
		0.1325	0.1307	0.1385	0.1318	0.1293	0.135	0.1272	0.1321	0.1275	0.1562	0.1233	0.1383		0.1122	0.1061	0.1122	0.1105	0.1076	0.113	0.1059	0.1056	0.1057	0.1342	0.1028	0.1147		
		
~End
Copyright © 2003 Molecular Devices. All rights reserved.
