##BLOCKS= 1          
Plate:	Plate#1	1.3	PlateFormat	Endpoint	Absorbance	Raw	FALSE	1						2	490 750	1	12	96	1	8	None	
	Temperature(¡C)	1	2	3	4	5	6	7	8	9	10	11	12		1	2	3	4	5	6	7	8	9	10	11	12		
	23.10	0.123	0.1531	0.1308	0.1394	0.138	0.1313	0.1411	0.1419	0.1458	0.1404	0.1379	0.1423		0.0997	0.1091	0.1088	0.117	0.1164	0.1092	0.1173	0.1063	0.1107	0.1167	0.1145	0.1181		
		0.5339	0.1432	0.2526	0.1355	0.1346	0.1408	0.1302	0.1564	0.1333	0.1553	0.1422	0.1302		0.4451	0.1175	0.1709	0.113	0.1107	0.1145	0.1093	0.1302	0.109	0.1335	0.1033	0.107		
		0.1411	0.1403	0.1247	0.1362	0.1562	0.1443	0.1432	0.1409	0.131	0.1377	0.1226	0.1285		0.1076	0.1155	0.1007	0.1111	0.1212	0.1208	0.1145	0.1184	0.1086	0.1148	0.1031	0.1071		
		0.1349	0.1363	0.1379	0.1334	0.131	0.1377	0.1329	0.1404	0.1414	0.1345	0.1297	0.1471		0.1092	0.1138	0.1158	0.1147	0.1103	0.1199	0.1133	0.1158	0.1192	0.1107	0.1098	0.1211		
		0.1873	0.1418	0.1317	0.1244	0.127	0.1369	0.1338	0.1314	0.1584	0.1326	0.1329	0.149		0.1136	0.1164	0.1109	0.1026	0.1011	0.1139	0.112	0.1082	0.1328	0.11	0.112	0.1072		
		0.128	0.1537	0.1313	0.1265	0.1532	0.1416	0.1494	0.1301	0.1379	0.1733	0.1331	0.1291		0.1117	0.1311	0.1105	0.1065	0.1258	0.1167	0.1137	0.1075	0.1141	0.1441	0.111	0.1076		
		0.1155	0.2861	0.1301	0.1423	0.1356	0.1384	0.1328	0.1365	0.1323	0.1287	0.1236	0.1214		0.0974	0.2621	0.1097	0.1187	0.1125	0.1161	0.1088	0.1114	0.1068	0.1051	0.1034	0.1023		
		0.2165	0.1236	0.1316	0.1263	0.1224	0.1285	0.1299	0.128	0.1375	0.1423	0.1278	0.1282		0.1528	0.1017	0.107	0.1054	0.102	0.107	0.107	0.1007	0.1119	0.1189	0.1072	0.1055		
		
~End
Copyright © 2003 Molecular Devices. All rights reserved.
