##BLOCKS= 1          
Plate:	Plate#1	1.3	PlateFormat	Endpoint	Absorbance	Raw	FALSE	1						2	490 750	1	12	96	1	8	None	
	Temperature(¡C)	1	2	3	4	5	6	7	8	9	10	11	12		1	2	3	4	5	6	7	8	9	10	11	12		
	22.70	0.6593	0.7109	0.2521	0.2909	0.232	0.3729	0.4632	0.1702	0.2166	0.2643	0.3248	0.5212		0.2124	0.2256	0.1185	0.129	0.1276	0.159	0.1456	0.1104	0.1326	0.1308	0.1645	0.1539		
		0.5522	0.1854	0.6467	0.5267	0.3274	0.2535	0.2538	0.2756	0.5046	0.246	0.2091	0.5744		0.444	0.1462	0.2713	0.1734	0.1403	0.1378	0.1157	0.2229	0.1997	0.1405	0.1163	0.1815		
		0.5776	0.1352	0.2035	0.2158	0.5701	0.2525	0.1999	0.1921	0.2268	0.271	0.2432	0.3446		0.1823	0.1038	0.1179	0.1258	0.2046	0.1163	0.1302	0.1105	0.1261	0.1321	0.1177	0.142		
		0.3775	0.3511	0.2139	0.5147	0.2078	0.2739	0.2306	0.3459	0.2446	0.3051	0.3714	0.2742		0.1774	0.1535	0.1219	0.1776	0.1189	0.1395	0.1299	0.1324	0.13	0.1451	0.1572	0.1238		
		0.28	0.3301	0.2769	0.3727	0.2055	0.221	0.8084	0.3102	0.5028	0.3804	0.2867	0.361		0.2143	0.1515	0.1412	0.1634	0.1085	0.1282	0.2616	0.1444	0.1636	0.1717	0.1294	0.1536		
		0.2296	0.1895	0.2235	0.224	0.1504	0.1843	0.2653	0.2277	0.2265	0.2211	0.1913	0.2999		0.1676	0.1476	0.1463	0.1842	0.1218	0.1218	0.1274	0.1846	0.1247	0.136	0.1177	0.1511		
		0.1613	0.3961	0.1568	0.2815	0.1616	0.1684	0.1991	0.3871	0.3797	0.3705	0.2459	0.2115		0.1024	0.3661	0.1264	0.1691	0.1344	0.1365	0.1088	0.1674	0.1589	0.1558	0.1424	0.142		
		0.2028	0.2154	0.2731	0.1544	0.1844	0.2534	0.2725	0.1511	0.5024	0.2696	0.254	0.2448		0.1313	0.1127	0.1471	0.1161	0.1494	0.1299	0.1275	0.1177	0.1692	0.1461	0.1225	0.1217		
		
~End
Copyright © 2003 Molecular Devices. All rights reserved.
