##BLOCKS= 1          
Plate:	Plate#1	1.3	PlateFormat	Endpoint	Absorbance	Raw	FALSE	1						2	490 750	1	12	96	1	8	None	
	Temperature(¡C)	1	2	3	4	5	6	7	8	9	10	11	12		1	2	3	4	5	6	7	8	9	10	11	12		
	22.70	0.3657	0.8915	0.2368	0.2959	0.3188	0.3098	0.6343	0.1829	0.2878	0.3244	0.2881	0.4796		0.1455	0.1859	0.121	0.1301	0.1305	0.122	0.1912	0.1174	0.1359	0.1319	0.1427	0.1754		
		0.506	0.1575	0.4792	0.2495	0.3273	0.2684	0.354	0.2301	0.4194	0.2154	0.1888	0.4323		0.3945	0.1192	0.22	0.1144	0.1227	0.1201	0.1415	0.1897	0.14	0.1156	0.1079	0.141		
		0.3317	0.1244	0.195	0.1959	0.3769	0.5015	0.1993	0.3932	0.352	0.3976	0.3954	0.2293		0.1358	0.1001	0.1118	0.1097	0.135	0.161	0.1199	0.1955	0.1381	0.1544	0.1367	0.1073		
		0.3628	0.37	0.544	0.7407	0.3201	0.2805	0.3522	0.3004	0.4204	0.3393	0.7449	0.3107		0.1302	0.1477	0.1776	0.2069	0.1225	0.1296	0.1529	0.1395	0.1592	0.1309	0.2205	0.132		
		0.25	0.3788	0.2974	0.38	0.2579	0.3197	0.4246	0.3349	0.2806	0.3199	0.2838	0.2567		0.1378	0.1585	0.1221	0.1388	0.1178	0.1316	0.1775	0.139	0.1154	0.1303	0.117	0.1179		
		0.2217	0.1607	0.222	0.3402	0.1452	0.1941	0.3682	0.158	0.4305	0.2307	0.2368	0.2404		0.2028	0.1339	0.1542	0.3025	0.1164	0.108	0.1465	0.1281	0.1887	0.1206	0.1208	0.1491		
		0.2258	0.4944	0.2416	0.4314	0.1217	0.1542	0.3944	0.4245	0.3358	0.3642	0.2205	0.3279		0.1123	0.4177	0.1982	0.1797	0.0994	0.1212	0.1559	0.1439	0.1406	0.1413	0.1177	0.1902		
		0.3868	0.289	0.2224	0.1957	0.1747	0.2601	0.8054	0.184	0.3764	0.2994	0.2458	0.1987		0.1402	0.1227	0.119	0.1247	0.1429	0.1212	0.2952	0.1423	0.1505	0.1426	0.1195	0.1077		
		
~End
Copyright © 2003 Molecular Devices. All rights reserved.
