##BLOCKS= 1          
Plate:	Plate#1	1.3	PlateFormat	Endpoint	Absorbance	Raw	FALSE	1						2	490 750	1	12	96	1	8	None	
	Temperature(¡C)	1	2	3	4	5	6	7	8	9	10	11	12		1	2	3	4	5	6	7	8	9	10	11	12		
	21.50	0.1755	0.254	0.1653	0.1773	0.1638	0.2814	0.1783	0.1925	0.1912	0.1738	0.1892	0.1853		0.1409	0.1375	0.134	0.1448	0.1334	0.2302	0.1413	0.1396	0.1404	0.1395	0.1471	0.1499		
		0.5193	0.212	0.3631	0.2084	0.1735	0.1806	0.2025	0.2148	0.1982	0.178	0.1596	0.1783		0.447	0.161	0.2394	0.1657	0.1402	0.1411	0.1637	0.1632	0.1568	0.1449	0.1267	0.143		
		0.1825	0.158	0.1914	0.2049	0.2146	0.1695	0.1874	0.1728	0.1789	0.1648	0.1831	0.1691		0.1272	0.1248	0.1505	0.1403	0.1599	0.1367	0.145	0.1412	0.1457	0.134	0.1508	0.1365		
		0.1871	0.2174	0.171	0.1896	0.1793	0.1702	0.1821	0.1835	0.1768	0.1763	0.1785	0.1631		0.1542	0.1717	0.134	0.1484	0.1419	0.1333	0.1482	0.1462	0.141	0.1391	0.1449	0.1343		
		0.2388	0.1903	0.1636	0.1806	0.1763	0.188	0.1772	0.1599	0.1796	0.1834	0.1686	0.2019		0.1671	0.1395	0.1293	0.1414	0.1378	0.1472	0.1409	0.1286	0.1467	0.1451	0.1333	0.1445		
		0.1979	0.2802	0.2052	0.2109	0.2077	0.2024	0.1729	0.1927	0.1758	0.1711	0.1816	0.1953		0.148	0.2205	0.1575	0.1647	0.1632	0.1549	0.125	0.1484	0.1431	0.1363	0.1477	0.1567		
		0.1717	0.5786	0.2084	0.1555	0.1773	0.2174	0.1789	0.1927	0.181	0.1647	0.1845	0.2267		0.1297	0.5514	0.1617	0.1275	0.1362	0.1702	0.1333	0.146	0.1332	0.1262	0.1479	0.1818		
		0.166	0.1813	0.2087	0.1866	0.1926	0.1618	0.1714	0.1752	0.1685	0.1793	0.1865	0.1811		0.1371	0.1346	0.1566	0.1481	0.147	0.1232	0.1289	0.1342	0.1283	0.1411	0.1412	0.1442		
		
~End
Copyright © 2003 Molecular Devices. All rights reserved.
