##BLOCKS= 1          
Plate:	Plate#1	1.3	PlateFormat	Endpoint	Absorbance	Raw	FALSE	1						2	490 750	1	12	96	1	8	None	
	Temperature(¡C)	1	2	3	4	5	6	7	8	9	10	11	12		1	2	3	4	5	6	7	8	9	10	11	12		
	21.50	0.1874	0.2337	0.1644	0.1675	0.1732	0.1871	0.2008	0.1995	0.1835	0.1857	0.1889	0.1955		0.1404	0.128	0.1323	0.1359	0.1436	0.1498	0.1611	0.1489	0.1345	0.1474	0.1471	0.1595		
		0.4099	0.1553	0.4585	0.1987	0.1786	0.1783	0.1688	0.3146	0.1998	0.1727	0.1621	0.1951		0.354	0.1319	0.2992	0.1579	0.146	0.1397	0.1352	0.2491	0.1578	0.1388	0.1294	0.1585		
		0.1832	0.1633	0.1667	0.2124	0.2124	0.1933	0.1905	0.1743	0.1656	0.1913	0.1713	0.183		0.1261	0.1283	0.1318	0.147	0.1613	0.1579	0.1459	0.142	0.1347	0.156	0.1404	0.1481		
		0.176	0.2172	0.207	0.2175	0.1898	0.1843	0.1792	0.1941	0.172	0.1769	0.1867	0.1691		0.1325	0.1711	0.1705	0.1797	0.1584	0.1493	0.1532	0.1607	0.1412	0.1444	0.1516	0.1397		
		0.2421	0.213	0.1797	0.1777	0.1734	0.1983	0.205	0.181	0.2034	0.1847	0.1795	0.2235		0.146	0.1777	0.1429	0.1391	0.1372	0.1556	0.165	0.1472	0.1672	0.1488	0.1442	0.1635		
		0.1665	0.2256	0.1905	0.1765	0.1847	0.2379	0.2004	0.1937	0.1628	0.1709	0.1692	0.2052		0.1349	0.1766	0.149	0.1358	0.1423	0.1879	0.1468	0.1481	0.1309	0.1382	0.1369	0.1667		
		0.1697	0.3134	0.2199	0.2061	0.1671	0.1801	0.1873	0.2027	0.1745	0.1829	0.1899	0.1855		0.1293	0.2401	0.1733	0.1696	0.1294	0.1406	0.1454	0.1572	0.1334	0.1427	0.1532	0.1544		
		0.162	0.1823	0.1811	0.166	0.2187	0.1771	0.1943	0.2112	0.1726	0.2508	0.1831	0.1657		0.1352	0.136	0.136	0.1322	0.1728	0.1362	0.1503	0.1656	0.1316	0.2224	0.1448	0.1264		
		
~End
Copyright © 2003 Molecular Devices. All rights reserved.
