##BLOCKS= 1          
Plate:	Plate#1	1.3	PlateFormat	Endpoint	Absorbance	Raw	FALSE	1						2	490 750	1	12	96	1	8	None	
	Temperature(¡C)	1	2	3	4	5	6	7	8	9	10	11	12		1	2	3	4	5	6	7	8	9	10	11	12		
	22.30	0.1397	0.1631	0.1268	0.1378	0.1442	0.1243	0.1466	0.1547	0.1548	0.1508	0.1481	0.1426		0.1212	0.1091	0.1054	0.1095	0.1178	0.1029	0.1191	0.1131	0.1133	0.125	0.1214	0.1162		
		0.4217	0.1286	0.371	0.1314	0.135	0.1394	0.138	0.1426	0.1333	0.1397	0.1541	0.1289		0.3611	0.1064	0.271	0.1056	0.1082	0.1113	0.1146	0.1174	0.1075	0.118	0.1104	0.1042		
		0.1309	0.1402	0.1295	0.1442	0.145	0.1338	0.1554	0.1358	0.1387	0.1308	0.1363	0.1359		0.1061	0.1137	0.1035	0.1183	0.1082	0.1102	0.1244	0.1128	0.114	0.109	0.1143	0.1126		
		0.1343	0.1354	0.1388	0.1519	0.1382	0.1263	0.1347	0.1454	0.1389	0.1409	0.1394	0.1372		0.1156	0.1086	0.1121	0.1281	0.1138	0.1043	0.1081	0.1187	0.1122	0.1152	0.1186	0.1159		
		0.1958	0.1389	0.1359	0.139	0.1504	0.1257	0.1424	0.1372	0.1399	0.1377	0.1375	0.174		0.1136	0.1157	0.1126	0.1141	0.1174	0.1035	0.1159	0.113	0.1152	0.1121	0.1137	0.1243		
		0.1567	0.1365	0.1498	0.14	0.1462	0.1331	0.1451	0.1453	0.128	0.1304	0.1494	0.1254		0.1303	0.1122	0.125	0.1174	0.121	0.1115	0.1117	0.1187	0.1053	0.1069	0.1239	0.1052		
		0.1244	0.3389	0.1316	0.1277	0.1264	0.1275	0.1344	0.1403	0.1383	0.1393	0.1395	0.12		0.0961	0.3241	0.1093	0.1063	0.1043	0.1052	0.1083	0.1134	0.1108	0.1123	0.1161	0.1009		
		0.1327	0.1405	0.2702	0.1302	0.1384	0.1274	0.1304	0.1298	0.139	0.3734	0.1339	0.1384		0.1041	0.1131	0.2392	0.1088	0.1152	0.105	0.106	0.1066	0.1147	0.3464	0.1127	0.1149		
		
~End
Copyright © 2003 Molecular Devices. All rights reserved.
