##BLOCKS= 1          
Plate:	Plate#1	1.3	PlateFormat	Endpoint	Absorbance	Raw	FALSE	1						2	490 750	1	12	96	1	8	None	
	Temperature(¡C)	1	2	3	4	5	6	7	8	9	10	11	12		1	2	3	4	5	6	7	8	9	10	11	12		
	22.30	0.1449	0.1642	0.1358	0.1349	0.133	0.1295	0.1513	0.1586	0.1521	0.1372	0.1374	0.1643		0.1112	0.1157	0.1116	0.1075	0.1095	0.1067	0.1223	0.1168	0.1126	0.1152	0.1135	0.1389		
		0.5913	0.1388	0.3199	0.1311	0.1267	0.1342	0.1294	0.1502	0.144	0.131	0.1478	0.1484		0.5038	0.1119	0.2091	0.1061	0.1013	0.1066	0.1056	0.1255	0.116	0.1097	0.1049	0.1212		
		0.1374	0.137	0.1275	0.1368	0.1528	0.1545	0.1402	0.1363	0.1259	0.1277	0.1378	0.1422		0.1056	0.1115	0.1016	0.1108	0.1154	0.1244	0.1111	0.114	0.103	0.1069	0.1146	0.1163		
		0.1317	0.1403	0.1344	0.1359	0.1446	0.1319	0.1339	0.1409	0.1283	0.1316	0.1335	0.1441		0.1033	0.1139	0.1106	0.1099	0.1212	0.1069	0.1114	0.1125	0.1032	0.1041	0.1101	0.1214		
		0.208	0.1394	0.1302	0.1297	0.1341	0.138	0.1487	0.1368	0.147	0.1391	0.1273	0.1758		0.1142	0.1145	0.1068	0.1061	0.1038	0.1131	0.1203	0.1118	0.1199	0.1133	0.1058	0.1264		
		0.1356	0.1384	0.1431	0.1292	0.1429	0.146	0.144	0.1393	0.1274	0.1468	0.1434	0.1481		0.1128	0.1177	0.1192	0.1072	0.1172	0.1218	0.1097	0.113	0.1059	0.1211	0.1193	0.1242		
		0.1271	0.4133	0.1311	0.1304	0.1299	0.1314	0.1474	0.1473	0.1491	0.1501	0.1369	0.121		0.1051	0.3532	0.109	0.1087	0.1074	0.1099	0.1223	0.1203	0.1238	0.1223	0.1149	0.102		
		0.128	0.1469	0.1666	0.1294	0.1338	0.1392	0.1339	0.1341	0.1325	0.1286	0.1411	0.1328		0.1061	0.1202	0.1334	0.108	0.112	0.1136	0.1086	0.109	0.1063	0.1061	0.1177	0.1083		
		
~End
Copyright © 2003 Molecular Devices. All rights reserved.
