##BLOCKS= 1          
Plate:	Plate#1	1.3	PlateFormat	Endpoint	Absorbance	Raw	FALSE	1						2	490 750	1	12	96	1	8	None	
	Temperature(¡C)	1	2	3	4	5	6	7	8	9	10	11	12		1	2	3	4	5	6	7	8	9	10	11	12		
	23.00	0.1215	0.1442	0.1253	0.1275	0.1295	0.1326	0.1259	0.1451	0.1468	0.1251	0.1279	0.1237		0.102	0.0999	0.1056	0.1062	0.1091	0.1118	0.1052	0.1056	0.1092	0.105	0.1067	0.1031		
		0.4399	0.1361	0.3204	0.1344	0.125	0.1376	0.135	0.136	0.1253	0.1239	0.1475	0.1301		0.3827	0.1145	0.2067	0.1122	0.1051	0.1143	0.1149	0.1144	0.1045	0.1056	0.1123	0.1091		
		0.1305	0.136	0.1426	0.1333	0.1437	0.1336	0.1423	0.1195	0.1311	0.1245	0.1241	0.1317		0.1063	0.113	0.1172	0.1124	0.1106	0.113	0.1141	0.1006	0.1089	0.1039	0.1054	0.1124		
		0.1306	0.126	0.1231	0.1277	0.1337	0.1253	0.132	0.1336	0.1274	0.1308	0.1288	0.124		0.109	0.1029	0.1035	0.1072	0.1126	0.1051	0.1105	0.1128	0.1052	0.1073	0.1087	0.1045		
		0.1912	0.1317	0.1304	0.1294	0.134	0.1359	0.1294	0.1314	0.1308	0.1254	0.134	0.1524		0.1085	0.1106	0.1092	0.1086	0.1086	0.1147	0.1101	0.1087	0.11	0.106	0.1134	0.1063		
		0.1336	0.1316	0.1319	0.1387	0.1317	0.137	0.1485	0.1333	0.1362	0.1286	0.1269	0.1298		0.1103	0.1117	0.1109	0.1166	0.1081	0.1139	0.1137	0.1091	0.1137	0.1078	0.1071	0.1092		
		0.1207	0.2948	0.1257	0.1293	0.1305	0.1317	0.1328	0.1358	0.1288	0.1285	0.1273	0.1214		0.102	0.2429	0.1027	0.1093	0.1088	0.1096	0.1109	0.1123	0.1062	0.1073	0.1075	0.103		
		0.1275	0.135	0.9897	0.1329	0.128	0.1209	0.1245	0.1316	0.1359	0.1579	0.1234	0.1232		0.1108	0.112	0.9889	0.1131	0.1077	0.1017	0.1046	0.1018	0.1128	0.1393	0.1045	0.1025		
		
~End
Copyright © 2003 Molecular Devices. All rights reserved.
