##BLOCKS= 1          
Plate:	Plate#1	1.3	PlateFormat	Endpoint	Absorbance	Raw	FALSE	1						2	490 750	1	12	96	1	8	None	
	Temperature(¡C)	1	2	3	4	5	6	7	8	9	10	11	12		1	2	3	4	5	6	7	8	9	10	11	12		
	23.00	0.1284	0.1637	0.1301	0.1267	0.1262	0.1279	0.1357	0.1436	0.1487	0.1353	0.1266	0.1383		0.1049	0.1198	0.1091	0.1062	0.1074	0.1072	0.1138	0.1078	0.1133	0.1131	0.1055	0.1167		
		0.4772	0.1312	0.4352	0.1272	0.1276	0.1203	0.1329	0.1315	0.1214	0.1254	0.1578	0.1239		0.409	0.11	0.2999	0.106	0.1069	0.099	0.1131	0.1098	0.1014	0.107	0.1175	0.1038		
		0.1289	0.1393	0.1358	0.1461	0.1424	0.1261	0.1452	0.1319	0.1325	0.1357	0.1231	0.1331		0.1104	0.1161	0.1112	0.1226	0.1098	0.1061	0.1181	0.1114	0.1109	0.1147	0.1037	0.1127		
		0.1251	0.1275	0.1327	0.1409	0.1254	0.1317	0.1316	0.1246	0.1279	0.1285	0.1389	0.1969		0.1044	0.109	0.1142	0.1189	0.1076	0.1126	0.1102	0.108	0.1068	0.1038	0.1189	0.1613		
		0.1867	0.1304	0.1413	0.1356	0.133	0.1279	0.128	0.1346	0.1272	0.1244	0.1294	0.1558		0.1145	0.1096	0.1188	0.1135	0.1078	0.1082	0.1079	0.1119	0.107	0.1047	0.1102	0.1144		
		0.1368	0.1332	0.1296	0.1398	0.1683	0.1452	0.1484	0.133	0.1252	0.1449	0.1264	0.1635		0.117	0.1134	0.109	0.1171	0.1398	0.1192	0.1151	0.1084	0.1044	0.1199	0.106	0.1436		
		0.1232	0.3139	0.1224	0.1346	0.1394	0.1309	0.1346	0.1381	0.1326	0.1398	0.1315	0.1211		0.1017	0.2857	0.1024	0.1136	0.1149	0.1102	0.113	0.114	0.1102	0.1143	0.1107	0.1014		
		0.1352	0.1292	0.1254	0.1338	0.132	0.1309	0.1265	0.1628	0.124	0.2067	0.1246	0.1297		0.1129	0.1068	0.1039	0.1125	0.1097	0.1079	0.1056	0.1207	0.1025	0.1869	0.1059	0.1078		
		
~End
Copyright © 2003 Molecular Devices. All rights reserved.
