##BLOCKS= 1          
Plate:	Plate#1	1.3	PlateFormat	Endpoint	Absorbance	Raw	FALSE	1						2	490 750	1	12	96	1	8	None	
	Temperature(¡C)	1	2	3	4	5	6	7	8	9	10	11	12		1	2	3	4	5	6	7	8	9	10	11	12		
	21.80	0.1343	0.1676	0.1279	0.1312	0.1259	0.1248	0.1269	0.1507	0.1542	0.1393	0.1474	0.136		0.1041	0.1122	0.1046	0.1064	0.1042	0.1032	0.1045	0.107	0.1117	0.1131	0.1144	0.1088		
		0.5037	0.3252	0.3899	0.1391	0.1276	0.1287	0.1395	0.1465	0.1484	0.1364	0.1603	0.1276		0.3955	0.2598	0.2537	0.1123	0.1037	0.1035	0.1135	0.1165	0.1197	0.111	0.1128	0.1031		
		0.1446	0.1397	0.1421	0.1311	0.2195	0.1633	0.1492	0.1353	0.1283	0.129	0.1293	0.1337		0.1148	0.1099	0.1126	0.1055	0.1763	0.1369	0.118	0.1119	0.1038	0.1058	0.1065	0.1104		
		0.1371	0.125	0.1275	0.1442	0.1412	0.1497	0.1344	0.1457	0.1512	0.1393	0.1249	0.1285		0.1134	0.1046	0.1071	0.1182	0.1179	0.1263	0.1125	0.1188	0.1279	0.1129	0.1064	0.1072		
		0.1867	0.1266	0.135	0.1461	0.1427	0.15	0.1405	0.1301	0.1296	0.1504	0.1335	0.1611		0.1026	0.1045	0.1075	0.1167	0.1128	0.1211	0.1151	0.106	0.1057	0.1241	0.1109	0.111		
		0.1311	0.1377	0.1358	0.1355	0.1349	0.1266	0.1486	0.1286	0.1382	0.1306	0.1279	0.1313		0.109	0.1131	0.1098	0.1083	0.109	0.1036	0.113	0.1041	0.1124	0.1054	0.1063	0.1087		
		0.1232	0.2903	0.1396	0.1366	0.1383	0.1377	0.1293	0.1298	0.1421	0.1431	0.1234	0.1332		0.107	0.2131	0.1131	0.11	0.1129	0.1132	0.1065	0.1047	0.1122	0.1142	0.1019	0.1102		
		0.1334	0.135	0.2252	0.1324	0.1438	0.1355	0.121	0.2159	0.1369	0.138	0.1222	0.1431		0.1097	0.1088	0.1962	0.1084	0.1169	0.1095	0.0988	0.1495	0.1103	0.1141	0.1017	0.1167		
		
~End
Copyright © 2003 Molecular Devices. All rights reserved.
