##BLOCKS= 1          
Plate:	Plate#1	1.3	PlateFormat	Endpoint	Absorbance	Raw	FALSE	1						2	490 750	1	12	96	1	8	None	
	Temperature(¡C)	1	2	3	4	5	6	7	8	9	10	11	12		1	2	3	4	5	6	7	8	9	10	11	12		
	23.20	0.2466	1.3274	0.2631	2.3448	0.2186	0.4029	0.6065	1.0736	1.2453	0.6082	2.0355	1.7523		0.1635	0.8348	0.1824	1.3676	0.1579	0.2868	0.2786	0.814	0.9367	0.4395	0.7682	1.4046		
		0.4334	0.9518	1.6961	0.2938	1.4491	0.8336	1.2546	1.1786	1.577	0.401	1.3561	1.7689		0.3383	0.7383	1.272	0.194	1.0565	0.5397	0.9325	0.8814	1.2649	0.2641	1.0137	1.4299		
		0.6313	0.174	1.1035	0.435	1.3193	1.0312	0.3312	1.3217	1.0951	0.3652	1.4937	1.7483		0.3601	0.1366	0.6508	0.3304	0.9699	0.6594	0.2257	1	0.7325	0.243	1.1894	1.4386		
		1.5286	1.9396	0.2418	1.335	0.3214	0.5263	0.3024	1.5758	0.3034	0.4144	1.6912	1.7989		1.2341	1.5576	0.1678	0.9748	0.214	0.355	0.2026	1.1744	0.1971	0.275	1.0818	1.2521		
		1.692	1.3877	0.2753	0.959	0.6368	1.4303	1.8418	0.3548	1.7109	0.3112	0.2909	1.6634		1.2997	0.7681	0.1911	0.6794	0.5172	0.9389	1.4233	0.2503	1.0983	0.2063	0.1921	1.0359		
		0.5729	0.9824	1.2549	1.2866	0.2806	0.8625	0.824	0.328	0.3155	0.6389	1.5477	2.2265		0.4105	0.6171	0.6125	0.8683	0.1991	0.5256	0.4381	0.2276	0.2116	0.4293	0.7468	1.0337		
		0.3504	1.014	0.5358	0.9719	1.4387	0.2933	0.3633	1.2363	0.3552	0.7966	0.7964	1.3471		0.2216	0.7446	0.3487	0.5391	0.824	0.2024	0.2434	0.9354	0.2345	0.5194	0.4671	0.6981		
		0.4213	0.8806	1.0506	0.8004	1.4889	0.6234	0.5675	0.2288	0.24	0.2449	0.2178	0.2642		0.2771	0.5001	0.6952	0.4613	0.7371	0.4368	0.379	0.1472	0.164	0.169	0.1489	0.175		
		
~End
Copyright © 2003 Molecular Devices. All rights reserved.
