##BLOCKS= 1          
Plate:	Plate#1	1.3	PlateFormat	Endpoint	Absorbance	Raw	FALSE	1						2	490 750	1	12	96	1	8	None	
	Temperature(¡C)	1	2	3	4	5	6	7	8	9	10	11	12		1	2	3	4	5	6	7	8	9	10	11	12		
	23.10	0.2602	1.2978	0.2498	1.707	0.1994	0.3701	0.6569	0.8612	1.2568	0.6395	1.8295	1.833		0.1744	0.8212	0.1749	0.9636	0.1449	0.2565	0.3022	0.5961	0.9459	0.4636	0.6498	1.472		
		0.4552	0.5356	1.5924	0.2714	1.3767	0.9124	1.2373	1.1128	1.5397	0.3773	1.2776	1.6839		0.3734	0.3649	1.1952	0.1843	0.9536	0.5836	0.9239	0.8107	1.2137	0.2465	0.9258	1.3757		
		0.6276	0.1786	1.0489	0.3848	1.2944	0.9727	0.3313	1.4015	0.7635	0.348	1.2444	1.7813		0.3617	0.1364	0.6115	0.282	0.9176	0.6061	0.2281	1.0461	0.4845	0.2341	0.9257	1.4399		
		1.585	1.8974	0.274	1.3682	0.3533	0.5431	0.3333	1.5266	0.3063	0.3946	1.3954	1.8651		1.3006	1.5164	0.1919	0.9876	0.2442	0.3753	0.2258	1.0584	0.2048	0.2611	0.9669	1.2745		
		1.6629	1.2531	0.2846	0.775	0.4531	1.043	2.0049	0.3143	1.8391	0.3009	0.299	1.8477		1.3062	0.6856	0.1975	0.5266	0.358	0.6022	1.544	0.2131	1.1584	0.2038	0.1997	1.1156		
		0.623	0.9386	1.5985	1.1079	0.3016	0.8844	0.8825	0.3119	0.3224	0.683	1.4389	1.9714		0.4378	0.5866	0.83	0.734	0.2154	0.534	0.4797	0.2176	0.2141	0.4377	0.6424	1.0315		
		0.4581	0.8458	0.6351	1.0317	1.2271	0.2814	0.3348	1.1819	0.333	0.5399	0.9056	1.1333		0.3185	0.5675	0.4104	0.5531	0.6831	0.1952	0.2235	0.8722	0.2206	0.3572	0.5508	0.6173		
		0.5247	0.9265	0.9959	0.8169	1.4361	0.711	0.4973	0.1834	0.2215	0.2415	0.2503	0.2793		0.3204	0.5695	0.6324	0.4698	0.6635	0.5122	0.3276	0.1326	0.1536	0.166	0.1702	0.1857		
		
~End
Copyright © 2003 Molecular Devices. All rights reserved.
