##BLOCKS= 1          
Plate:	Plate#1	1.3	PlateFormat	Endpoint	Absorbance	Raw	FALSE	1						2	490 750	1	12	96	1	8	None	
	Temperature(¡C)	1	2	3	4	5	6	7	8	9	10	11	12		1	2	3	4	5	6	7	8	9	10	11	12		
	23.80	0.1928	0.366	0.1611	0.3124	0.1376	0.2166	0.5329	0.1759	0.3415	0.2225	0.7929	0.7167		0.1419	0.217	0.127	0.2293	0.1088	0.1766	0.4097	0.1274	0.2415	0.1744	0.5679	0.557		
		0.5434	0.2193	1.1737	0.2755	0.4856	0.1757	0.203	0.3831	0.7752	0.1948	0.1567	0.6134		0.4628	0.1715	0.7771	0.2193	0.3973	0.1372	0.164	0.2577	0.5959	0.1506	0.1167	0.4755		
		0.2053	0.1421	0.2804	0.1908	0.8073	0.2344	0.2416	0.222	0.1849	0.3443	0.6189	0.6923		0.1434	0.1095	0.2162	0.154	0.4814	0.184	0.18	0.1764	0.1425	0.2728	0.4923	0.5124		
		0.3765	0.4019	0.4953	0.5347	0.2189	0.2433	0.2378	0.8603	0.6208	0.2471	0.4595	0.4503		0.2898	0.3218	0.3821	0.4234	0.17	0.1866	0.1803	0.6029	0.4339	0.1909	0.3541	0.2842		
		0.3294	0.6078	0.1922	0.3643	0.1695	0.4305	0.7779	0.1904	0.6006	0.3102	0.2478	0.3144		0.2115	0.4351	0.1486	0.2908	0.1307	0.3538	0.6125	0.1505	0.4621	0.2438	0.1925	0.2275		
		0.322	0.1982	0.28	0.3412	0.1849	0.2406	0.1906	0.2133	0.2057	0.1741	0.2313	0.4196		0.2422	0.1628	0.2131	0.2465	0.1478	0.183	0.1436	0.1589	0.1632	0.1366	0.1822	0.3371		
		0.1955	0.4041	0.2881	0.1883	0.1546	0.2386	0.2186	0.1991	0.1929	0.1624	0.1948	0.2513		0.1471	0.3605	0.2224	0.1492	0.1261	0.1804	0.1703	0.1562	0.1484	0.1258	0.1544	0.1912		
		0.2209	0.2674	0.175	0.2906	0.2548	0.1788	0.1597	0.1809	0.1848	0.1908	0.1869	0.1778		0.1689	0.1995	0.1344	0.2222	0.1869	0.1434	0.1245	0.1313	0.1404	0.1509	0.1459	0.139		
		
~End
Copyright © 2003 Molecular Devices. All rights reserved.
