##BLOCKS= 1          
Plate:	Plate#1	1.3	PlateFormat	Endpoint	Absorbance	Raw	FALSE	1						2	490 750	1	12	96	1	8	None	
	Temperature(¡C)	1	2	3	4	5	6	7	8	9	10	11	12		1	2	3	4	5	6	7	8	9	10	11	12		
	23.80	0.1966	0.3936	0.1851	0.3324	0.1556	0.2862	0.5079	0.1877	0.3798	0.2762	0.5991	0.7999		0.1499	0.2422	0.1457	0.2434	0.121	0.2298	0.3914	0.1338	0.2782	0.2159	0.4243	0.6348		
		0.6014	0.2506	1.1524	0.2636	0.429	0.166	0.1808	0.4273	0.5562	0.221	0.1886	0.5844		0.4993	0.1932	0.7444	0.2103	0.3474	0.1293	0.1464	0.3055	0.3962	0.1726	0.1317	0.4567		
		0.2397	0.1517	0.2205	0.1813	0.6786	0.195	0.215	0.253	0.1937	0.527	0.588	0.6822		0.1676	0.1171	0.1722	0.1445	0.4044	0.1525	0.1581	0.2017	0.1501	0.3875	0.4608	0.4987		
		0.2981	0.3954	0.6017	0.5794	0.1883	0.2079	0.2356	0.8544	0.5279	0.2265	0.7477	0.4677		0.2445	0.3207	0.4675	0.4522	0.1498	0.1597	0.1791	0.5897	0.3602	0.1763	0.5902	0.28		
		0.3028	0.6236	0.1592	0.3434	0.1565	0.406	0.799	0.1635	0.5212	0.3438	0.1962	0.4383		0.1816	0.4609	0.1238	0.2707	0.123	0.323	0.6317	0.1303	0.3856	0.2614	0.1542	0.333		
		0.2561	0.1892	0.2896	0.3124	0.2292	0.2265	0.2049	0.2366	0.2138	0.1637	0.2177	0.4392		0.1972	0.152	0.2178	0.2214	0.1834	0.1698	0.154	0.1756	0.1689	0.1264	0.171	0.3511		
		0.1639	0.45	0.2415	0.2355	0.147	0.2409	0.2342	0.1829	0.1937	0.1728	0.2427	0.2347		0.1464	0.4094	0.1853	0.1863	0.1178	0.1816	0.1847	0.1444	0.1489	0.1365	0.1906	0.1825		
		0.2156	0.2506	0.277	0.2689	0.2634	0.192	0.1833	0.1919	0.2064	0.1947	0.2205	0.1634		0.1651	0.1855	0.234	0.2038	0.1955	0.1515	0.1429	0.1497	0.1569	0.153	0.1724	0.128		
		
~End
Copyright © 2003 Molecular Devices. All rights reserved.
