##BLOCKS= 1          
Plate:	Plate#1	1.3	PlateFormat	Endpoint	Absorbance	Raw	FALSE	1						2	490 750	1	12	96	1	8	None	
	Temperature(¡C)	1	2	3	4	5	6	7	8	9	10	11	12		1	2	3	4	5	6	7	8	9	10	11	12		
	24.10	0.718	1.4742	0.8044	1.1124	1.0244	0.9802	0.9514	0.9927	2.4842	0.2898	0.4386	1.3954		0.3008	0.4356	0.3131	0.372	0.3163	0.4118	0.2773	0.3563	1.1086	0.1284	0.1963	0.4648		
		0.548	0.4562	1.3079	0.9888	1.9883	0.4494	1.4875	0.1782	1.6107	0.4936	0.1493	1.9598		0.4803	0.232	0.6546	0.2975	0.6843	0.1802	0.4499	0.137	0.5433	0.1793	0.1005	0.7892		
		0.4971	0.1339	0.7601	0.8555	0.8912	0.7618	0.72	1.4451	0.4446	1.3039	0.7035	1.1717		0.1719	0.1026	0.3354	0.2854	0.3627	0.2281	0.3001	0.6032	0.1498	0.4908	0.204	0.3782		
		0.5715	0.7916	0.5117	0.8537	0.5277	1.1266	1.1054	1.8309	0.8586	1.2959	0.4802	0.7137		0.2436	0.3379	0.1735	0.3069	0.1774	0.4332	0.3105	0.6937	0.3154	0.469	0.1604	0.2537		
		0.685	1.4832	0.4536	0.8233	0.5802	0.7518	0.9926	0.8149	1.4773	2.3752	0.545	1.8439		0.2504	0.6753	0.1576	0.2951	0.1921	0.2124	0.3396	0.239	0.5733	1.1343	0.1707	0.7538		
		1.0323	0.1528	1.4216	0.5571	0.8654	0.871	0.4468	0.8651	0.7306	0.6629	0.5968	0.6462		0.4249	0.1119	0.4191	0.2376	0.2815	0.4129	0.1733	0.2378	0.2287	0.2568	0.2445	0.2093		
		0.7543	0.4096	0.4889	0.7703	0.15	0.973	0.4158	1.3553	0.4936	0.4327	2.2376	0.8084		0.3173	0.3507	0.1985	0.305	0.1007	0.3023	0.1568	0.482	0.1749	0.1482	0.8356	0.2833		
		1.9022	0.8799	0.3828	0.9034	0.45	0.7353	0.3756	0.6532	0.4055	0.6485	0.6978	0.4925		0.8897	0.3161	0.174	0.2767	0.2077	0.2058	0.1371	0.2426	0.1449	0.2374	0.2146	0.1831		
		
~End
Copyright © 2003 Molecular Devices. All rights reserved.
