##BLOCKS= 1          
Plate:	Plate#1	1.3	PlateFormat	Endpoint	Absorbance	Raw	FALSE	1						2	490 750	1	12	96	1	8	None	
	Temperature(¡C)	1	2	3	4	5	6	7	8	9	10	11	12		1	2	3	4	5	6	7	8	9	10	11	12		
	23.40	0.261	0.8166	0.2382	0.985	0.2421	0.3952	0.4914	0.4439	1.6562	0.2951	2.698	2.3263		0.1541	0.5292	0.1511	0.5912	0.1491	0.2331	0.2813	0.2495	1.0174	0.184	0.8311	1.5139		
		0.4419	0.2296	1.6466	0.4514	2.2372	0.4117	1.8072	1.1704	2.5586	0.3327	0.9008	2.5684		0.3428	0.1621	1.169	0.2756	1.2669	0.2303	1.0206	0.7572	1.3514	0.1982	0.6237	1.3769		
		0.3887	0.1912	0.5492	0.4551	1.2972	1.7095	1.2261	0.5218	0.3334	0.3643	0.2802	1.8502		0.2031	0.1285	0.3112	0.2606	0.8947	1.0626	0.6288	0.3338	0.19	0.2197	0.1607	1.1345		
		2.0572	2.4574	2.5225	1.7053	0.3084	0.9677	0.3036	1.7494	0.6222	0.335	3.0783	0.8541		1.5408	1.3051	1.5388	1.0463	0.1656	0.5957	0.1694	1.0587	0.3767	0.2058	1.6065	0.5636		
		0.6324	0.8457	0.3071	0.8764	0.7838	0.3029	2.3469	0.2753	2.6703	0.4545	0.308	1.8251		0.285	0.5173	0.1757	0.5405	0.495	0.1586	1.2825	0.1808	1.4294	0.2837	0.1717	1.0049		
		0.5343	0.8545	1.2775	0.9902	0.542	0.6583	0.7584	0.2647	0.2468	0.7627	0.7145	2.5798		0.3784	0.4319	0.6633	0.5337	0.2479	0.2989	0.3766	0.1498	0.1649	0.4597	0.3433	1.1599		
		0.3142	1.5362	0.2943	1.1078	1.7175	1.1401	0.3087	0.829	0.437	0.2766	0.4831	0.7109		0.2388	1.0348	0.2114	0.5454	0.864	0.5414	0.1702	0.4506	0.2412	0.1457	0.2511	0.3543		
		0.3567	0.3026	0.2208	0.517	0.3119	0.8126	0.2427	0.1884	1.4839	0.3264	0.2694	0.3094		0.2207	0.1704	0.1282	0.2993	0.2252	0.3665	0.1272	0.134	0.7012	0.2224	0.157	0.1788		
		
~End
Copyright © 2003 Molecular Devices. All rights reserved.
