##BLOCKS= 1          
Plate:	Plate#1	1.3	PlateFormat	Endpoint	Absorbance	Raw	FALSE	1						2	490 750	1	12	96	1	8	None	
	Temperature(¡C)	1	2	3	4	5	6	7	8	9	10	11	12		1	2	3	4	5	6	7	8	9	10	11	12		
	23.40	0.3317	1.6507	0.2627	0.946	0.3414	0.382	0.5497	0.4906	2.1691	0.3661	2.4824	2.0972		0.192	0.8474	0.165	0.6101	0.1989	0.2192	0.2811	0.309	1.1737	0.2344	0.8723	1.1971		
		0.3662	0.2082	1.6865	0.9278	2.3605	0.4818	1.7517	1.4917	2.0701	0.3092	0.8814	2.6257		0.2812	0.1534	1.191	0.6557	1.293	0.2709	1.0023	1.0461	1.2281	0.2054	0.5965	1.3815		
		0.5045	0.2092	0.6826	0.6348	1.3412	1.7222	1.6038	0.4954	0.3405	0.2932	0.3437	2.2429		0.2201	0.1413	0.4064	0.3942	0.8681	1.0793	0.7705	0.3074	0.1938	0.1827	0.1941	1.2914		
		2.234	2.2434	2.3046	2.2652	0.3976	1.2901	0.3451	2.0881	0.4339	0.4535	2.0353	0.6987		1.2859	1.2057	1.3723	1.3084	0.2155	0.872	0.1776	1.1976	0.2486	0.2577	1.1136	0.4353		
		0.4065	1.1391	0.3023	2.0347	0.8065	1.5093	2.7885	0.5682	2.4843	0.496	0.3031	2.1164		0.2095	0.6198	0.176	1.2997	0.566	0.9709	1.4989	0.4611	1.3404	0.3243	0.161	1.092		
		0.9318	0.7637	1.1429	1.1543	1.8249	1.4148	0.8191	0.296	0.2555	0.8444	0.9941	1.5573		0.6246	0.4604	0.5227	0.6705	0.8413	0.5537	0.4193	0.2085	0.182	0.5452	0.4402	0.5914		
		0.2034	1.2624	0.3387	1.2088	1.5446	2.0341	0.4094	0.8529	0.5024	0.3108	0.4426	0.7034		0.1475	0.7073	0.2456	0.4919	0.796	0.7942	0.2145	0.4584	0.2695	0.1607	0.2246	0.3655		
		0.2628	0.4202	0.5518	0.4637	0.5903	1.5058	0.3745	0.264	1.5943	0.2461	0.3149	0.2626		0.1857	0.2217	0.2232	0.2604	0.4072	0.6993	0.1792	0.16	0.7636	0.1591	0.1938	0.1764		
		
~End
Copyright © 2003 Molecular Devices. All rights reserved.
