##BLOCKS= 1          
Plate:	Plate#1	1.3	PlateFormat	Endpoint	Absorbance	Raw	FALSE	1						2	490 750	1	12	96	1	8	None	
	Temperature(¡C)	1	2	3	4	5	6	7	8	9	10	11	12		1	2	3	4	5	6	7	8	9	10	11	12		
	23.80	0.2604	1.1913	0.2134	2.6629	0.2652	1.5909	0.2596	0.4745	2.1961	0.8906	2.3805	2.6565		0.196	0.8514	0.1652	1.8122	0.2008	1.1127	0.1788	0.3416	1.5627	0.6725	1.0653	1.681		
		0.5158	1.5837	2.6094	2.11	2.5566	0.5402	2.179	1.1465	2.3588	0.3506	1.7272	2.481		0.411	1.2208	1.6409	1.4303	1.6247	0.3872	1.4926	0.8251	1.4429	0.2515	1.2245	1.4803		
		0.315	0.1424	0.8059	0.8701	1.5806	1.9743	2.0324	1.3602	0.3019	2.5059	2.2545	2.27		0.2432	0.1122	0.5692	0.5792	1.0599	1.3301	0.8762	0.8913	0.2225	1.7637	1.4796	1.4165		
		2.7148	2.5574	2.4613	2.2413	0.3508	1.9097	0.944	2.3323	1.9018	0.4695	2.2096	2.0773		2.057	1.6361	1.4802	1.508	0.2585	1.2617	0.6487	1.5252	1.3108	0.3272	1.35	1.4481		
		1.0444	1.4501	0.2618	3.018	0.6486	2.1472	2.2557	0.3361	2.4587	2.4823	0.3206	2.5052		0.6754	0.9582	0.1919	2.2444	0.4908	1.4424	1.3801	0.2528	1.5807	1.5119	0.2406	1.574		
		2.2523	1.0329	1.1872	1.8414	2.0888	1.5726	0.7056	0.3005	0.3191	0.749	1.7323	1.8445		1.5659	0.676	0.7456	1.2171	1.3173	0.9999	0.4477	0.2154	0.2365	0.5089	0.8431	0.8656		
		1.3433	1.7476	0.8647	1.1085	1.0299	0.6614	0.3908	1.4696	0.374	1.3623	0.841	1.7234		0.6462	1.3289	0.6128	0.7468	0.6372	0.469	0.2734	0.7689	0.2728	0.6842	0.5178	0.962		
		0.3534	1.4036	0.5262	0.6679	1.6683	1.194	0.2624	0.2342	1.4518	0.2035	0.2497	0.2637		0.2621	0.905	0.3348	0.4718	1.0762	0.6159	0.1894	0.1527	0.9142	0.1583	0.1917	0.1995		
		
~End
Copyright © 2003 Molecular Devices. All rights reserved.
