##BLOCKS= 1          
Plate:	Plate#1	1.3	PlateFormat	Endpoint	Absorbance	Raw	FALSE	1						2	490 750	1	12	96	1	8	None	
	Temperature(¡C)	1	2	3	4	5	6	7	8	9	10	11	12		1	2	3	4	5	6	7	8	9	10	11	12		
	23.80	0.2491	1.1478	0.2144	2.2614	0.2627	1.2767	0.2902	0.4265	1.7141	0.4848	2.1776	2.3141		0.187	0.8176	0.1646	1.6186	0.203	0.9249	0.2	0.3078	1.2977	0.3477	0.8433	1.5095		
		0.5175	1.0745	2.4642	1.0092	2.1138	0.5298	1.8639	1.2247	2.1959	0.3329	1.6003	2.0501		0.4102	0.7887	1.5338	0.7448	1.4043	0.3825	1.272	0.8705	1.4037	0.2402	1.1851	1.3265		
		0.348	0.1431	0.6683	0.6529	1.5376	1.585	2.0165	1.2273	0.3655	2.0911	2.0729	1.9122		0.2382	0.114	0.4693	0.4572	1.0337	1.1164	0.8603	0.7938	0.2684	1.4892	1.3555	1.2084		
		2.6877	2.3523	2.3365	2.4375	0.4249	1.4559	0.7402	2.2294	2.1758	0.3744	2.3353	1.8738		1.969	1.4947	1.4413	1.6226	0.3044	0.9461	0.5006	1.4515	1.4367	0.2554	1.4101	1.2542		
		0.948	1.4387	0.2739	2.6726	0.6691	2.1546	1.9944	0.2601	2.4668	1.9368	0.2706	2.1822		0.6555	0.9254	0.2002	1.8818	0.5131	1.3916	1.2391	0.1938	1.6283	1.2636	0.2059	1.4457		
		1.9417	0.9785	1.2172	1.7377	2.1255	1.2781	1.0076	0.3791	0.3764	0.6632	1.6595	2.1019		1.3607	0.6269	0.7468	1.1482	1.3062	0.8091	0.6304	0.2739	0.2746	0.4497	0.8113	0.991		
		1.3323	1.97	0.9637	0.9435	1.5623	0.7644	0.4214	2.0214	0.4344	1.3526	0.9063	1.6444		0.6464	1.3831	0.6621	0.6073	1.0135	0.5597	0.3007	1.1996	0.3157	0.6586	0.5368	0.9561		
		0.283	0.9497	0.5487	0.5594	1.2315	1.1642	0.2779	0.2345	1.3113	0.208	0.2008	0.2249		0.2015	0.6071	0.355	0.398	0.8074	0.6108	0.2041	0.1697	0.8255	0.1608	0.1546	0.1688		
		
~End
Copyright © 2003 Molecular Devices. All rights reserved.
