##BLOCKS= 1          
Plate:	Plate#1	1.3	PlateFormat	Endpoint	Absorbance	Raw	FALSE	1						2	490 750	1	12	96	1	8	None	
	Temperature(¡C)	1	2	3	4	5	6	7	8	9	10	11	12		1	2	3	4	5	6	7	8	9	10	11	12		
	23.50	0.9305	2.4376	1.3096	2.08	1.1823	2.6497	1.3392	1.0281	2.9252	1.9825	2.2938	3.1567		0.3377	1.0719	0.43	1.2124	0.4109	1.5518	0.4804	0.5511	1.9607	1.2519	1.167	1.7131		
		0.5376	2.3781	2.4462	2.6646	2.962	1.0503	2.1329	1.9819	2.9518	1.8945	1.8255	2.9486		0.494	1.7131	1.4623	1.689	1.8191	0.4834	1.2933	1.3625	1.9133	1.1306	0.9975	1.5911		
		1.1763	0.2141	1.9143	1.542	2.7421	2.4302	2.008	2.2678	2.2057	2.7584	2.9824	3.0994		0.5145	0.1316	1.0497	0.876	1.285	1.5073	0.7891	1.4467	1.4645	1.6714	1.6917	1.9961		
		2.9895	2.8998	3.0958	3.0284	1.5706	2.5601	1.7991	2.9742	2.8307	1.9801	3.0706	2.3147		2.047	1.6817	1.8411	1.8508	0.6907	1.5873	0.7364	1.9029	1.6949	0.9134	1.6603	1.3182		
		2.3605	1.8328	1.653	3.043	1.3044	2.5602	3.1474	1.3322	3.2172	2.3416	1.1444	2.4953		1.6679	0.5697	0.6544	1.9587	0.7931	1.6229	1.8879	0.5237	1.8821	1.5214	0.4526	1.4197		
		1.363	1.5335	1.5098	2.4046	2.1209	1.2248	1.5274	0.4744	1.093	1.7711	1.4682	2.6305		0.9704	0.6517	0.7686	1.374	1.3118	0.5799	0.7295	0.3272	0.4117	0.8857	0.784	1.1703		
		1.5513	2.4703	0.6821	1.4197	1.5163	1.1526	1.2562	1.8793	1.1619	1.3194	1.4432	2.1891		0.8208	1.6327	0.4447	0.7651	0.8415	0.7251	0.6348	0.9101	0.5178	0.6351	0.7256	0.89		
		1.2655	2.0059	1.4615	1.1788	2.1113	1.5827	1.037	0.3302	2.0016	1.2574	0.8693	0.8528		0.6596	0.9495	0.7269	0.7862	1.0526	0.6326	0.3628	0.2136	0.6757	0.8458	0.2636	0.3211		
		
~End
Copyright © 2003 Molecular Devices. All rights reserved.
