##BLOCKS= 1          
Plate:	Plate#1	1.3	PlateFormat	Endpoint	Absorbance	Raw	FALSE	1						2	490 750	1	12	96	1	8	None	
	Temperature(¡C)	1	2	3	4	5	6	7	8	9	10	11	12		1	2	3	4	5	6	7	8	9	10	11	12		
	23.50	0.5639	2.5561	1.1394	2.5383	1.0959	3.1508	1.4032	0.76	2.5884	2.1723	2.3553	3.289		0.2253	1.1202	0.3664	1.3953	0.3925	2.0389	0.4017	0.4727	1.7839	1.2824	1.3327	1.7767		
		0.4592	2.3441	2.5864	2.9065	3.1886	1.9932	2.7301	1.8164	2.8655	1.6455	2.3202	3.1158		0.3678	1.734	1.533	1.9418	1.8631	0.9583	1.579	1.231	1.7996	0.864	1.3777	1.7335		
		0.9204	0.1916	1.9691	1.5385	2.7544	2.7644	2.7121	2.2574	1.9594	2.9647	3.0276	3.0497		0.4817	0.1222	1.0421	0.9385	1.2424	1.6173	1.0901	1.4934	1.4484	1.8354	1.7469	1.8135		
		2.7305	3.1291	3.2038	3.0103	1.3996	2.3919	1.8666	2.6673	2.8328	1.7571	3.0495	2.3789		1.8572	1.8569	2.1566	1.8759	0.5891	1.6223	0.8223	1.4856	1.9035	0.8295	1.6082	1.3299		
		2.2773	1.2764	1.045	3.0329	1.6699	2.3581	2.8702	1.0188	3.0921	2.4711	1.1883	3.1189		1.5827	0.4176	0.3672	1.9668	1.0853	1.4883	1.4157	0.421	1.8525	1.6057	0.4803	2.0558		
		1.4248	1.9587	1.7034	2.2843	2.1164	1.1861	1.2711	0.4336	1.0218	1.3538	1.8729	2.1704		1.0174	0.8189	0.9434	1.3242	1.3595	0.5729	0.6364	0.2994	0.4374	0.7283	1.046	0.8518		
		1.614	2.5386	1.0746	1.6233	2.0946	1.4725	1.1487	1.3794	1.1746	1.5021	1.0749	2.0492		0.6734	1.6764	0.7151	0.8401	1.1085	0.9077	0.571	0.7669	0.6208	0.7374	0.5328	0.912		
		1.2828	1.6409	1.4409	1.1963	2.4862	1.3351	0.7776	0.5244	0.8572	0.8307	0.8205	0.9933		0.6445	0.7462	0.6318	0.7457	1.1064	0.5459	0.2663	0.2179	0.304	0.3194	0.3001	0.4124		
		
~End
Copyright © 2003 Molecular Devices. All rights reserved.
