##BLOCKS= 1          
Plate:	Plate#1	1.3	PlateFormat	Endpoint	Absorbance	Raw	FALSE	1						2	490 750	1	12	96	1	8	None	
	Temperature(¡C)	1	2	3	4	5	6	7	8	9	10	11	12		1	2	3	4	5	6	7	8	9	10	11	12		
	23.00	0.2136	0.7598	0.27	0.9262	0.2235	0.2685	0.3257	0.3131	0.7359	0.2347	1.0923	0.9452		0.1441	0.5034	0.2005	0.5815	0.1664	0.2066	0.2155	0.2233	0.4645	0.1887	0.6035	0.644		
		0.4932	0.2424	1.5656	0.2139	0.6933	0.2087	0.6715	0.6598	0.8265	0.2342	0.1654	1.3411		0.3813	0.1798	1.1339	0.1522	0.4883	0.149	0.4523	0.4839	0.5576	0.173	0.1141	1.0182		
		0.3112	0.1653	0.2458	0.3578	1.1425	0.4903	1.0283	0.9721	0.2364	0.5097	0.6676	1.3692		0.1938	0.1185	0.1818	0.2544	0.8354	0.3442	0.6041	0.6996	0.1718	0.392	0.4898	1.0096		
		1.0409	1.0326	0.7814	1.0009	0.2987	0.7438	0.2364	1.0345	0.8393	0.499	1.0966	0.9628		0.7569	0.7594	0.5296	0.6667	0.2124	0.5434	0.1719	0.6611	0.5971	0.3626	0.766	0.5778		
		0.4432	1.1126	0.253	0.5056	0.1706	0.4172	0.9174	0.2296	0.9652	1.015	0.2826	0.8431		0.2304	0.7771	0.1893	0.3557	0.1274	0.2991	0.6525	0.1752	0.6496	0.7463	0.2024	0.6001		
		0.3884	0.6493	0.6228	0.6956	0.355	0.4379	0.4198	0.3296	0.2283	0.463	0.5199	1.0747		0.2958	0.4169	0.3589	0.4753	0.2399	0.2858	0.2677	0.2293	0.1689	0.2943	0.3	0.5421		
		1.2664	0.5188	0.3458	0.8471	0.2966	0.4519	0.2538	0.3204	0.3297	0.3588	0.3316	0.5246		0.5837	0.4151	0.2471	0.4533	0.2145	0.312	0.1895	0.2361	0.2448	0.2631	0.2388	0.3667		
		0.2541	0.251	0.408	0.4055	0.354	0.2614	0.2674	0.2138	0.2174	0.2144	0.1891	0.2659		0.1853	0.1775	0.2804	0.2946	0.2619	0.1971	0.2037	0.1646	0.1621	0.1602	0.1437	0.1936		
		
~End
Copyright © 2003 Molecular Devices. All rights reserved.
