##BLOCKS= 1          
Plate:	Plate#1	1.3	PlateFormat	Endpoint	Absorbance	Raw	FALSE	1						2	490 750	1	12	96	1	8	None	
	Temperature(¡C)	1	2	3	4	5	6	7	8	9	10	11	12		1	2	3	4	5	6	7	8	9	10	11	12		
	23.00	0.2574	0.6721	0.2685	0.665	0.2663	0.2558	0.4181	0.2292	0.7439	0.234	1.2773	1.1657		0.1867	0.4119	0.1949	0.3797	0.1994	0.195	0.2843	0.1569	0.4525	0.1877	0.6435	0.8804		
		0.7581	0.2494	1.4551	0.2833	0.8158	0.2423	0.6689	0.806	1.0461	0.2409	0.1738	1.4635		0.5879	0.1752	1.0483	0.2055	0.5651	0.1783	0.4584	0.6111	0.6781	0.175	0.1224	1.1309		
		0.3626	0.1603	0.2373	0.2814	1.1496	0.464	0.9757	0.778	0.3025	0.5477	0.397	1.2302		0.2146	0.1171	0.17	0.1941	0.8288	0.3291	0.5648	0.5707	0.2219	0.4213	0.2784	0.9045		
		0.7951	0.7992	0.8633	1.2865	0.3305	0.5358	0.2324	1.1467	1.0101	0.4071	0.9501	0.739		0.5628	0.5797	0.5458	0.8929	0.2342	0.389	0.1682	0.767	0.6999	0.2964	0.6081	0.4446		
		0.4166	0.8893	0.2231	0.5496	0.2143	0.7839	1.0773	0.2343	1.1415	1.2578	0.2662	0.8693		0.2221	0.5901	0.1609	0.3938	0.1642	0.6009	0.7939	0.1749	0.775	0.9375	0.1911	0.6067		
		0.4758	0.5631	0.583	0.7799	0.3492	0.3522	0.3386	0.3187	0.2919	0.4801	0.9266	1.3361		0.3211	0.3675	0.3316	0.539	0.2382	0.2274	0.2169	0.2274	0.2165	0.3098	0.5403	0.752		
		0.9089	0.646	0.4055	0.5962	0.2489	0.7037	0.2242	0.3642	0.4677	0.397	0.2833	0.6055		0.4191	0.5107	0.2918	0.3127	0.1858	0.5155	0.1716	0.2727	0.354	0.3132	0.1971	0.4223		
		0.4255	0.2788	0.4232	0.4577	0.4239	0.2648	0.2123	0.2282	0.2314	0.2523	0.2329	0.2164		0.2979	0.2019	0.2801	0.3245	0.3186	0.1956	0.1602	0.1742	0.1731	0.1883	0.1749	0.1603		
		
~End
Copyright © 2003 Molecular Devices. All rights reserved.
