##BLOCKS= 1          
Plate:	Plate#1	1.3	PlateFormat	Endpoint	Absorbance	Raw	FALSE	1						2	490 750	1	12	96	1	8	None	
	Temperature(¡C)	1	2	3	4	5	6	7	8	9	10	11	12		1	2	3	4	5	6	7	8	9	10	11	12		
	23.30	1.638	2.6072	0.7747	2.6565	1.1365	2.4389	1.6985	0.8169	2.0852	2.3843	0.7597	2.8826		0.378	1.0657	0.2083	1.3483	0.2476	1.1984	0.5676	0.5282	1.3907	1.0313	0.4905	1.4318		
		0.436	0.456	2.3281	2.7343	2.6899	2.5961	2.8748	1.4113	2.5989	1.2943	2.64	2.6858		0.3395	0.2132	1.2792	1.5915	1.3828	1.5063	1.599	0.9102	1.3702	0.4064	1.2603	1.2587		
		0.7158	0.1896	2.2131	1.0093	2.8415	1.3688	1.6789	1.0876	0.8845	1.2005	2.6135	2.8368		0.2249	0.1421	0.8441	0.2783	1.1992	0.3913	0.3934	0.4312	0.2717	0.3005	1.4412	1.4162		
		2.7738	2.8752	1.4229	2.4317	1.1656	1.6966	0.668	2.5318	1.3823	1.9228	2.2223	2.8601		1.5979	1.4057	0.3453	1.4336	0.308	0.7376	0.2901	1.4453	0.3442	0.5607	1.1102	1.4056		
		1.8371	1.9632	0.4447	1.4989	0.7689	2.1529	1.569	1.2762	1.3019	1.265	1.0167	2.0354		1.0871	0.5719	0.1467	0.5721	0.2408	1.2015	0.3662	0.3239	0.4404	0.4042	0.2761	1.1049		
		2.2994	1.0545	1.5658	1.206	0.5491	0.7692	1.1561	0.4059	0.6422	0.6366	1.7429	1.7575		0.9282	0.6045	0.5769	0.6684	0.3617	0.214	0.3756	0.2471	0.2071	0.2648	0.5738	0.5653		
		0.4382	0.2186	0.4421	1.9996	1.0169	0.6618	0.7806	2.3425	1.1134	0.7234	0.6927	1.4001		0.1467	0.1866	0.2945	0.7844	0.4087	0.2156	0.2457	0.9668	0.347	0.2216	0.205	0.4984		
		0.9268	1.69	0.4238	1.0745	1.5765	1.3999	1.0154	0.3529	1.0299	0.6183	0.7622	0.8247		0.2586	0.5906	0.1625	0.4464	0.4964	0.3676	0.2911	0.1631	0.3058	0.1812	0.2018	0.2738		
		
~End
Copyright © 2003 Molecular Devices. All rights reserved.
