##BLOCKS= 1          
Plate:	Plate#1	1.3	PlateFormat	Endpoint	Absorbance	Raw	FALSE	1						2	490 750	1	12	96	1	8	None	
	Temperature(¡C)	1	2	3	4	5	6	7	8	9	10	11	12		1	2	3	4	5	6	7	8	9	10	11	12		
	23.30	1.3611	2.6128	0.8345	2.7148	0.677	2.9944	1.6553	0.7624	2.0848	1.9152	1.2739	2.8266		0.4238	1.0842	0.2161	1.4234	0.2017	1.4723	0.5029	0.4626	1.3723	0.8835	0.2603	1.3956		
		0.4386	0.4957	2.1507	2.3252	2.6074	2.7122	2.943	1.3395	2.4762	1.1365	2.4951	2.5582		0.3363	0.2149	1.1386	1.3549	1.2799	1.5175	1.5644	0.8293	1.2832	0.3701	1.2193	1.2193		
		0.6905	0.1697	1.612	1.258	2.488	0.738	1.0441	1.1974	1.1002	1.1124	2.7932	2.7964		0.2131	0.1283	0.7035	0.3792	0.981	0.2238	0.2828	0.4335	0.318	0.3193	1.4933	1.4366		
		2.6005	2.8481	1.5928	2.2663	1.0686	1.5899	0.8204	2.5862	0.9051	1.561	2.2831	2.858		1.4405	1.372	0.4143	1.3602	0.2665	0.7029	0.3391	1.4288	0.2434	0.4755	1.166	1.3266		
		1.9948	2.1252	0.8411	1.8574	0.8622	2.0805	1.6493	1.5908	1.8207	1.4766	1.1386	1.9879		1.1688	0.7117	0.2472	0.7009	0.2676	1.1226	0.388	0.3923	0.5295	0.4716	0.2883	1.0247		
		2.2959	1.1009	1.5427	1.4424	0.5148	0.4566	1.5856	0.414	0.8316	0.4656	1.717	2.0191		0.9255	0.6252	0.5698	0.7687	0.3334	0.1496	0.4929	0.2498	0.2472	0.2166	0.5793	0.6164		
		0.736	0.2369	0.5129	1.618	1.2743	0.7651	0.9366	1.3893	0.8103	1.2448	0.7717	1.2039		0.2135	0.1958	0.353	0.6712	0.4669	0.2388	0.288	0.6398	0.274	0.4266	0.255	0.4617		
		1.1461	1.2004	0.6732	0.9137	1.4755	2.0394	1.0494	0.2479	0.8469	0.7776	0.8806	1.5874		0.3241	0.362	0.2098	0.4334	0.5168	0.5632	0.2653	0.1478	0.2384	0.2254	0.2347	0.4373		
		
~End
Copyright © 2003 Molecular Devices. All rights reserved.
