##BLOCKS= 1          
Plate:	Plate#1	1.3	PlateFormat	Endpoint	Absorbance	Raw	FALSE	1						2	490 750	1	12	96	1	8	None	
	Temperature(¡C)	1	2	3	4	5	6	7	8	9	10	11	12		1	2	3	4	5	6	7	8	9	10	11	12		
	22.20	0.5202	1.2236	0.4619	0.9988	0.4724	0.5842	1.0733	0.3246	1.2682	0.7055	1.1708	1.6529		0.2316	0.6381	0.2296	0.535	0.2434	0.2913	0.6212	0.2061	0.8823	0.3463	0.5672	1.193		
		0.7796	0.2791	1.5128	0.57	1.598	0.4342	1.4039	0.9619	1.5801	0.4459	0.4768	1.8771		0.5723	0.1839	1.1094	0.2584	1.1757	0.1971	0.9659	0.7112	1.1772	0.2675	0.2886	1.3516		
		0.4636	0.143	0.9134	0.2666	1.2031	0.6991	0.3568	1.6082	0.9371	1.3855	1.5755	1.566		0.1902	0.109	0.5657	0.1312	0.7778	0.3096	0.2284	1.2458	0.6141	1.0134	1.1444	1.1865		
		1.122	1.6535	1.5866	1.3669	0.5885	1.0497	0.435	1.7921	1.3533	0.8136	1.8986	1.0184		0.7268	1.1646	1.1761	0.9476	0.2973	0.6775	0.244	1.231	1.0032	0.4918	1.3674	0.606		
		0.6963	1.2881	0.3849	1.5459	0.8315	1.4903	1.9037	0.5229	1.2393	1.4718	0.4759	1.1767		0.4395	0.7757	0.2148	1.0256	0.4737	1.0578	1.3303	0.2983	0.7587	1.0567	0.2618	0.8565		
		0.5071	0.5177	0.4648	0.495	0.3463	0.6467	0.6364	0.4246	0.5007	0.3031	0.6429	1.2141		0.349	0.3367	0.3203	0.3578	0.2495	0.3439	0.29	0.2957	0.2929	0.2006	0.4048	0.73		
		0.3791	0.5541	0.4754	0.6002	0.1553	0.2683	0.672	1.4778	0.5324	0.5195	0.5146	0.802		0.2271	0.4568	0.3366	0.3769	0.1233	0.1913	0.3274	0.7724	0.2524	0.2737	0.3294	0.4784		
		0.4431	0.5643	0.3618	0.4819	0.3244	0.4814	0.3085	0.3079	0.3984	0.3757	0.5397	0.4025		0.2722	0.3233	0.1758	0.3604	0.2293	0.243	0.1482	0.2013	0.1888	0.1993	0.2564	0.2095		
		
~End
Copyright © 2003 Molecular Devices. All rights reserved.
