##BLOCKS= 1          
Plate:	Plate#1	1.3	PlateFormat	Endpoint	Absorbance	Raw	FALSE	1						2	490 750	1	12	96	1	8	None	
	Temperature(¡C)	1	2	3	4	5	6	7	8	9	10	11	12		1	2	3	4	5	6	7	8	9	10	11	12		
	22.60	0.5061	1.3303	0.5719	1.0034	0.4854	0.5026	1.0734	0.3374	1.2565	0.638	1.2092	1.503		0.2287	0.7448	0.2691	0.5537	0.2651	0.2673	0.5978	0.2205	0.8853	0.3433	0.5876	1.0766		
		0.6591	0.2779	1.4777	0.5174	1.4968	0.474	1.2215	0.9446	1.7612	0.475	0.6314	1.7166		0.5057	0.194	1.0829	0.2622	1.0478	0.2741	0.8463	0.6923	1.2861	0.2843	0.3808	1.2295		
		0.4814	0.1529	1.0068	0.4858	1.2822	0.6572	0.3459	1.4812	0.9072	1.4533	1.4406	1.6323		0.1903	0.1153	0.6116	0.2092	0.8401	0.2979	0.2186	1.1365	0.5731	1.0565	1.0428	1.2469		
		1.1941	1.7327	1.7185	1.5993	0.6266	1.1945	0.5287	1.904	1.3613	0.8606	1.6526	1.0396		0.7337	1.2495	1.2735	1.0867	0.311	0.7881	0.2792	1.3561	1.022	0.5234	1.182	0.5892		
		0.6647	1.4757	0.4685	1.7852	0.9428	1.3618	1.9603	0.5005	1.042	1.3954	0.5769	1.167		0.434	0.9561	0.2554	1.1075	0.5662	0.9295	1.377	0.2802	0.6499	1.0455	0.3117	0.8479		
		0.5243	0.6451	0.5581	0.5092	0.3578	0.7272	0.6426	0.365	0.4777	0.3008	0.712	1.0664		0.3602	0.4175	0.3931	0.3675	0.2584	0.402	0.3013	0.2495	0.2783	0.2047	0.4318	0.6177		
		0.2965	0.514	0.4641	0.6423	0.1793	0.3131	0.6332	0.7979	0.5458	0.4835	0.4667	0.8174		0.1977	0.4499	0.3279	0.3926	0.1447	0.2226	0.2978	0.4305	0.2613	0.2575	0.3049	0.5103		
		0.5302	0.6403	0.6852	0.4957	0.2757	0.5887	0.295	0.2536	0.435	0.2856	0.4021	0.432		0.3371	0.3489	0.4623	0.3685	0.1997	0.3097	0.1503	0.1772	0.2051	0.1614	0.2019	0.2144		
		
~End
Copyright © 2003 Molecular Devices. All rights reserved.
