##BLOCKS= 1          
Plate:	Plate#1	1.3	PlateFormat	Endpoint	Absorbance	Raw	FALSE	1						2	490 750	1	12	96	1	8	None	
	Temperature(¡C)	1	2	3	4	5	6	7	8	9	10	11	12		1	2	3	4	5	6	7	8	9	10	11	12		
	23.30	0.1924	1.8168	0.1695	2.6751	0.2213	0.2859	0.452	1.365	2.3886	0.4553	1.5727	2.5109		0.1437	0.9729	0.1184	1.5515	0.1515	0.1956	0.2599	0.9346	1.5859	0.3003	0.5267	1.4151		
		0.2818	0.2029	2.6163	0.3437	3.081	2.1957	2.6339	1.9928	2.7109	0.4843	2.3672	2.7819		0.216	0.1438	1.4834	0.2357	1.6139	1.5451	1.5624	1.0506	1.5372	0.2882	1.4181	1.502		
		0.5785	0.1376	1.6373	0.3973	2.1457	1.9889	0.2675	2.5119	2.4809	1.4345	2.3565	2.5781		0.2541	0.1079	0.6578	0.2519	1.2074	1.4115	0.1849	1.4911	1.5471	1.0183	1.5486	1.6191		
		2.7881	2.9264	1.278	2.2145	0.329	1.6529	1.4946	2.5631	0.5475	0.5283	2.283	1.9594		1.886	1.6897	0.9396	1.4314	0.2223	1.2793	1.1102	1.4651	0.3541	0.3669	1.5844	1.2812		
		2.7118	1.298	0.1866	0.5026	0.2076	2.3378	2.391	0.2893	2.308	2.3823	0.2011	2.568		1.6553	0.6195	0.1267	0.3466	0.1533	1.6418	1.544	0.2097	1.5038	1.5549	0.1397	1.4654		
		1.9994	1.022	1.6877	1.5006	0.2945	0.3514	0.9786	0.367	0.3991	1.2177	1.0603	1.4917		1.2139	0.5997	0.8563	0.8841	0.197	0.1962	0.4714	0.2468	0.2364	0.5309	0.5625	0.8107		
		0.4943	1.4722	0.4025	1.7685	0.8191	0.9237	0.3723	1.9278	0.4359	1.0226	0.8686	1.4632		0.2274	0.9697	0.2774	0.7651	0.4489	0.3331	0.2117	1.0361	0.2594	0.5721	0.4671	0.7024		
		0.447	1.2795	1.4098	0.5727	0.8425	1.318	0.2529	0.2195	0.2189	0.1907	0.2631	0.2281		0.281	0.6855	0.7542	0.3309	0.6108	0.6731	0.1401	0.1465	0.1405	0.127	0.1704	0.1437		
		
~End
Copyright © 2003 Molecular Devices. All rights reserved.
