##BLOCKS= 1          
Plate:	Plate#1	1.3	PlateFormat	Endpoint	Absorbance	Raw	FALSE	1						2	490 750	1	12	96	1	8	None	
	Temperature(¡C)	1	2	3	4	5	6	7	8	9	10	11	12		1	2	3	4	5	6	7	8	9	10	11	12		
	23.20	0.298	1.7178	0.1749	2.307	0.2274	0.2681	0.4344	1.4154	2.242	0.4946	1.6811	2.5856		0.2009	0.9665	0.1228	1.225	0.1588	0.1826	0.2556	0.9855	1.5028	0.3311	0.4726	1.4731		
		0.357	0.2329	2.6559	0.3993	3.1167	2.1637	2.3778	1.8276	2.7919	0.4855	2.2885	2.8365		0.2827	0.1607	1.5142	0.2696	1.6767	1.5255	1.3332	0.994	1.596	0.2979	1.386	1.5183		
		0.4981	1.1045	1.6899	0.412	2.1188	1.8514	0.2548	2.4164	2.3678	1.4187	2.3228	2.4979		0.232	0.6301	0.7277	0.2411	1.2027	1.3023	0.171	1.4632	1.4714	1.0094	1.5341	1.5507		
		2.704	2.9612	1.2811	2.4502	0.3346	1.6178	1.5515	2.5974	0.5621	0.5768	2.1589	2.1149		1.8122	1.6651	0.934	1.6404	0.2296	1.2428	1.168	1.5129	0.3647	0.412	1.5268	1.4331		
		2.5372	1.3337	0.205	0.4117	0.1967	2.1389	2.3997	0.2592	2.2805	2.426	0.2345	2.6352		1.5446	0.6328	0.1402	0.2729	0.1423	1.4984	1.5528	0.1883	1.4964	1.5434	0.1591	1.4799		
		1.9369	0.9169	1.5827	1.4619	0.2865	0.3908	1.1549	0.3807	0.4024	1.1226	0.8472	1.7591		1.1557	0.5551	0.7831	0.8743	0.184	0.1863	0.5636	0.2536	0.2359	0.5086	0.4483	0.9201		
		0.5683	1.7612	0.395	1.632	0.6557	0.8109	0.326	1.5207	0.3267	1.1691	0.7639	1.4907		0.2269	1.1031	0.2721	0.6933	0.3631	0.3366	0.1928	0.8283	0.1999	0.6387	0.4105	0.7208		
		0.4546	0.8712	1.1402	0.5634	0.7036	1.2981	0.2685	0.2608	0.213	0.2123	0.2101	0.1954		0.3242	0.5003	0.6122	0.3162	0.4893	0.5924	0.1476	0.1693	0.1337	0.1367	0.1358	0.13		
		
~End
Copyright © 2003 Molecular Devices. All rights reserved.
