##BLOCKS= 1          
Plate:	Plate#1	1.3	PlateFormat	Endpoint	Absorbance	Raw	FALSE	1						2	490 750	1	12	96	1	8	None	
	Temperature(¡C)	1	2	3	4	5	6	7	8	9	10	11	12		1	2	3	4	5	6	7	8	9	10	11	12		
	23.60	0.2762	1.0201	0.3287	1.8752	0.2553	1.2463	0.2957	0.3079	1.7615	0.4491	0.7322	2.4811		0.1644	0.7291	0.2391	1.1503	0.1784	0.9489	0.1867	0.223	1.3077	0.3416	0.4815	1.4316		
		0.4559	1.618	2.0267	0.7477	1.8598	0.4675	1.6257	0.7966	2.1917	0.4801	1.6109	1.8397		0.3566	1.3031	1.3455	0.5811	1.2509	0.2934	1.1548	0.5416	1.3841	0.3437	1.1419	1.1384		
		0.4269	0.1431	0.7299	0.5501	1.3036	1.6486	1.5909	0.5701	0.2806	1.815	2.4738	2.1159		0.2542	0.1156	0.4318	0.3431	0.921	1.1864	0.7063	0.3939	0.1968	1.2793	1.5598	1.3063		
		1.1014	2.013	2.0029	1.7732	0.462	1.4873	1.257	2.14	1.9414	0.5833	1.8097	1.3206		0.7581	1.2248	1.3362	1.1724	0.3314	1.1187	0.8672	1.3568	1.3343	0.43	1.1871	0.9504		
		1.2588	1.1237	0.3068	1.9316	0.7301	1.7115	1.983	0.3095	1.9159	1.9957	0.3365	2.1686		0.8478	0.557	0.21	1.2986	0.5561	1.2155	1.3101	0.2182	1.2719	1.2565	0.2198	1.2423		
		1.5319	0.5644	1.3868	1.1832	0.9412	1.7311	1.1888	0.3304	0.5175	0.6531	0.9976	1.8018		0.8942	0.3296	0.7072	0.7718	0.6065	0.8064	0.6406	0.2032	0.3491	0.3522	0.485	0.8365		
		1.1809	0.7119	0.7695	1.1464	0.1376	0.5793	0.6112	1.4283	0.6783	0.8637	0.8333	1.1031		0.6003	0.4841	0.5626	0.6199	0.1114	0.4075	0.3505	0.7308	0.4023	0.5273	0.5363	0.6258		
		0.343	0.8089	0.8255	1.0048	0.5089	0.9831	0.3926	0.2491	0.6071	0.1803	0.2914	0.4343		0.2241	0.4938	0.5399	0.6599	0.351	0.5508	0.2037	0.1588	0.3885	0.1343	0.1676	0.2987		
		
~End
Copyright © 2003 Molecular Devices. All rights reserved.
