##BLOCKS= 1          
Plate:	Plate#1	1.3	PlateFormat	Endpoint	Absorbance	Raw	FALSE	1						2	490 750	1	12	96	1	8	None	
	Temperature(¡C)	1	2	3	4	5	6	7	8	9	10	11	12		1	2	3	4	5	6	7	8	9	10	11	12		
	23.60	0.2586	1.0755	0.2909	2.0009	0.2516	2.1259	0.3476	0.3403	1.6273	0.3191	0.8835	2.2143		0.165	0.7885	0.201	1.2242	0.183	1.47	0.2044	0.2418	1.169	0.2429	0.5803	1.3521		
		0.47	1.5837	1.9049	1.0872	1.8008	0.4839	1.7615	1.123	2.2598	0.2505	1.6993	1.4221		0.342	1.2503	1.2494	0.8614	1.2232	0.2971	1.263	0.7769	1.4236	0.1781	1.1994	0.8951		
		0.431	0.1566	0.8892	0.6624	1.1571	1.4401	1.9607	0.6216	0.3897	1.8862	2.0531	1.9555		0.2442	0.1241	0.5585	0.4315	0.7955	0.9739	0.8592	0.4352	0.2701	1.2964	1.3058	1.2373		
		1.581	2.112	1.9261	1.9985	0.4256	1.8099	1.1002	2.2341	2.0801	0.3891	1.8886	2.062		1.2451	1.2977	1.2816	1.3124	0.2906	1.3074	0.7574	1.4258	1.3986	0.2754	1.2368	1.3047		
		1.3001	1.1337	0.3752	1.9036	0.5386	2.031	2.1499	0.3102	1.9666	2.1895	0.6638	2.0723		0.8178	0.573	0.2523	1.2742	0.4216	1.388	1.3892	0.2173	1.2472	1.3689	0.4576	1.2012		
		1.6556	0.7471	1.5796	1.124	1.3926	1.9131	0.7883	0.4239	0.3691	0.4623	1.0642	1.6722		1.0128	0.4114	0.759	0.732	0.8871	0.9349	0.4123	0.2404	0.2513	0.2604	0.504	0.7707		
		1.1736	1.1168	0.4757	0.8904	0.2427	0.8727	0.7319	1.5204	0.743	1.1172	0.7194	1.1008		0.512	0.7321	0.3329	0.4932	0.1772	0.589	0.4506	0.6843	0.4411	0.6887	0.4383	0.6555		
		0.3669	1.0646	0.6478	0.8788	0.6634	0.936	0.5097	0.225	0.9166	0.2473	0.4979	0.2773		0.2279	0.5984	0.4259	0.5711	0.4596	0.5238	0.2733	0.1487	0.5265	0.1805	0.2595	0.1826		
		
~End
Copyright © 2003 Molecular Devices. All rights reserved.
