##BLOCKS= 1          
Plate:	Plate#1	1.3	PlateFormat	Endpoint	Absorbance	Raw	FALSE	1						2	490 750	1	12	96	1	8	None	
	Temperature(¡C)	1	2	3	4	5	6	7	8	9	10	11	12		1	2	3	4	5	6	7	8	9	10	11	12		
	23.30	0.3626	2.2476	0.386	1.8227	0.3249	0.6075	0.6956	0.4123	1.7862	0.615	0.5562	2.4385		0.2075	1.2794	0.2042	1.3633	0.1963	0.3567	0.2415	0.3071	1.3469	0.3847	0.4137	1.5491		
		0.332	0.4429	2.3511	0.7855	2.386	0.701	1.5501	1.0517	1.8497	0.385	1.059	2.2522		0.2645	0.3311	1.4206	0.4445	1.4372	0.349	1.0735	0.8119	1.2285	0.2319	0.6654	1.4207		
		1.1381	0.2167	1.0904	0.7256	1.9684	1.9684	2.6638	1.3678	0.8633	1.4646	1.7788	2.4909		0.7585	0.1469	0.6885	0.4366	1.1107	1.434	1.2073	1.0474	0.6486	1.1727	1.3287	1.6509		
		1.5477	2.2216	2.3253	1.7865	0.5041	1.3201	0.5066	2.0037	2.0787	0.3774	1.7922	1.9118		1.1464	1.3694	1.5576	1.3098	0.312	1.0109	0.2773	1.2055	1.6223	0.2208	1.2608	1.4166		
		0.6274	1.6781	0.2848	1.673	1.0694	1.7278	2.3755	0.6855	2.2916	2.1128	0.3289	1.5637		0.3692	0.6058	0.1873	1.0846	0.5701	1.2816	1.5445	0.4232	1.5413	1.4745	0.2156	1.0752		
		0.7375	0.9597	0.7399	2.2645	0.7076	1.8974	0.7703	0.3616	0.68	1.1969	0.5108	2.0334		0.583	0.6903	0.5612	1.3273	0.5509	1.0896	0.4469	0.2779	0.3653	0.6922	0.3708	0.8192		
		0.7618	2.0018	0.4416	0.9218	0.6593	0.8293	0.4453	1.0146	0.4855	0.8591	0.8322	2.1469		0.4448	1.424	0.3501	0.6597	0.4255	0.6135	0.2706	0.6085	0.2441	0.5729	0.5728	1.0033		
		0.3473	0.5424	1.0421	0.812	0.9975	0.6608	0.4927	0.2448	0.5924	0.4317	0.3504	0.3194		0.2173	0.3084	0.6155	0.6232	0.7678	0.4263	0.2852	0.1859	0.3422	0.2692	0.1896	0.1865		
		
~End
Copyright © 2003 Molecular Devices. All rights reserved.
