##BLOCKS= 1          
Plate:	Plate#1	1.3	PlateFormat	Endpoint	Absorbance	Raw	FALSE	1						2	490 750	1	12	96	1	8	None	
	Temperature(¡C)	1	2	3	4	5	6	7	8	9	10	11	12		1	2	3	4	5	6	7	8	9	10	11	12		
	23.30	0.3281	2.0318	0.3696	1.6229	0.3019	0.5166	0.3592	0.4657	1.633	0.973	0.2574	2.2952		0.197	1.1931	0.228	1.0621	0.191	0.3329	0.1575	0.3332	1.2017	0.6078	0.167	1.4484		
		0.5167	0.3587	1.8278	0.5224	2.0063	0.4464	1.4488	0.8311	1.8522	0.3601	1.005	1.9168		0.4153	0.2651	1.1847	0.2879	1.3033	0.249	0.9807	0.6421	1.2121	0.2028	0.6211	1.2709		
		0.684	0.1526	1.0506	0.9369	1.6797	1.5533	2.4702	1.2844	0.9821	1.5645	1.7713	2.1772		0.4528	0.1143	0.6738	0.5618	0.9828	1.1819	1.0095	1.0407	0.7545	1.1723	1.3715	1.4163		
		1.6768	2.2556	1.8719	1.9646	0.5603	1.2177	0.3187	1.7326	1.869	0.7779	1.7774	1.5608		1.2101	1.4497	1.3937	1.4807	0.339	0.9396	0.2022	1.0491	1.471	0.3626	1.2752	1.0623		
		0.4213	1.0322	0.2657	1.4206	0.6509	1.2805	2.5385	0.5666	2.44	1.7049	0.4869	1.7645		0.2543	0.3895	0.182	0.8723	0.3457	0.9381	1.584	0.3519	1.6371	1.2108	0.2796	1.3066		
		0.6235	0.9868	0.5897	1.8513	0.7169	1.6666	0.5099	0.3568	0.333	1.1786	0.7048	2.1047		0.517	0.7305	0.445	1.1196	0.5579	0.9432	0.2918	0.2739	0.2468	0.6756	0.5275	0.9543		
		0.9435	1.6049	0.4868	0.8032	0.1827	1.8361	0.3437	0.962	0.897	0.5077	0.6159	1.4364		0.4966	1.1074	0.3869	0.6067	0.1252	0.8854	0.2159	0.6544	0.4121	0.3203	0.4618	0.7582		
		0.3479	0.4178	0.9181	0.9163	0.9069	0.7929	0.3201	0.2385	0.7032	0.3117	0.3121	0.3413		0.2364	0.2525	0.5611	0.7072	0.6685	0.4285	0.1827	0.1783	0.3956	0.1948	0.1716	0.1803		
		
~End
Copyright © 2003 Molecular Devices. All rights reserved.
