##BLOCKS= 1          
Plate:	Plate#1	1.3	PlateFormat	Endpoint	Absorbance	Raw	FALSE	1						2	490 750	1	12	96	1	8	None	
	Temperature(¡C)	1	2	3	4	5	6	7	8	9	10	11	12		1	2	3	4	5	6	7	8	9	10	11	12		
	24.00	0.1958	0.2449	0.1381	0.1812	0.1373	0.2293	0.1574	0.1636	0.1913	0.1381	0.2372	0.1722		0.1173	0.1486	0.1108	0.1468	0.1113	0.1864	0.1197	0.1226	0.1474	0.1078	0.1408	0.1271		
		0.5623	0.2039	0.4507	0.1419	0.1702	0.1239	0.1961	0.252	0.1883	0.202	0.156	0.1863		0.4596	0.1595	0.3107	0.1118	0.1313	0.0996	0.1498	0.1981	0.1442	0.1628	0.1095	0.1391		
		0.139	0.1323	0.1662	0.1342	0.1594	0.1603	0.2071	0.1363	0.1469	0.1327	0.144	0.1774		0.1103	0.1025	0.1265	0.1085	0.1165	0.119	0.1589	0.1083	0.1159	0.1074	0.1141	0.1428		
		0.1775	0.1403	0.1509	0.2774	0.1461	0.1522	0.1427	0.1539	0.2552	0.1424	0.1448	0.1592		0.1511	0.1117	0.1247	0.2018	0.1154	0.1257	0.1193	0.1152	0.1885	0.1127	0.1205	0.128		
		0.1851	0.1768	0.1677	0.2607	0.1557	0.1869	0.1567	0.1836	0.2147	0.1816	0.1761	0.1999		0.1108	0.1395	0.1314	0.2068	0.1229	0.1508	0.1196	0.1477	0.1586	0.1394	0.1425	0.1493		
		0.2264	0.1234	0.2438	0.1289	0.2537	0.1388	0.1535	0.1442	0.138	0.1354	0.1343	0.2363		0.1732	0.1042	0.1938	0.1062	0.2046	0.1123	0.1113	0.1159	0.1084	0.1101	0.1095	0.1826		
		0.2268	0.5508	0.1494	0.1637	0.1265	0.1666	0.136	0.1335	0.1677	0.1549	0.1971	0.3058		0.177	0.5283	0.1204	0.1326	0.1064	0.1317	0.1061	0.1006	0.127	0.1203	0.1567	0.233		
		0.1666	0.1458	0.1814	0.1855	0.1366	0.1351	0.1335	0.1314	0.1589	0.1333	0.1444	0.1355		0.1234	0.1139	0.1419	0.1466	0.1099	0.1039	0.1027	0.105	0.1234	0.1032	0.1158	0.105		
		
~End
Copyright © 2003 Molecular Devices. All rights reserved.
