##BLOCKS= 1          
Plate:	Plate#1	1.3	PlateFormat	Endpoint	Absorbance	Raw	FALSE	1						2	490 750	1	12	96	1	8	None	
	Temperature(¡C)	1	2	3	4	5	6	7	8	9	10	11	12		1	2	3	4	5	6	7	8	9	10	11	12		
	23.00	0.2974	1.2455	0.2892	2.5359	0.2867	2.1781	0.3162	0.3093	2.0028	0.8783	1.2182	2.505		0.2045	0.7795	0.1967	1.4271	0.194	1.4601	0.188	0.2037	1.2699	0.661	0.9026	1.5444		
		0.5938	2.6352	2.3206	1.4982	2.3587	0.7223	2.3919	1.3759	2.6207	0.3154	1.7875	2.6529		0.4393	1.8144	1.3886	1.1499	1.4448	0.4789	1.4924	0.8364	1.7034	0.2011	1.2469	1.6448		
		0.4825	0.1565	0.8946	0.8921	1.5	1.8923	1.7844	1.3761	0.4291	2.4901	2.243	2.535		0.2601	0.1226	0.4788	0.6016	0.9171	1.2178	0.7414	0.9971	0.2814	1.6476	1.374	1.571		
		2.4505	2.5848	2.4878	2.6249	0.3619	2.1805	1.4129	2.3394	2.4107	0.4694	2.06	1.9522		1.4488	1.6659	1.4445	1.7246	0.2377	1.3734	1.0852	1.4962	1.5155	0.3226	1.1763	1.0967		
		1.6832	1.222	0.2569	2.4631	2.0698	2.1115	2.2315	0.3824	2.563	2.3346	0.3573	2.3831		1.144	0.697	0.1652	1.3986	1.2687	1.2887	1.396	0.2435	1.5911	1.4191	0.2322	1.4807		
		2.0371	0.874	1.2755	1.7857	1.8075	1.1736	1.9152	0.3367	0.3326	0.9002	1.3882	1.7904		1.2573	0.5555	0.7137	1.1894	1.1887	0.7648	0.9807	0.2117	0.222	0.4739	0.6821	0.9353		
		1.2452	1.9876	0.6822	1.3512	1.6135	0.6467	1.1585	1.576	0.9482	1.2166	1.1807	1.3013		0.5921	1.4831	0.4699	0.6735	1.0354	0.4227	0.6529	0.9016	0.5676	0.6792	0.7059	0.7514		
		0.3604	1.186	0.9946	0.9743	0.7924	1.2488	0.4298	0.2459	1.3266	0.3159	0.2894	0.2861		0.2179	0.8165	0.6618	0.6793	0.5466	0.6884	0.2313	0.1451	0.7454	0.2485	0.1875	0.1774		
		
~End
Copyright © 2003 Molecular Devices. All rights reserved.
