##BLOCKS= 1          
Plate:	Plate#1	1.3	PlateFormat	Endpoint	Absorbance	Raw	FALSE	1						2	490 750	1	12	96	1	8	None	
	Temperature(¡C)	1	2	3	4	5	6	7	8	9	10	11	12		1	2	3	4	5	6	7	8	9	10	11	12		
	23.00	0.2792	1.2369	0.2253	2.6988	0.307	1.8431	0.5488	0.3329	2.2166	0.9464	1.1219	2.4852		0.1878	0.7724	0.154	1.5077	0.207	1.2612	0.3179	0.2197	1.3897	0.7071	0.7893	1.5223		
		0.4186	2.7231	2.391	1.6899	2.5923	0.6697	2.364	1.3893	2.6852	0.3332	1.9186	2.5101		0.3216	1.8958	1.4151	1.3153	1.6201	0.4311	1.4829	0.8104	1.7312	0.2121	1.265	1.5231		
		0.4486	0.162	1.0491	0.7762	1.5799	1.824	1.7165	1.4312	0.3906	2.435	2.2682	2.3708		0.251	0.1249	0.5655	0.4792	0.9512	1.1875	0.7331	1.0435	0.2555	1.6047	1.3888	1.448		
		2.3023	2.347	2.5814	2.3903	0.3244	2.279	1.4045	2.3056	2.2733	0.478	2.292	2.1476		1.363	1.4744	1.4835	1.5508	0.2133	1.3859	1.0631	1.4452	1.4127	0.3215	1.2897	1.234		
		1.8776	1.1809	0.2592	2.5565	2.0229	2.2055	2.4205	0.3313	2.243	2.2194	0.2993	2.3863		1.2736	0.6657	0.1677	1.4602	1.2308	1.3487	1.5237	0.211	1.3993	1.3393	0.1968	1.436		
		2.028	0.7897	1.5214	1.8404	1.6581	1.2329	0.957	0.359	0.4337	1.1489	1.2161	1.9703		1.2277	0.4891	0.8249	1.2182	1.0829	0.8058	0.4881	0.2282	0.2851	0.6208	0.598	1.012		
		1.5881	1.7508	0.8456	1.3656	1.5552	0.8888	0.9846	1.7006	0.9174	1.271	0.926	1.3132		0.6605	1.2938	0.5858	0.6573	1.0064	0.6063	0.5386	0.9429	0.5398	0.6919	0.5437	0.7905		
		0.3357	1.1988	0.8283	1.0417	0.8431	1.6515	0.275	0.1928	1.3243	0.3708	0.2548	0.273		0.217	0.8175	0.5053	0.7264	0.5751	0.9107	0.1556	0.1273	0.7621	0.2434	0.1651	0.1742		
		
~End
Copyright © 2003 Molecular Devices. All rights reserved.
