##BLOCKS= 1          
Plate:	Plate#1	1.3	PlateFormat	Endpoint	Absorbance	Raw	FALSE	1						2	490 750	1	12	96	1	8	None	
	Temperature(¡C)	1	2	3	4	5	6	7	8	9	10	11	12		1	2	3	4	5	6	7	8	9	10	11	12		
	23.00	0.2749	1.3174	0.2667	2.6642	0.2535	2.1442	0.3563	0.3284	2.3285	0.8015	1.293	2.4599		0.1862	0.8376	0.1766	1.5073	0.1688	1.48	0.205	0.2171	1.4487	0.5715	0.9463	1.5093		
		0.3914	2.5092	2.4855	1.8113	2.4229	0.7381	2.373	1.4382	2.5421	0.3724	1.9461	2.2472		0.2955	1.7348	1.4697	1.4057	1.522	0.481	1.4549	0.8496	1.6012	0.2407	1.3025	1.4056		
		0.4336	0.1548	0.7146	1.2457	1.4755	1.7898	1.6396	1.3617	0.4581	2.5935	2.4197	2.2171		0.2538	0.1195	0.4032	0.829	0.8987	1.1744	0.6956	1.0005	0.3078	1.7783	1.4773	1.3595		
		2.3572	2.7592	2.6068	2.5015	0.3952	2.2201	1.4073	2.4723	2.2963	0.4835	2.3466	1.7636		1.4173	1.7706	1.5098	1.6424	0.2615	1.3901	1.0507	1.5428	1.378	0.3219	1.2781	1.0292		
		1.7023	1.3165	0.2366	2.5002	1.951	2.2196	2.3663	0.3347	2.6545	2.1347	0.3503	2.1701		1.1447	0.7627	0.1537	1.4135	1.1825	1.3273	1.4744	0.2141	1.6329	1.2698	0.2329	1.3457		
		2.1568	0.8336	1.3702	1.9308	1.7055	1.2211	1.1052	0.3166	0.3523	0.951	1.4925	2.0003		1.2502	0.5336	0.7746	1.2667	1.1308	0.8092	0.5582	0.2065	0.2333	0.5086	0.6908	1.0207		
		1.4468	1.9886	0.8054	1.435	1.5793	0.8379	0.8089	1.4336	0.932	1.1226	0.9219	1.2414		0.6455	1.4212	0.5483	0.728	1.0331	0.551	0.4401	0.8167	0.5315	0.614	0.5323	0.7122		
		0.3559	1.3064	0.8754	1.1581	0.9329	1.1997	0.3369	0.2168	1.3056	0.2089	0.2275	0.2466		0.2319	0.922	0.5161	0.8212	0.6493	0.6791	0.1808	0.1318	0.7337	0.1474	0.1514	0.1589		
		
~End
Copyright © 2003 Molecular Devices. All rights reserved.
