##BLOCKS= 1          
Plate:	Plate#1	1.3	PlateFormat	Endpoint	Absorbance	Raw	FALSE	1						2	490 750	1	12	96	1	8	None	
	Temperature(¡C)	1	2	3	4	5	6	7	8	9	10	11	12		1	2	3	4	5	6	7	8	9	10	11	12		
	23.00	0.2926	0.614	0.2327	0.3568	0.197	0.3037	0.3241	0.2094	0.4977	0.2575	2.0041	0.6562		0.2069	0.3926	0.1839	0.2781	0.1583	0.2445	0.2635	0.1573	0.4136	0.2065	0.5885	0.5154		
		0.4373	0.1773	0.9756	0.4504	0.3515	0.1679	0.5032	0.5659	0.8589	0.2269	0.6572	0.8781		0.3868	0.1468	0.702	0.3652	0.2683	0.1284	0.3893	0.4617	0.6463	0.1819	0.5155	0.6474		
		0.2343	0.1403	0.2979	0.3577	0.8282	0.3411	0.2781	0.2512	0.2149	0.3407	0.4748	0.8496		0.1968	0.1115	0.2332	0.279	0.636	0.2391	0.2201	0.2005	0.1698	0.2756	0.3893	0.6663		
		0.2873	0.5369	0.3649	0.7262	0.2275	0.3199	0.3572	0.5174	0.6387	0.1766	0.7554	0.4491		0.2534	0.4156	0.2882	0.5634	0.1758	0.2554	0.2845	0.3844	0.5159	0.1392	0.5977	0.3676		
		0.321	0.6013	0.2062	0.3241	0.164	0.6252	0.7878	0.1717	0.4843	0.5875	0.2024	0.4901		0.2762	0.3971	0.1599	0.2608	0.1286	0.5146	0.6035	0.1346	0.3691	0.4649	0.1586	0.3712		
		0.3972	0.6209	0.3281	0.2987	0.3869	0.3003	0.2424	0.375	0.2665	0.3498	0.2804	1.0211		0.3189	0.4794	0.2321	0.2475	0.3204	0.2046	0.1714	0.3173	0.2145	0.2695	0.2149	0.3894		
		0.2156	0.3256	0.278	0.3711	0.2202	0.2801	0.2654	0.3268	0.2334	0.1941	0.2051	0.3275		0.1539	0.2718	0.2299	0.2898	0.1785	0.2266	0.1954	0.2371	0.165	0.1454	0.1598	0.2445		
		0.2276	0.2491	0.2289	0.2305	0.2453	0.2849	0.216	0.1703	0.2749	0.2236	0.1905	0.1712		0.1709	0.1871	0.1685	0.1809	0.1949	0.1956	0.1538	0.1218	0.2067	0.1656	0.1461	0.1315		
		
~End
Copyright © 2003 Molecular Devices. All rights reserved.
