##BLOCKS= 1          
Plate:	Plate#1	1.3	PlateFormat	Endpoint	Absorbance	Raw	FALSE	1						2	490 750	1	12	96	1	8	None	
	Temperature(¡C)	1	2	3	4	5	6	7	8	9	10	11	12		1	2	3	4	5	6	7	8	9	10	11	12		
	23.00	0.2561	0.6686	0.2962	0.3426	0.2016	0.5754	0.3114	0.2685	0.4774	0.2497	2.235	0.5812		0.209	0.4173	0.2405	0.273	0.1625	0.4774	0.2437	0.2046	0.3872	0.2033	0.6394	0.4524		
		0.6197	0.2468	0.7644	0.4132	0.2833	0.1607	0.484	0.3803	0.4661	0.2635	0.5128	0.8442		0.4871	0.2017	0.5552	0.3429	0.2255	0.1238	0.3739	0.304	0.3417	0.2101	0.4154	0.639		
		0.1813	0.1467	0.2725	0.1793	0.8121	0.2973	0.3862	0.2003	0.2195	0.3833	0.5964	0.727		0.134	0.1144	0.2132	0.1359	0.6181	0.2044	0.3097	0.1596	0.1751	0.3082	0.4963	0.553		
		0.2261	0.4542	0.7354	0.4308	0.2342	0.3248	0.3455	0.6098	0.4368	0.1972	0.5723	0.3648		0.1849	0.3824	0.5826	0.3252	0.1796	0.2565	0.2793	0.4508	0.343	0.1555	0.4453	0.2929		
		0.4121	0.5132	0.2007	0.2672	0.1963	0.5916	0.6713	0.2145	0.7607	0.6505	0.1717	0.7931		0.2685	0.3374	0.1551	0.211	0.1565	0.4896	0.5296	0.1704	0.5675	0.4931	0.1341	0.5723		
		0.4964	0.3821	0.4555	0.466	0.2725	0.2892	0.2275	0.3459	0.2523	0.2638	0.3292	1.067		0.3936	0.2864	0.3404	0.3927	0.2229	0.2039	0.1577	0.2913	0.1995	0.1948	0.2537	0.4612		
		0.2178	0.4439	0.2145	0.5301	0.1426	0.2255	0.278	0.3101	0.2004	0.225	0.263	0.2365		0.2002	0.3897	0.1761	0.429	0.1122	0.1816	0.1992	0.2161	0.1469	0.1654	0.2008	0.1733		
		0.2978	0.6283	0.2361	0.2138	0.2684	0.2058	0.2294	0.2134	0.3375	0.2275	0.1679	0.2597		0.2129	0.4964	0.1783	0.1696	0.2168	0.1469	0.1609	0.149	0.2593	0.1719	0.1296	0.2067		
		
~End
Copyright © 2003 Molecular Devices. All rights reserved.
