##BLOCKS= 1          
Plate:	Plate#1	1.3	PlateFormat	Endpoint	Absorbance	Raw	FALSE	1						2	490 750	1	12	96	1	8	None	
	Temperature(¡C)	1	2	3	4	5	6	7	8	9	10	11	12		1	2	3	4	5	6	7	8	9	10	11	12		
	24.00	0.3673	1.2506	0.7811	0.5991	0.3438	0.3429	0.7809	0.585	0.4284	0.5037	1.0122	0.9378		0.1632	0.5571	0.3121	0.2779	0.1709	0.1717	0.272	0.305	0.2627	0.2296	0.4992	0.4241		
		0.5419	0.2552	1.1255	0.4492	0.9024	0.3337	1.0334	0.5226	1.1516	0.6824	0.1775	0.6572		0.4583	0.1604	0.684	0.2087	0.5247	0.1469	0.5128	0.3764	0.5594	0.3637	0.1234	0.4201		
		0.3017	0.147	0.5934	0.2665	0.763	0.9383	0.531	0.7393	0.3495	0.4959	0.4667	1.4345		0.1591	0.112	0.2888	0.1199	0.4476	0.4241	0.3188	0.4765	0.1904	0.2726	0.2899	0.7662		
		1.064	0.3858	0.8736	1.3039	0.3503	0.3607	0.3612	0.892	0.8421	0.2586	0.6523	0.347		0.6259	0.2127	0.5616	0.7321	0.1891	0.2088	0.1787	0.475	0.4256	0.1511	0.3899	0.1855		
		0.3914	0.5304	0.4608	0.5259	0.342	0.3576	0.6705	0.2515	0.7355	0.8325	0.3515	0.7433		0.2531	0.2127	0.2152	0.2705	0.1359	0.187	0.3618	0.1491	0.4442	0.4593	0.1881	0.5679		
		0.4799	0.5162	0.9631	0.7098	0.1726	0.3506	0.379	0.4276	0.3127	0.5406	0.9813	2.0468		0.3381	0.391	0.4029	0.5285	0.1288	0.1953	0.2213	0.2815	0.1866	0.2837	0.302	0.446		
		0.8671	0.2497	0.3011	1.094	0.1323	0.3244	0.3705	0.9077	0.3554	0.3656	1.0018	0.8882		0.3914	0.1974	0.2127	0.5036	0.1023	0.2194	0.2077	0.6116	0.1776	0.1947	0.5614	0.554		
		0.9813	0.7018	0.3972	0.5751	0.387	0.2829	0.456	0.1935	0.3067	0.4161	0.4678	0.4015		0.4033	0.3627	0.1818	0.3363	0.2733	0.1604	0.2117	0.1329	0.1591	0.2081	0.2342	0.1905		
		
~End
Copyright © 2003 Molecular Devices. All rights reserved.
