##BLOCKS= 1          
Plate:	Plate#1	1.3	PlateFormat	Endpoint	Absorbance	Raw	FALSE	1						2	490 750	1	12	96	1	8	None	
	Temperature(¡C)	1	2	3	4	5	6	7	8	9	10	11	12		1	2	3	4	5	6	7	8	9	10	11	12		
	23.90	0.4889	1.1648	0.3374	0.4156	0.516	0.3392	0.7974	0.3501	0.7879	0.5515	0.4568	1.2201		0.2166	0.4057	0.1594	0.2173	0.2183	0.1863	0.3043	0.1839	0.4816	0.2395	0.1708	0.5823		
		0.6834	0.3009	0.7879	0.245	0.9112	0.2399	0.7533	0.4944	0.9115	0.298	0.1687	1.5268		0.5436	0.1846	0.532	0.1421	0.552	0.1227	0.3732	0.3587	0.5193	0.1792	0.1121	0.7437		
		0.2481	0.14	0.1928	0.2259	0.6384	0.7804	0.769	0.5539	0.4816	0.5027	0.646	0.5375		0.146	0.1049	0.1229	0.1139	0.3666	0.3509	0.4062	0.3438	0.2618	0.2884	0.3549	0.3009		
		0.6691	0.5917	0.5474	0.908	0.4798	0.3465	0.6616	1.2324	0.6373	0.2735	1.2629	0.5816		0.4193	0.3471	0.322	0.4806	0.2597	0.1854	0.3121	0.6668	0.3336	0.1489	0.5452	0.2648		
		0.3508	2.0871	0.5036	0.5724	0.192	0.2912	0.8988	0.8512	1.2248	0.797	0.2964	0.4051		0.2279	0.7253	0.2205	0.2892	0.1094	0.1678	0.5196	0.4164	0.7403	0.5083	0.1521	0.2865		
		0.339	0.2658	0.5402	0.5375	0.1979	0.4444	0.522	0.2695	0.3175	0.3871	0.9109	1.2986		0.2362	0.1818	0.2968	0.396	0.1527	0.2325	0.3066	0.1861	0.1751	0.2087	0.3898	0.376		
		0.4988	0.4075	0.4358	0.5351	0.1344	0.2896	0.3253	0.4794	0.254	0.279	0.4816	0.506		0.2543	0.3499	0.3046	0.2562	0.1041	0.1951	0.1889	0.2262	0.1345	0.137	0.273	0.3191		
		0.6211	0.4581	0.2042	0.2915	0.3411	0.2263	0.2922	0.1781	0.3718	0.5199	0.6746	0.2956		0.3008	0.2031	0.1198	0.197	0.2318	0.1273	0.1533	0.1229	0.1878	0.2782	0.2877	0.1723		
		
~End
Copyright © 2003 Molecular Devices. All rights reserved.
