##BLOCKS= 1          
Plate:	Plate#1	1.3	PlateFormat	Endpoint	Absorbance	Raw	FALSE	1						2	490 750	1	12	96	1	8	None	
	Temperature(¡C)	1	2	3	4	5	6	7	8	9	10	11	12		1	2	3	4	5	6	7	8	9	10	11	12		
	23.70	0.3977	1.3617	0.5147	0.5489	0.3532	0.4907	1.1779	0.6432	0.9324	0.6619	1.3949	1.7439		0.1809	0.6745	0.2437	0.319	0.1833	0.2531	0.8233	0.2826	0.5106	0.3783	0.5453	0.9396		
		0.5806	0.29	2.1224	0.9222	1.7376	0.6233	0.2228	1.3317	1.8158	0.7908	0.1794	2.1089		0.4737	0.1772	1.2014	0.4593	0.9267	0.2767	0.1715	1.0613	1.2209	0.5033	0.1102	1.3297		
		0.3397	0.1329	0.978	0.3937	1.3777	1.6046	1.7253	0.6074	0.4644	0.5544	1.4025	2.0283		0.1837	0.1021	0.4391	0.2433	0.6741	0.6495	0.7446	0.3099	0.2454	0.2715	0.7309	0.9965		
		0.8322	1.364	1.3396	1.9319	0.4411	0.6272	0.4404	2.1852	1.372	0.645	1.6184	1.2641		0.4642	0.794	0.6245	1.1065	0.232	0.3422	0.2165	1.2614	0.6689	0.3382	1.1223	0.4768		
		0.6382	1.8777	0.4201	0.659	0.1869	1.3578	2.1525	0.4267	2.5804	0.7223	0.4478	0.2115		0.3152	0.8259	0.2146	0.3434	0.1281	0.7556	1.432	0.2393	1.3353	0.409	0.2258	0.149		
		0.6259	1.3057	2.2662	0.8464	0.5063	0.73	0.6314	0.6447	0.536	1.2049	2.0427	2.3091		0.3908	0.5609	0.7027	0.4173	0.2446	0.3604	0.3355	0.2748	0.3088	0.5339	0.6014	0.9479		
		0.6506	0.3735	0.7529	1.7872	0.1318	0.4484	0.3853	0.6395	0.5938	0.6247	0.695	0.554		0.3895	0.3123	0.3112	0.5122	0.1073	0.2388	0.1887	0.3421	0.2734	0.3419	0.3443	0.2864		
		0.4493	0.4251	0.3496	1.4698	0.4798	0.3377	0.428	0.2936	0.6353	0.3035	0.4192	0.3292		0.204	0.2435	0.2455	0.3901	0.2959	0.2067	0.2527	0.1703	0.3052	0.1842	0.2021	0.1759		
		
~End
Copyright © 2003 Molecular Devices. All rights reserved.
