##BLOCKS= 1          
Plate:	Plate#1	1.3	PlateFormat	Endpoint	Absorbance	Raw	FALSE	1						2	490 750	1	12	96	1	8	None	
	Temperature(¡C)	1	2	3	4	5	6	7	8	9	10	11	12		1	2	3	4	5	6	7	8	9	10	11	12		
	23.70	0.4708	1.385	0.5566	0.609	0.3873	0.6278	1.0474	0.9315	0.8692	0.5202	1.4165	1.9254		0.1947	0.6853	0.2386	0.3365	0.1983	0.3063	0.7205	0.3614	0.4706	0.3081	0.5117	1.0765		
		0.5686	0.3411	2.1093	0.8793	2.052	0.4589	0.1935	1.4068	1.6985	0.6592	0.1735	2.0499		0.4598	0.2067	1.1772	0.4082	1.0434	0.2108	0.1491	1.1231	1.1281	0.3983	0.1105	1.3299		
		0.3369	0.138	0.8728	0.4551	1.4608	1.7769	1.5429	0.3999	0.6397	0.566	1.6157	2.0174		0.1938	0.1077	0.384	0.291	0.7104	0.6712	0.6673	0.2171	0.329	0.28	0.7861	1.0622		
		0.6303	1.3503	1.3706	2.2006	0.4743	0.6444	0.4591	2.0437	1.2963	0.5603	1.7281	1.646		0.3621	0.7569	0.6191	1.152	0.249	0.3535	0.2298	1.1865	0.5872	0.3024	1.2288	0.6366		
		0.5911	1.7295	0.5242	0.6171	0.156	1.5399	2.2751	0.3978	2.5653	0.5701	0.4853	0.2115		0.2983	0.7146	0.2579	0.334	0.1106	0.8541	1.4523	0.2078	1.2337	0.3301	0.2406	0.1469		
		0.5625	1.3577	2.4535	0.9051	0.5514	0.8496	0.3397	0.538	0.3872	1.1391	2.4401	2.3475		0.3434	0.519	0.6703	0.4376	0.2608	0.4362	0.1985	0.2362	0.23	0.4152	0.6858	0.8175		
		0.4519	0.3322	0.713	1.38	0.1435	0.4318	0.3604	0.4847	0.27	0.7237	0.6131	0.6303		0.2909	0.2812	0.2964	0.4654	0.1148	0.2234	0.1873	0.2676	0.1626	0.3755	0.3167	0.3123		
		0.5152	0.441	0.2332	1.6624	0.3676	0.3297	0.2191	0.3044	0.8693	0.2999	0.4298	0.3815		0.2693	0.2392	0.1655	0.4779	0.1926	0.2107	0.1358	0.1806	0.412	0.1857	0.2239	0.2022		
		
~End
Copyright © 2003 Molecular Devices. All rights reserved.
