##BLOCKS= 1          
Plate:	Plate#1	1.3	PlateFormat	Endpoint	Absorbance	Raw	FALSE	1						2	490 750	1	12	96	1	8	None	
	Temperature(¡C)	1	2	3	4	5	6	7	8	9	10	11	12		1	2	3	4	5	6	7	8	9	10	11	12		
	23.70	0.4712	1.389	0.4165	0.5529	0.3264	0.4675	1.1242	0.585	1.191	0.5736	1.4219	2.0702		0.2014	0.6948	0.1908	0.3087	0.1759	0.2417	0.7859	0.2555	0.6486	0.3289	0.537	1.1555		
		0.6681	0.3133	2.1307	0.7128	1.9972	0.5803	0.2382	1.3619	1.9772	0.8451	0.1767	2.3057		0.5822	0.194	1.2369	0.3327	0.9827	0.2644	0.1831	1.0688	1.2931	0.5312	0.1097	1.449		
		0.3563	0.1399	0.9169	0.286	1.1298	1.9436	1.8028	0.778	0.4578	0.4334	1.4579	2.1743		0.2094	0.1085	0.3802	0.1933	0.5642	0.6675	0.7347	0.399	0.2338	0.2087	0.7593	1.0652		
		0.9063	1.4642	1.2581	1.9552	0.4763	0.7014	0.4905	2.1427	1.7226	0.6041	1.7829	1.7172		0.513	0.8206	0.6363	0.9678	0.2567	0.3941	0.2374	1.2424	0.8323	0.3328	1.267	0.6518		
		0.571	2.0801	0.4112	0.726	0.1674	1.4614	2.0327	0.4917	2.6879	0.5799	0.435	0.2408		0.2884	0.896	0.2181	0.3828	0.1203	0.8329	1.3567	0.2571	1.3006	0.3302	0.2306	0.1745		
		0.6272	1.1571	2.4747	0.8172	0.5161	0.9444	0.4595	0.4746	0.4169	0.9774	2.5047	2.4676		0.4079	0.5373	0.7507	0.4052	0.2419	0.4415	0.2568	0.2169	0.2449	0.438	0.6875	0.8551		
		0.5465	0.3225	0.7394	1.814	0.1277	0.4539	0.4627	0.5713	0.4482	0.5329	0.62	0.8738		0.3232	0.2649	0.2961	0.5363	0.1045	0.2284	0.2375	0.3142	0.233	0.2978	0.3265	0.4698		
		0.4878	0.425	0.3125	1.4074	0.4137	0.3108	0.2591	0.2439	0.6495	0.3382	0.4396	0.385		0.2484	0.25	0.2098	0.3928	0.2097	0.2016	0.1625	0.149	0.3451	0.2022	0.2039	0.2031		
		
~End
Copyright © 2003 Molecular Devices. All rights reserved.
