##BLOCKS= 1          
Plate:	Plate#1	1.3	PlateFormat	Endpoint	Absorbance	Raw	FALSE	1						2	490 750	1	12	96	1	8	None	
	Temperature(¡C)	1	2	3	4	5	6	7	8	9	10	11	12		1	2	3	4	5	6	7	8	9	10	11	12		
	23.10	0.3605	1.8951	0.5662	1.0459	0.4129	0.8908	2.4438	0.7978	2.2664	1.0845	1.423	2.6649		0.1793	1.0153	0.2955	0.6007	0.2355	0.5308	1.2331	0.4565	1.2951	0.7519	0.6148	1.3841		
		0.5663	0.3007	2.6006	2.1018	2.9894	0.9475	1.712	1.7586	2.8712	1.7858	0.837	2.4796		0.4638	0.1818	1.4035	1.3068	1.4793	0.5115	1.1101	0.9404	1.5717	1.0207	0.4569	1.2854		
		0.6013	0.1437	2.7401	1.3137	2.6721	2.3813	2.7357	1.7043	1.3577	0.7235	2.929	2.8232		0.3541	0.1126	0.9193	0.8414	1.1524	1.2831	1.2117	1.0993	0.817	0.3804	1.621	1.6028		
		3.0733	2.7856	0.8451	2.6575	0.6946	1.7318	0.4932	2.7947	0.7416	0.8792	2.7624	2.6647		1.7615	1.4183	0.4469	1.5689	0.377	1.146	0.2349	1.5352	0.3245	0.4471	1.3385	1.3979		
		0.8019	1.0238	0.457	3.138	2.2897	2.1159	2.2573	0.5267	2.875	0.3632	0.7607	2.8963		0.4178	0.543	0.247	1.5799	1.2557	1.3938	1.3147	0.2624	1.601	0.1981	0.3768	1.371		
		1.5285	2.0924	2.2864	1.0316	0.7721	1.0047	1.4873	0.5914	0.7976	2.8545	2.404	2.6496		0.8252	0.7224	0.8155	0.5422	0.4413	0.5452	0.7016	0.2382	0.4113	0.9899	0.8417	1.0826		
		1.6405	0.958	0.9124	2.3966	0.1411	0.3879	0.5875	2.0542	0.5329	3.1065	2.124	2.8187		0.7819	0.6893	0.4547	0.7576	0.1178	0.2283	0.3137	0.9314	0.302	1.5597	0.7738	1.0001		
		0.6222	0.8572	0.3391	1.0786	0.3952	0.7913	0.3769	0.4156	1.5116	0.2916	0.3354	0.2749		0.284	0.5098	0.2032	0.4358	0.2391	0.4261	0.2279	0.1869	0.7313	0.1853	0.1907	0.1688		
		
~End
Copyright © 2003 Molecular Devices. All rights reserved.
