##BLOCKS= 1          
Plate:	Plate#1	1.3	PlateFormat	Endpoint	Absorbance	Raw	FALSE	1						2	490 750	1	12	96	1	8	None	
	Temperature(¡C)	1	2	3	4	5	6	7	8	9	10	11	12		1	2	3	4	5	6	7	8	9	10	11	12		
	23.00	0.492	1.9371	0.3737	1.1568	0.3318	0.8056	2.3381	0.7426	1.9741	0.9005	1.273	2.6315		0.2578	1.0084	0.1984	0.6836	0.1939	0.4846	1.2283	0.428	1.2346	0.6164	0.5312	1.3483		
		0.3713	0.318	2.6395	2.2711	2.6846	0.9178	1.6096	1.9655	2.307	1.618	0.536	3.0309		0.2904	0.2017	1.4224	1.3883	1.364	0.4917	1.1029	1.0477	1.3121	0.9555	0.2698	1.52		
		0.6902	0.1726	2.4678	1.3746	2.4407	2.3466	2.6668	1.7007	1.3702	0.6072	2.8533	2.9048		0.4003	0.1375	0.8534	0.874	1.0856	1.2218	1.099	1.0911	0.8778	0.3233	1.6137	1.5163		
		2.3984	2.8431	1.056	2.7331	0.6166	1.7385	0.5142	2.6432	0.7634	0.6934	2.7811	2.7324		1.4606	1.4697	0.5514	1.586	0.3436	1.1532	0.2548	1.4459	0.3562	0.355	1.3196	1.3918		
		0.7847	1.0121	0.48	2.4336	1.4343	1.9071	2.1317	0.5121	2.7243	0.4072	0.367	2.8225		0.3646	0.5773	0.2673	1.2615	0.8767	1.2657	1.2527	0.2731	1.5535	0.2129	0.201	1.3529		
		1.4234	1.5663	2.5888	1.1455	0.9031	0.9467	1.7445	0.6681	0.6759	2.9986	2.2261	2.4672		0.7849	0.5823	0.944	0.6234	0.5176	0.4947	0.811	0.2614	0.354	1.1504	0.6909	1.0011		
		1.3221	0.7166	0.9348	2.5146	2.4242	0.3827	0.5225	2.3602	0.4959	1.8642	1.884	1.7216		0.6965	0.4768	0.4727	0.7273	1.1654	0.2418	0.296	1.0815	0.2876	0.8091	0.8054	0.813		
		0.538	0.9545	0.4186	1.2059	0.3882	1.0353	0.2902	0.391	1.4198	0.3006	0.3046	0.364		0.2555	0.5517	0.2415	0.474	0.2541	0.5444	0.1795	0.1991	0.7149	0.1878	0.1785	0.2166		
		
~End
Copyright © 2003 Molecular Devices. All rights reserved.
