##BLOCKS= 1          
Plate:	Plate#1	1.3	PlateFormat	Endpoint	Absorbance	Raw	FALSE	1						2	490 750	1	12	96	1	8	None	
	Temperature(¡C)	1	2	3	4	5	6	7	8	9	10	11	12		1	2	3	4	5	6	7	8	9	10	11	12		
	23.00	0.4578	1.9011	0.3315	0.9777	0.4158	0.766	2.6532	0.7393	3.1402	1.2337	1.3869	2.8594		0.2314	1.017	0.1718	0.5541	0.2355	0.4606	1.3501	0.4201	1.6985	0.859	0.6197	1.4435		
		0.5915	0.3456	2.6762	2.3999	2.7112	0.9536	1.9077	1.7969	2.6077	1.5974	0.4425	2.542		0.4519	0.2083	1.4116	1.4303	1.5027	0.5185	1.2572	0.9419	1.3646	0.9091	0.2182	1.3071		
		0.5742	0.1306	2.5354	1.6815	2.6195	2.4279	2.6144	1.7596	1.3172	0.5827	2.792	2.8284		0.3227	0.101	0.8715	0.9908	1.1292	1.2974	1.0917	1.1396	0.7743	0.3187	1.5659	1.5846		
		2.3921	2.5588	1.1813	2.6064	0.6492	1.72	0.4617	2.7676	0.8487	0.8393	2.851	2.3552		1.3927	1.3318	0.6174	1.4933	0.3384	1.1617	0.2358	1.5185	0.4015	0.4221	1.3769	1.278		
		0.8519	1.2035	0.6099	2.1986	1.1364	2.0231	2.145	0.4577	2.9305	0.4062	0.5035	3.0271		0.4087	0.6619	0.335	1.1908	0.6732	1.3256	1.2294	0.2517	1.6607	0.2172	0.2678	1.4459		
		1.2994	1.5967	2.228	1.0069	0.7906	0.8797	1.5693	0.6877	0.7331	2.7575	2.3856	2.5245		0.7473	0.5901	0.7069	0.537	0.451	0.4961	0.7455	0.2799	0.3766	0.9378	0.7531	1.0802		
		1.4923	0.9689	1.0088	2.5725	0.1207	0.3525	0.5293	2.2964	0.5094	2.4753	2.1203	2.1842		0.7487	0.6444	0.4983	0.8232	0.1009	0.2283	0.2956	1.0377	0.2894	0.9806	0.8649	0.9427		
		0.5221	0.8014	0.422	0.9737	0.3228	0.8116	0.3444	0.4099	1.4741	0.6398	0.3355	0.3061		0.2322	0.4538	0.2534	0.436	0.2178	0.4274	0.2055	0.2074	0.7365	0.5195	0.1986	0.1842		
		
~End
Copyright © 2003 Molecular Devices. All rights reserved.
