##BLOCKS= 1          
Plate:	Plate#1	1.3	PlateFormat	Endpoint	Absorbance	Raw	FALSE	1						2	490 750	1	12	96	1	8	None	
	Temperature(¡C)	1	2	3	4	5	6	7	8	9	10	11	12		1	2	3	4	5	6	7	8	9	10	11	12		
	23.90	0.2042	0.1617	0.1432	0.145	0.1321	0.1266	0.1389	0.1437	0.1445	0.1544	0.1608	0.1546		0.1427	0.1116	0.1187	0.1152	0.1075	0.1025	0.108	0.1091	0.1092	0.1277	0.1292	0.1235		
		0.4944	0.1456	0.2481	0.1442	0.1788	0.1489	0.1702	0.2694	0.1637	0.1494	0.1602	0.1554		0.4163	0.1204	0.1767	0.116	0.1444	0.1158	0.1387	0.2174	0.1311	0.1228	0.1168	0.123		
		0.1628	0.1353	0.1523	0.144	0.1553	0.1555	0.158	0.1314	0.1348	0.1508	0.1461	0.1471		0.1166	0.1058	0.1192	0.1152	0.1167	0.1276	0.1253	0.1078	0.1103	0.1259	0.1184	0.1198		
		0.1424	0.1351	0.149	0.1519	0.1394	0.1408	0.1346	0.1553	0.1411	0.14	0.1469	0.1359		0.1124	0.1084	0.1207	0.1186	0.1139	0.1114	0.106	0.12	0.1183	0.116	0.1214	0.1145		
		0.2157	0.1508	0.1335	0.1324	0.1382	0.1499	0.1524	0.127	0.1476	0.1501	0.1446	0.1679		0.1363	0.1213	0.109	0.1072	0.1076	0.1233	0.124	0.1034	0.1209	0.1241	0.1182	0.1248		
		0.1515	0.1365	0.1401	0.1562	0.1492	0.1472	0.1639	0.1601	0.1407	0.1331	0.1445	0.1494		0.128	0.1164	0.117	0.13	0.1238	0.1205	0.1249	0.13	0.1161	0.1086	0.119	0.1229		
		0.1188	0.3701	0.1464	0.1256	0.1378	0.1627	0.1488	0.157	0.1334	0.1538	0.1305	0.1371		0.098	0.3327	0.1224	0.1042	0.1144	0.1355	0.1212	0.1271	0.1054	0.1237	0.1063	0.1144		
		0.1376	0.135	0.1419	0.1392	0.1447	0.1386	0.1306	0.1302	0.1325	0.1368	0.1268	0.1436		0.115	0.1079	0.1134	0.1157	0.1209	0.1142	0.1054	0.1037	0.1062	0.1125	0.104	0.1151		
		
~End
Copyright © 2003 Molecular Devices. All rights reserved.
