##BLOCKS= 1          
Plate:	Plate#1	1.3	PlateFormat	Endpoint	Absorbance	Raw	FALSE	1						2	490 750	1	12	96	1	8	None	
	Temperature(¡C)	1	2	3	4	5	6	7	8	9	10	11	12		1	2	3	4	5	6	7	8	9	10	11	12		
	23.90	0.1263	0.1583	0.1335	0.1296	0.1325	0.1322	0.1483	0.1401	0.1507	0.1462	0.1412	0.1637		0.1006	0.11	0.1091	0.1047	0.1079	0.1077	0.1192	0.1058	0.1157	0.1198	0.1133	0.132		
		0.5214	0.1468	0.3158	0.1404	0.1431	0.1479	0.1328	0.2808	0.1522	0.1632	0.1451	0.1355		0.4334	0.1199	0.2253	0.1145	0.1138	0.1158	0.1073	0.2306	0.1221	0.1382	0.1048	0.108		
		0.1399	0.1418	0.1274	0.1369	0.1681	0.1579	0.1497	0.1468	0.1361	0.1428	0.1311	0.1369		0.1079	0.1142	0.1017	0.1118	0.1281	0.1286	0.1198	0.1211	0.1114	0.117	0.108	0.1113		
		0.1386	0.1534	0.1419	0.1395	0.1377	0.1457	0.1424	0.1552	0.147	0.1397	0.1337	0.1671		0.105	0.1239	0.1063	0.1137	0.1104	0.1174	0.1165	0.1247	0.1149	0.1141	0.1103	0.1378		
		0.1935	0.1502	0.1361	0.1289	0.131	0.1375	0.1415	0.1346	0.1806	0.1349	0.1376	0.1521		0.1186	0.1219	0.1127	0.1043	0.1019	0.1129	0.1158	0.1099	0.15	0.1103	0.1141	0.1116		
		0.1359	0.156	0.1345	0.1536	0.1623	0.143	0.1543	0.1478	0.1436	0.1798	0.1371	0.1308		0.1148	0.1318	0.1127	0.1288	0.134	0.1177	0.1151	0.1215	0.1171	0.1473	0.1126	0.1073		
		0.1194	0.2927	0.1429	0.1448	0.1334	0.1577	0.1329	0.1371	0.138	0.134	0.1276	0.1246		0.0982	0.2662	0.1199	0.1193	0.1111	0.1317	0.1072	0.1098	0.1089	0.1067	0.1052	0.1035		
		0.2648	0.1264	0.1329	0.1296	0.129	0.1317	0.1364	0.1277	0.1447	0.141	0.1286	0.1318		0.1936	0.1023	0.1069	0.1078	0.1074	0.1074	0.1096	0.1009	0.1136	0.1141	0.1059	0.1053		
		
~End
Copyright © 2003 Molecular Devices. All rights reserved.
