##BLOCKS= 1          
Plate:	Plate#1	1.3	PlateFormat	Endpoint	Absorbance	Raw	FALSE	1						2	490 750	1	12	96	1	8	None	
	Temperature(¡C)	1	2	3	4	5	6	7	8	9	10	11	12		1	2	3	4	5	6	7	8	9	10	11	12		
	24.00	0.8935	1.1174	0.3759	0.3847	0.2855	0.4673	0.6168	0.188	0.3705	0.3344	0.65	0.9864		0.3138	0.4941	0.1708	0.1875	0.1618	0.2104	0.2033	0.1241	0.2615	0.1714	0.2915	0.397		
		0.5804	0.2162	1.1276	0.7691	0.6468	0.329	0.3547	0.5869	0.7953	0.3093	0.3575	1.0543		0.4716	0.1715	0.623	0.2924	0.3074	0.18	0.1643	0.4815	0.3928	0.1792	0.1563	0.4343		
		0.6447	0.1359	0.3132	0.2409	1.2055	0.5027	0.3535	0.2145	0.2736	0.413	0.2763	0.6552		0.2318	0.1025	0.1641	0.1322	0.6091	0.1999	0.2206	0.1274	0.1511	0.2133	0.1383	0.3522		
		0.54	0.6001	0.3464	0.8919	0.2584	0.2737	0.2672	0.8353	0.4842	0.3735	0.7475	0.4479		0.3108	0.2939	0.2031	0.3901	0.1438	0.1504	0.1481	0.3786	0.2688	0.1723	0.3787	0.1858		
		0.3649	0.6946	0.3453	0.4742	0.2829	0.2546	1.5424	0.411	0.9596	0.9747	0.3471	0.6007		0.2916	0.3235	0.1839	0.2544	0.1281	0.1517	0.6711	0.1896	0.4188	0.528	0.163	0.3415		
		0.371	0.3843	0.2859	0.486	0.1918	0.2511	0.3401	0.3328	0.3099	0.4772	0.2823	1.1049		0.2771	0.3214	0.1852	0.4061	0.1588	0.1598	0.1607	0.2683	0.1711	0.2574	0.175	0.4312		
		0.1659	0.3651	0.2012	0.399	0.1815	0.2494	0.252	0.5556	0.5177	0.4714	0.4225	0.6699		0.11	0.295	0.1648	0.2456	0.1434	0.2024	0.131	0.2464	0.2177	0.2091	0.2538	0.2922		
		0.2277	0.2579	0.2741	0.1978	0.33	0.2927	0.3179	0.1719	0.6899	0.3169	0.3192	0.3024		0.1455	0.1381	0.1453	0.1531	0.27	0.1553	0.1525	0.1307	0.2568	0.1734	0.1439	0.1423		
		
~End
Copyright © 2003 Molecular Devices. All rights reserved.
