##BLOCKS= 1          
Plate:	Plate#1	1.3	PlateFormat	Endpoint	Absorbance	Raw	FALSE	1						2	490 750	1	12	96	1	8	None	
	Temperature(¡C)	1	2	3	4	5	6	7	8	9	10	11	12		1	2	3	4	5	6	7	8	9	10	11	12		
	24.00	0.5389	1.2546	0.3369	0.3981	0.4514	0.4328	0.8484	0.216	0.4554	0.6994	0.4918	0.7619		0.2129	0.3734	0.1543	0.1637	0.1711	0.1603	0.2691	0.143	0.2645	0.2778	0.2215	0.3292		
		0.4992	0.1972	0.7884	0.3524	0.5658	0.4501	0.5553	0.4381	0.9424	0.2637	0.3347	0.8529		0.3965	0.1391	0.4059	0.14	0.2181	0.1729	0.2392	0.3562	0.3945	0.1371	0.1432	0.3591		
		0.4758	0.1294	0.3265	0.2334	0.7322	0.7622	0.3224	0.4828	0.5991	0.5989	0.5837	0.3147		0.1693	0.099	0.1542	0.1205	0.3084	0.2528	0.1748	0.2591	0.2474	0.237	0.1899	0.1587		
		0.5404	0.7598	0.7857	1.2858	0.4894	0.344	0.4188	0.6528	0.9083	0.4826	1.3649	0.5004		0.1906	0.3597	0.3205	0.5408	0.1601	0.1516	0.1921	0.313	0.4634	0.1903	0.5668	0.187		
		0.3529	0.8053	0.4208	0.5572	0.4542	0.4579	0.8134	0.5033	0.5229	0.6981	0.4999	0.5567		0.2103	0.3159	0.1626	0.2267	0.1702	0.1797	0.3646	0.2109	0.2649	0.3345	0.2013	0.3511		
		0.3999	0.2561	0.3729	0.4748	0.1628	0.2532	0.5065	0.2028	0.5189	0.3083	0.3031	0.6951		0.3784	0.2206	0.2261	0.3946	0.1308	0.137	0.2112	0.1639	0.2466	0.1714	0.1529	0.2799		
		0.2558	0.309	0.3626	0.7741	0.1309	0.2089	0.6595	0.7682	0.6492	0.581	0.3263	1.2565		0.1217	0.2561	0.2973	0.3752	0.0992	0.1657	0.2886	0.2932	0.2593	0.2469	0.1679	0.5983		
		0.5143	0.4269	0.2708	0.2722	0.34	0.3114	0.8893	0.2461	0.4705	0.4543	0.3144	0.2855		0.1907	0.1725	0.1328	0.1792	0.2796	0.1398	0.3649	0.1864	0.183	0.2084	0.1412	0.1354		
		
~End
Copyright © 2003 Molecular Devices. All rights reserved.
