##BLOCKS= 1          
Plate:	Plate#1	1.3	PlateFormat	Endpoint	Absorbance	Raw	FALSE	1						2	490 750	1	12	96	1	8	None	
	Temperature(¡C)	1	2	3	4	5	6	7	8	9	10	11	12		1	2	3	4	5	6	7	8	9	10	11	12		
	22.80	0.1759	0.3267	0.1778	0.3537	0.2005	0.4584	0.2373	0.2085	0.4496	0.2577	0.2284	0.2874		0.1343	0.1565	0.1458	0.2841	0.167	0.3751	0.187	0.1501	0.3552	0.2055	0.1735	0.2322		
		0.5694	0.1792	0.5349	0.3102	0.4228	0.1801	0.2529	0.3667	0.4456	0.239	0.1646	0.2501		0.4526	0.1481	0.3927	0.2513	0.3524	0.1433	0.2119	0.2854	0.3693	0.1908	0.126	0.201		
		0.2069	0.1638	0.2244	0.3131	0.2788	0.3766	0.2565	0.2007	0.3061	0.2307	0.2381	0.415		0.1345	0.1284	0.1819	0.2442	0.2181	0.3193	0.205	0.1649	0.2543	0.1916	0.1945	0.3332		
		0.2043	0.424	0.3755	0.7487	0.1957	0.231	0.1722	0.3099	0.3244	0.1783	0.4593	0.3557		0.1667	0.3843	0.3002	0.5991	0.1607	0.1905	0.1388	0.2509	0.2683	0.1429	0.3692	0.2787		
		0.3234	0.2382	0.1922	0.3732	0.2077	0.3701	0.4079	0.166	0.3634	0.2025	0.1694	0.4219		0.1992	0.1703	0.153	0.3024	0.1652	0.2936	0.3338	0.135	0.2995	0.1605	0.1347	0.3208		
		0.355	0.5152	0.2582	0.2558	0.3756	0.2868	0.218	0.2786	0.1919	0.1855	0.1662	0.4137		0.3022	0.425	0.2075	0.1959	0.2997	0.2157	0.1505	0.2181	0.1573	0.1495	0.1355	0.3342		
		0.4689	0.3762	0.3845	0.2857	0.1893	0.2601	0.2221	0.2034	0.1819	0.2016	0.1879	0.1637		0.2559	0.3016	0.3105	0.2345	0.1431	0.2058	0.1699	0.1546	0.1358	0.1495	0.153	0.1352		
		0.2019	0.1992	0.2034	0.2391	0.2013	0.2202	0.1799	0.2356	0.2207	0.1877	0.1881	0.1929		0.1574	0.1496	0.1517	0.1951	0.1555	0.1667	0.1347	0.165	0.1526	0.14	0.1382	0.1436		
		
~End
Copyright © 2003 Molecular Devices. All rights reserved.
