##BLOCKS= 1          
Plate:	Plate#1	1.3	PlateFormat	Endpoint	Absorbance	Raw	FALSE	1						2	490 750	1	12	96	1	8	None	
	Temperature(¡C)	1	2	3	4	5	6	7	8	9	10	11	12		1	2	3	4	5	6	7	8	9	10	11	12		
	22.90	0.1285	0.1676	0.1298	0.1343	0.1292	0.1346	0.1468	0.1568	0.1479	0.133	0.15	0.1456		0.0977	0.111	0.1066	0.1069	0.1052	0.1098	0.1139	0.1225	0.1146	0.1089	0.1196	0.1158		
		0.5032	0.1333	0.3119	0.1354	0.1476	0.1329	0.1409	0.1482	0.1461	0.128	0.1635	0.1555		0.4395	0.1142	0.2132	0.1066	0.1163	0.1037	0.112	0.1223	0.1164	0.1071	0.1185	0.1242		
		0.1484	0.1436	0.1529	0.1422	0.168	0.1414	0.1442	0.1364	0.1345	0.1282	0.1402	0.1431		0.1139	0.1118	0.1204	0.1143	0.1245	0.1131	0.114	0.1116	0.1101	0.1053	0.1145	0.1161		
		0.1349	0.1522	0.1333	0.1465	0.1473	0.1497	0.1364	0.1392	0.1406	0.1534	0.1351	0.1438		0.1076	0.1218	0.106	0.1218	0.1193	0.1215	0.112	0.1084	0.1114	0.1268	0.1093	0.1213		
		0.1828	0.1344	0.1216	0.1333	0.1419	0.1402	0.1673	0.1258	0.1653	0.1361	0.1255	0.1531		0.1107	0.1112	0.0979	0.1074	0.1113	0.1139	0.1325	0.1033	0.1333	0.1099	0.1037	0.112		
		0.1584	0.1316	0.1709	0.1644	0.1922	0.1444	0.1557	0.1821	0.1478	0.1403	0.1398	0.1455		0.1331	0.1107	0.1418	0.1382	0.1573	0.1179	0.1176	0.1468	0.1207	0.1134	0.1151	0.1204		
		0.1287	0.3128	0.1443	0.1331	0.1221	0.1455	0.1273	0.1318	0.1303	0.1385	0.1556	0.1192		0.1021	0.2651	0.12	0.1102	0.1019	0.1194	0.1031	0.1045	0.1032	0.1097	0.1308	0.0998		
		0.1407	0.1415	0.172	0.1364	0.1722	0.1299	0.1446	0.1459	0.1458	0.1476	0.1277	0.1282		0.1126	0.1119	0.1372	0.113	0.1439	0.1028	0.1153	0.1095	0.1113	0.1203	0.1038	0.1039		
		
~End
Copyright © 2003 Molecular Devices. All rights reserved.
