##BLOCKS= 1          
Plate:	Plate#1	1.3	PlateFormat	Endpoint	Absorbance	Raw	FALSE	1						2	490 750	1	12	96	1	8	None	
	Temperature(¡C)	1	2	3	4	5	6	7	8	9	10	11	12		1	2	3	4	5	6	7	8	9	10	11	12		
	23.00	0.1497	0.1732	0.139	0.1444	0.1386	0.1322	0.1756	0.1596	0.1608	0.1417	0.1511	0.1891		0.1138	0.1189	0.113	0.1145	0.1122	0.1069	0.1344	0.1191	0.1209	0.1173	0.1211	0.153		
		0.5929	0.1449	0.4019	0.136	0.1364	0.1396	0.1479	0.1988	0.1609	0.1366	0.1544	0.182		0.5009	0.1164	0.2747	0.1073	0.1056	0.1076	0.1157	0.1642	0.1263	0.1118	0.1079	0.1449		
		0.1419	0.1428	0.131	0.1384	0.1688	0.1677	0.1536	0.1441	0.1307	0.1358	0.1502	0.1655		0.1065	0.1127	0.1038	0.1124	0.1248	0.1318	0.1224	0.1186	0.1049	0.1113	0.1213	0.1329		
		0.1364	0.1548	0.1418	0.1419	0.1523	0.1391	0.1414	0.1623	0.1382	0.134	0.1401	0.1492		0.1053	0.1217	0.1157	0.1117	0.1209	0.1125	0.1117	0.1242	0.1135	0.1077	0.1137	0.1209		
		0.2163	0.1486	0.1361	0.1336	0.1368	0.1424	0.1748	0.1386	0.1654	0.1435	0.1304	0.1872		0.1234	0.1205	0.1096	0.1076	0.1046	0.1149	0.1367	0.1131	0.1311	0.1154	0.1073	0.1369		
		0.1733	0.1392	0.1677	0.1549	0.1686	0.1564	0.1531	0.1894	0.1316	0.1543	0.1488	0.1606		0.1388	0.1159	0.138	0.1281	0.1386	0.1294	0.1129	0.1539	0.1079	0.1259	0.1217	0.1327		
		0.1309	0.3061	0.1451	0.1362	0.1292	0.1501	0.1499	0.1554	0.1324	0.1548	0.1392	0.1257		0.1071	0.2699	0.12	0.1121	0.1068	0.1236	0.1203	0.1241	0.1045	0.1233	0.1143	0.1043		
		0.1336	0.1486	0.1697	0.1421	0.1807	0.1456	0.1447	0.1369	0.1392	0.1297	0.1475	0.1381		0.1101	0.1181	0.1348	0.1173	0.1518	0.1161	0.1144	0.1105	0.1067	0.105	0.1203	0.1093		
		
~End
Copyright © 2003 Molecular Devices. All rights reserved.
