##BLOCKS= 1          
Plate:	Plate#1	1.3	PlateFormat	Endpoint	Absorbance	Raw	FALSE	1						2	490 750	1	12	96	1	8	None	
	Temperature(¡C)	1	2	3	4	5	6	7	8	9	10	11	12		1	2	3	4	5	6	7	8	9	10	11	12		
	23.60	0.1351	0.1754	0.1366	0.1333	0.1336	0.1335	0.1408	0.1462	0.1548	0.1419	0.133	0.146		0.1067	0.12	0.1124	0.1096	0.1104	0.1099	0.1133	0.1113	0.1195	0.1166	0.1093	0.1202		
		0.4767	0.1311	0.4362	0.137	0.135	0.1274	0.1435	0.1321	0.1277	0.1337	0.1546	0.1318		0.4049	0.1097	0.2989	0.1104	0.111	0.1025	0.1177	0.1105	0.1049	0.1108	0.119	0.1074		
		0.135	0.1455	0.1377	0.1469	0.1529	0.1334	0.1492	0.1407	0.1413	0.1457	0.1318	0.1401		0.1126	0.1206	0.1133	0.1243	0.1142	0.1089	0.1219	0.1147	0.1148	0.1191	0.1072	0.1168		
		0.1332	0.1341	0.1382	0.1503	0.1348	0.142	0.1425	0.1376	0.1348	0.1363	0.1406	0.1499		0.1071	0.1107	0.1148	0.124	0.1071	0.1106	0.1141	0.113	0.1069	0.1086	0.1188	0.1224		
		0.1873	0.1356	0.1508	0.1449	0.1345	0.1358	0.1367	0.1392	0.1347	0.1329	0.1386	0.1771		0.1178	0.1135	0.1238	0.1184	0.1087	0.1118	0.1114	0.1148	0.1097	0.1084	0.114	0.1308		
		0.1399	0.1388	0.136	0.1442	0.1522	0.1487	0.1578	0.1411	0.132	0.1525	0.1338	0.1624		0.1181	0.1186	0.1125	0.122	0.1259	0.1226	0.1208	0.1142	0.1076	0.1246	0.1095	0.1392		
		0.131	0.3251	0.126	0.14	0.139	0.134	0.1424	0.1487	0.1434	0.1542	0.1395	0.1292		0.1057	0.293	0.1058	0.1165	0.116	0.1121	0.1159	0.1181	0.1163	0.1222	0.1128	0.1042		
		0.1426	0.1409	0.1314	0.1405	0.136	0.1403	0.1361	0.163	0.1342	0.1388	0.1322	0.1357		0.1158	0.1109	0.1074	0.1158	0.1134	0.1111	0.1093	0.1239	0.1068	0.1129	0.1082	0.1098		
		
~End
Copyright © 2003 Molecular Devices. All rights reserved.
