##BLOCKS= 1          
Plate:	Plate#1	1.3	PlateFormat	Endpoint	Absorbance	Raw	FALSE	1						2	490 750	1	12	96	1	8	None	
	Temperature(¡C)	1	2	3	4	5	6	7	8	9	10	11	12		1	2	3	4	5	6	7	8	9	10	11	12		
	21.70	0.1379	0.1967	0.1311	0.1262	0.1304	0.1336	0.1327	0.146	0.1509	0.1375	0.1339	0.1384		0.1032	0.1149	0.1046	0.0996	0.1051	0.1077	0.1049	0.1045	0.1112	0.1055	0.1069	0.1067		
		0.5274	0.1443	0.2842	0.1436	0.1334	0.1317	0.1311	0.1328	0.1428	0.1494	0.153	0.134		0.4153	0.1161	0.1869	0.1113	0.1057	0.1054	0.106	0.1084	0.114	0.1195	0.1075	0.1039		
		0.1442	0.1318	0.1426	0.1362	0.1689	0.1379	0.1353	0.1614	0.1308	0.132	0.1242	0.1459		0.118	0.1065	0.1115	0.1099	0.1269	0.1089	0.1069	0.1325	0.1042	0.1043	0.0993	0.1177		
		0.1482	0.1306	0.1399	0.1514	0.1448	0.1376	0.1422	0.1387	0.1328	0.1378	0.1343	0.1345		0.1172	0.1065	0.1105	0.1211	0.1149	0.106	0.1155	0.1114	0.1072	0.1087	0.1092	0.1077		
		0.1874	0.1289	0.1276	0.1409	0.1399	0.1372	0.1331	0.1284	0.1607	0.131	0.1338	0.1583		0.1088	0.1054	0.1015	0.1097	0.109	0.1082	0.1049	0.102	0.1273	0.1047	0.106	0.1126		
		0.146	0.1416	0.1381	0.1418	0.1432	0.139	0.1465	0.1385	0.1362	0.1381	0.1394	0.139		0.1226	0.1162	0.1124	0.1151	0.1135	0.112	0.1081	0.1119	0.1072	0.1093	0.1097	0.1111		
		0.123	0.3413	0.1334	0.1397	0.1352	0.1366	0.132	0.1348	0.1353	0.1395	0.1271	0.128		0.0994	0.3032	0.1078	0.1115	0.1086	0.111	0.1043	0.104	0.1038	0.1069	0.1022	0.1042		
		0.1397	0.1328	0.1359	0.1467	0.137	0.1337	0.1323	0.1495	0.1397	0.2783	0.1254	0.1391		0.1154	0.1031	0.105	0.1158	0.1098	0.1035	0.1018	0.1134	0.1071	0.2489	0.1006	0.1089		
		
~End
Copyright © 2003 Molecular Devices. All rights reserved.
