##BLOCKS= 1          
Plate:	Plate#1	1.3	PlateFormat	Endpoint	Absorbance	Raw	FALSE	1						2	490 750	1	12	96	1	8	None	
	Temperature(¡C)	1	2	3	4	5	6	7	8	9	10	11	12		1	2	3	4	5	6	7	8	9	10	11	12		
	21.80	0.1472	0.195	0.1318	0.1383	0.1457	0.1292	0.1311	0.1505	0.152	0.1485	0.9599	0.1456		0.1066	0.1122	0.1037	0.1081	0.1162	0.1037	0.1043	0.1083	0.1122	0.1156	0.3715	0.1087		
		0.5065	0.3513	0.3912	0.1457	0.1322	0.132	0.1459	0.1597	0.1531	0.1387	0.1626	0.1348		0.3957	0.2846	0.2618	0.1143	0.1035	0.1037	0.1148	0.1258	0.1221	0.1074	0.1132	0.1026		
		0.1478	0.1398	0.146	0.1295	0.1814	0.1729	0.1501	0.1416	0.1341	0.1362	0.1369	0.1328		0.1167	0.1098	0.1149	0.1055	0.1361	0.1386	0.1193	0.1136	0.1048	0.107	0.1078	0.1066		
		0.1483	0.1287	0.134	0.1422	0.1468	0.1561	0.1397	0.1373	0.1558	0.1432	0.1295	0.1358		0.1148	0.1057	0.1048	0.1104	0.116	0.1248	0.1113	0.1094	0.127	0.1159	0.1056	0.1109		
		0.1864	0.1313	0.1346	0.1552	0.1432	0.154	0.1442	0.1297	0.1405	0.1595	0.1447	0.1632		0.1041	0.1064	0.1057	0.1209	0.1123	0.12	0.1145	0.1043	0.11	0.1278	0.1156	0.1135		
		0.1373	0.1386	0.1389	0.1304	0.1393	0.1301	0.1532	0.1364	0.1485	0.1323	0.1298	0.138		0.1142	0.1132	0.1116	0.1069	0.1119	0.1056	0.1139	0.1084	0.1172	0.1046	0.1058	0.1097		
		0.1313	0.2681	0.1439	0.1369	0.1374	0.1727	0.1325	0.1377	0.1492	0.1571	0.1284	0.2985		0.1096	0.1991	0.117	0.1087	0.1128	0.142	0.1048	0.1045	0.1125	0.1197	0.1032	0.2476		
		0.1578	0.145	0.1494	0.1399	0.145	0.1418	0.1299	0.1972	0.1483	0.1422	0.1299	0.1478		0.1105	0.1112	0.1208	0.1133	0.1172	0.111	0.0994	0.1337	0.1126	0.1136	0.1039	0.1149		
		
~End
Copyright © 2003 Molecular Devices. All rights reserved.
