##BLOCKS= 1          
Plate:	Plate#1	1.3	PlateFormat	Endpoint	Absorbance	Raw	FALSE	1						2	490 750	1	12	96	1	8	None	
	Temperature(¡C)	1	2	3	4	5	6	7	8	9	10	11	12		1	2	3	4	5	6	7	8	9	10	11	12		
	23.30	0.1265	0.174	0.1304	0.1985	0.1263	0.1412	0.1317	0.1467	0.1355	0.1238	0.1258	0.1406		0.1007	0.1117	0.1078	0.1692	0.1051	0.1174	0.1072	0.1068	0.0996	0.1018	0.1044	0.1174		
		0.332	0.1309	0.2915	0.1381	0.1315	0.1322	0.1317	0.1877	0.1313	0.1296	0.1378	0.1336		0.2792	0.112	0.2127	0.1124	0.1073	0.1067	0.1087	0.1608	0.1076	0.1088	0.1082	0.1077		
		0.1413	0.1295	0.1363	0.1409	0.1512	0.1518	0.1441	0.1293	0.1297	0.1217	0.1245	0.1295		0.1072	0.1075	0.1107	0.1122	0.1174	0.1271	0.1128	0.1075	0.108	0.1012	0.1029	0.1087		
		0.1311	0.1277	0.1275	0.1322	0.1373	0.1384	0.1358	0.1271	0.1337	0.1328	0.1262	0.1199		0.1084	0.1043	0.106	0.1101	0.1123	0.1146	0.1141	0.1062	0.1124	0.1069	0.1055	0.1		
		0.2	0.1372	0.1303	0.1311	0.1432	0.1734	0.1398	0.1352	0.1329	0.1325	0.1232	0.146		0.1123	0.1128	0.1069	0.1078	0.1156	0.144	0.1147	0.1106	0.1077	0.1087	0.1029	0.1033		
		0.1217	0.1387	0.1291	0.142	0.1364	0.1309	0.1506	0.1476	0.134	0.1438	0.1334	0.1289		0.1045	0.1167	0.1076	0.117	0.1114	0.1079	0.1085	0.1184	0.1114	0.1182	0.1124	0.1077		
		0.1147	0.2721	0.1277	0.131	0.1341	0.1387	0.1371	0.1346	0.1311	0.1421	0.1267	0.1215		0.0949	0.2479	0.1074	0.1103	0.1105	0.1141	0.1111	0.1086	0.1043	0.1139	0.1051	0.1019		
		0.1276	0.1307	0.1343	0.1415	0.1422	0.1297	0.1285	0.1614	0.1234	0.2049	0.1228	0.1339		0.1055	0.1061	0.1071	0.1181	0.1172	0.1049	0.1056	0.1196	0.1029	0.181	0.1035	0.1083		
		
~End
Copyright © 2003 Molecular Devices. All rights reserved.
