##BLOCKS= 1          
Plate:	Plate#1	1.3	PlateFormat	Endpoint	Absorbance	Raw	FALSE	1						2	490 750	1	12	96	1	8	None	
	Temperature(¡C)	1	2	3	4	5	6	7	8	9	10	11	12		1	2	3	4	5	6	7	8	9	10	11	12		
	23.30	0.1425	0.1658	0.1303	0.1353	0.13	0.1263	0.1369	0.1444	0.1386	0.141	0.1325	0.14		0.1151	0.1111	0.1074	0.1115	0.1076	0.1053	0.1111	0.1071	0.1009	0.1163	0.1087	0.1142		
		0.3396	0.1416	0.3709	0.1295	0.131	0.1346	0.1448	0.1397	0.133	0.1222	0.1372	0.1498		0.3155	0.1267	0.2733	0.1064	0.1067	0.1095	0.1205	0.1159	0.1085	0.1019	0.1083	0.1214		
		0.1477	0.1349	0.1416	0.155	0.1525	0.1409	0.1441	0.1311	0.1304	0.1247	0.136	0.1388		0.1038	0.1101	0.115	0.126	0.1182	0.116	0.1106	0.1079	0.1077	0.1032	0.1109	0.1167		
		0.1406	0.1403	0.1301	0.1363	0.1295	0.1271	0.1278	0.1271	0.1286	0.1392	0.1326	0.1327		0.1098	0.1178	0.1058	0.1146	0.1092	0.1047	0.1061	0.106	0.1069	0.1139	0.1163	0.1115		
		0.1988	0.1326	0.1289	0.1323	0.1334	0.1348	0.1396	0.1355	0.1362	0.1282	0.1255	0.1463		0.1118	0.11	0.1065	0.1077	0.1077	0.1108	0.1143	0.1119	0.1118	0.1053	0.1054	0.1036		
		0.1363	0.1442	0.1415	0.1374	0.1268	0.1374	0.1612	0.1333	0.1286	0.1824	0.13	0.1257		0.111	0.1224	0.117	0.1144	0.1057	0.1135	0.1112	0.107	0.1067	0.1596	0.1098	0.1061		
		0.1213	0.3946	0.1335	0.1429	0.1353	0.1338	0.1305	0.1419	0.1287	0.1352	0.1236	0.1332		0.1056	0.3438	0.1133	0.1192	0.1115	0.1116	0.1059	0.1141	0.1015	0.1072	0.1023	0.1102		
		0.1282	0.1398	0.145	0.1329	0.1334	0.1323	0.1306	0.1355	0.1428	0.1449	0.1289	0.1429		0.1081	0.1113	0.1101	0.112	0.1117	0.1074	0.1065	0.1087	0.1183	0.1198	0.1075	0.1149		
		
~End
Copyright © 2003 Molecular Devices. All rights reserved.
