##BLOCKS= 1          
Plate:	Plate#1	1.3	PlateFormat	Endpoint	Absorbance	Raw	FALSE	1						2	490 750	1	12	96	1	8	None	
	Temperature(¡C)	1	2	3	4	5	6	7	8	9	10	11	12		1	2	3	4	5	6	7	8	9	10	11	12		
	23.70	0.1249	0.1717	0.1319	0.1309	0.13	0.1338	0.1301	0.1531	0.1493	0.1222	0.1228	0.1303		0.1011	0.1155	0.1109	0.1097	0.111	0.1122	0.1088	0.1099	0.108	0.1028	0.1025	0.1081		
		0.2571	0.1675	0.2618	0.1284	0.1377	0.1358	0.1328	0.1434	0.1355	0.132	0.1317	0.1364		0.2019	0.1195	0.1776	0.108	0.1127	0.1079	0.1097	0.1174	0.1108	0.1104	0.1056	0.111		
		0.1464	0.1381	0.1395	0.1798	0.1409	0.128	0.1428	0.1411	0.131	0.1265	0.1335	0.131		0.1022	0.1099	0.1127	0.1183	0.1119	0.1076	0.1139	0.1182	0.1092	0.1071	0.1123	0.1098		
		0.1409	0.1333	0.1341	0.1332	0.126	0.1312	0.1251	0.1325	0.1273	0.1391	0.1294	0.1261		0.1165	0.11	0.1134	0.1118	0.1082	0.1053	0.1044	0.1108	0.1023	0.1112	0.1069	0.1067		
		0.2007	0.1334	0.1312	0.1335	0.1433	0.1292	0.1343	0.1381	0.1355	0.1353	0.1609	0.1729		0.1148	0.1103	0.1092	0.1112	0.1074	0.1081	0.1117	0.1125	0.1129	0.1134	0.1287	0.1228		
		0.1421	0.1366	0.1403	0.1396	0.1387	0.1373	0.1537	0.1485	0.1286	0.1356	0.1305	0.1346		0.1216	0.1145	0.1162	0.1145	0.1134	0.1117	0.1196	0.1212	0.1072	0.1096	0.1094	0.1121		
		0.127	0.247	0.126	0.1267	0.1339	0.1534	0.1315	0.1376	0.1426	0.1268	0.1281	0.1212		0.1064	0.239	0.1061	0.1066	0.1101	0.1285	0.1056	0.1145	0.1124	0.1038	0.1076	0.1026		
		0.1453	0.1401	0.1533	0.1354	0.1441	0.1264	0.1322	0.1383	0.1469	0.135	0.2366	0.1315		0.1247	0.1157	0.1112	0.1129	0.1179	0.1046	0.1086	0.1107	0.1143	0.1127	0.2208	0.1091		
		
~End
Copyright © 2003 Molecular Devices. All rights reserved.
