##BLOCKS= 1          
Plate:	Plate#1	1.3	PlateFormat	Endpoint	Absorbance	Raw	FALSE	1						2	490 750	1	12	96	1	8	None	
	Temperature(¡C)	1	2	3	4	5	6	7	8	9	10	11	12		1	2	3	4	5	6	7	8	9	10	11	12		
	23.70	0.1311	0.1626	0.1296	0.1298	0.1274	0.1298	0.1299	0.16	0.156	0.1269	0.1284	0.1287		0.1052	0.1116	0.1089	0.1078	0.1068	0.1075	0.1065	0.1107	0.1089	0.1055	0.1063	0.1056		
		0.298	0.1706	0.2478	0.1645	0.1467	0.1503	0.1289	0.1531	0.1343	0.1288	0.1366	0.1387		0.2399	0.1448	0.1681	0.1361	0.1178	0.1172	0.105	0.1233	0.1105	0.1079	0.105	0.1113		
		0.1529	0.1434	0.1368	0.1443	0.1474	0.1336	0.1395	0.1274	0.1308	0.1246	0.1362	0.1332		0.1085	0.119	0.1108	0.1136	0.1146	0.1115	0.1065	0.106	0.1091	0.1063	0.1134	0.1108		
		0.1347	0.1524	0.1302	0.1267	0.1306	0.1389	0.1305	0.1371	0.1393	0.1354	0.134	0.1237		0.1079	0.1242	0.1079	0.1045	0.1063	0.1144	0.1069	0.1138	0.1125	0.1064	0.1114	0.1031		
		0.2185	0.1366	0.1272	0.1401	0.1502	0.1414	0.138	0.1388	0.1392	0.1364	0.1492	0.1852		0.1131	0.1124	0.1054	0.1153	0.1115	0.1167	0.1138	0.1113	0.1141	0.1145	0.1213	0.1258		
		0.1417	0.143	0.1484	0.182	0.1843	0.1612	0.1516	0.1416	0.1368	0.1329	0.1261	0.1455		0.1247	0.1198	0.1232	0.1532	0.1429	0.13	0.114	0.1146	0.1139	0.1104	0.1051	0.12		
		0.1234	0.4363	0.1347	0.1312	0.1301	0.1303	0.1374	0.1266	0.1319	0.1279	0.1351	0.127		0.1048	0.3304	0.1109	0.1094	0.1064	0.1082	0.1063	0.1045	0.1038	0.1037	0.114	0.1077		
		0.1424	0.1445	1.071	0.1448	0.14	0.1347	0.1441	0.132	0.139	0.2691	0.1359	0.13		0.1243	0.1127	0.966	0.1185	0.1146	0.1115	0.1178	0.1068	0.1092	0.2202	0.1154	0.1079		
		
~End
Copyright © 2003 Molecular Devices. All rights reserved.
