##BLOCKS= 1          
Plate:	Plate#1	1.3	PlateFormat	Endpoint	Absorbance	Raw	FALSE	1						2	490 750	1	12	96	1	8	None	
	Temperature(¡C)	1	2	3	4	5	6	7	8	9	10	11	12		1	2	3	4	5	6	7	8	9	10	11	12		
	22.90	0.1141	0.1435	0.1221	0.1286	0.1198	0.1219	0.1215	0.1533	0.1499	0.1325	0.1379	0.1549		0.0918	0.1027	0.1012	0.1052	0.1001	0.1011	0.1004	0.1112	0.1103	0.1092	0.1121	0.1306		
		0.4505	0.1181	0.2438	0.1222	0.1289	0.1298	0.1236	0.1482	0.1267	0.1264	0.1353	0.1378		0.3886	0.0995	0.1615	0.1011	0.1064	0.1059	0.1036	0.1203	0.1037	0.1046	0.1069	0.1143		
		0.1264	0.1304	0.1313	0.1326	0.1332	0.1374	0.1428	0.154	0.1252	0.133	0.1245	0.1256		0.1019	0.105	0.1058	0.1086	0.1038	0.1147	0.1124	0.1275	0.1039	0.1105	0.1034	0.105		
		0.1216	0.1293	0.1175	0.127	0.1226	0.1293	0.1344	0.1273	0.1225	0.1295	0.1362	0.1457		0.1015	0.1058	0.0999	0.1058	0.1008	0.1087	0.1119	0.1062	0.1002	0.1028	0.1144	0.1187		
		0.1827	0.1211	0.1282	0.1245	0.1288	0.1367	0.1236	0.1302	0.1177	0.1495	0.146	0.1613		0.0986	0.1014	0.1067	0.1037	0.1039	0.1133	0.104	0.1079	0.099	0.1239	0.1209	0.1132		
		0.1229	0.128	0.1259	0.1311	0.1305	0.1347	0.1438	0.1367	0.1316	0.1249	0.1433	0.1293		0.1076	0.1058	0.1047	0.1071	0.1053	0.1101	0.1087	0.1103	0.1088	0.1027	0.1192	0.1076		
		0.1117	0.3076	0.1264	0.121	0.1267	0.1205	0.1366	0.1352	0.1202	0.1309	0.1206	0.1312		0.0916	0.2695	0.105	0.102	0.1024	0.0995	0.1121	0.1106	0.0991	0.1074	0.1006	0.1093		
		0.1284	0.1336	0.1306	0.1247	0.126	0.1189	0.1228	0.1646	0.1232	0.1446	0.1337	0.1362		0.1056	0.1071	0.1059	0.1031	0.1032	0.0996	0.1015	0.1206	0.1021	0.1212	0.1119	0.1099		
		
~End
Copyright © 2003 Molecular Devices. All rights reserved.
