##BLOCKS= 1          
Plate:	Plate#1	1.3	PlateFormat	Endpoint	Absorbance	Raw	FALSE	1						2	490 750	1	12	96	1	8	None	
	Temperature(¡C)	1	2	3	4	5	6	7	8	9	10	11	12		1	2	3	4	5	6	7	8	9	10	11	12		
	23.20	0.1204	0.1567	0.1228	0.118	0.124	0.127	0.1257	0.1443	0.1483	0.1251	0.1302	0.126		0.0962	0.1074	0.1007	0.0973	0.1028	0.1063	0.1026	0.1024	0.1062	0.1042	0.1064	0.1039		
		0.2564	0.1247	0.2593	0.1241	0.1264	0.1243	0.1327	0.1381	0.1588	0.141	0.138	0.1253		0.1994	0.1038	0.1687	0.1028	0.1031	0.1007	0.1099	0.1106	0.1287	0.1157	0.1075	0.1025		
		0.1242	0.1329	0.1291	0.1304	0.1421	0.1204	0.1363	0.1274	0.1235	0.1257	0.1236	0.1357		0.0977	0.1058	0.1037	0.1078	0.1111	0.1008	0.1067	0.1054	0.1014	0.1042	0.1029	0.1125		
		0.12	0.2444	0.1244	0.127	0.1232	0.1242	0.1263	0.1288	0.1243	0.1409	0.1249	0.1467		0.0991	0.2674	0.104	0.1079	0.1032	0.1023	0.106	0.107	0.1024	0.1114	0.1051	0.1196		
		0.1958	0.1215	0.1251	0.126	0.13	0.1267	0.1291	0.1303	0.1358	0.1516	0.1296	0.1611		0.0987	0.1007	0.1038	0.1042	0.1039	0.1054	0.1082	0.1065	0.1122	0.1238	0.1074	0.1078		
		0.1212	0.1249	0.1711	0.1312	0.1277	0.13	0.1503	0.1705	0.1269	0.1383	0.1363	0.1432		0.1029	0.1041	0.1493	0.1072	0.1042	0.1073	0.1083	0.1408	0.105	0.1128	0.1125	0.1219		
		0.1144	0.3656	0.1273	0.2064	0.122	0.135	0.1168	0.1211	0.1409	0.1477	0.1468	0.143		0.1027	0.2728	0.1059	0.1804	0.1016	0.1119	0.0986	0.1009	0.1148	0.1192	0.1199	0.1179		
		0.1247	0.1337	0.1288	0.1318	0.1238	0.1304	0.1217	0.1242	0.1257	0.1262	0.1279	0.1576		0.1044	0.1076	0.1039	0.1093	0.1015	0.1071	0.1001	0.0999	0.1035	0.1045	0.1066	0.1297		
		
~End
Copyright © 2003 Molecular Devices. All rights reserved.
