##BLOCKS= 1          
Plate:	Plate#1	1.3	PlateFormat	Endpoint	Absorbance	Raw	FALSE	1						2	490 750	1	12	96	1	8	None	
	Temperature(¡C)	1	2	3	4	5	6	7	8	9	10	11	12		1	2	3	4	5	6	7	8	9	10	11	12		
	23.70	0.1337	0.2152	0.133	0.1302	0.1219	0.139	0.1384	0.1432	0.1429	0.1467	0.1389	0.1409		0.104	0.1199	0.1074	0.1048	0.1	0.1108	0.1088	0.1028	0.1035	0.1119	0.1073	0.1091		
		0.3267	0.1405	0.2827	0.1356	0.1309	0.137	0.1308	0.1352	0.1444	0.138	0.1524	0.1307		0.2836	0.1151	0.1809	0.1077	0.1046	0.1049	0.1053	0.1086	0.1139	0.1116	0.1241	0.1017		
		0.1769	0.1352	0.1452	0.1586	0.1492	0.1336	0.1393	0.14	0.1281	0.1331	0.1339	0.1325		0.1073	0.1093	0.1161	0.1104	0.1132	0.1072	0.108	0.1131	0.103	0.1064	0.1076	0.1084		
		0.155	0.1327	0.1437	0.147	0.135	0.1482	0.145	0.1378	0.141	0.1424	0.1386	0.1444		0.1202	0.1045	0.1118	0.1157	0.1018	0.1148	0.1119	0.1044	0.1097	0.1096	0.1065	0.1147		
		0.1843	0.1486	0.1442	0.1359	0.1444	0.1367	0.4071	0.1464	0.1522	0.1335	0.1231	0.1621		0.1103	0.1191	0.1144	0.1052	0.1066	0.1079	0.3771	0.1124	0.1177	0.1062	0.1002	0.1098		
		0.1391	0.1369	0.1363	0.1442	0.1511	0.1675	0.1535	0.1467	0.1381	0.1509	0.1373	0.1457		0.1133	0.1105	0.1094	0.1131	0.1157	0.1265	0.1142	0.1152	0.1109	0.11	0.1116	0.1154		
		0.1315	0.4457	0.1235	0.1358	0.1371	0.1348	0.1424	0.137	0.1675	0.1335	0.1244	0.1299		0.1031	0.4446	0.1024	0.1079	0.1097	0.1086	0.1081	0.1076	0.1302	0.1016	0.1016	0.1059		
		0.1545	0.1484	0.153	0.1331	0.131	0.1377	0.2408	0.1295	0.1462	0.5233	0.129	0.1348		0.1263	0.1179	0.1139	0.1072	0.1063	0.1097	0.2157	0.1032	0.1146	0.4975	0.1052	0.1073		
		
~End
Copyright © 2003 Molecular Devices. All rights reserved.
