##BLOCKS= 1          
Plate:	Plate#1	1.3	PlateFormat	Endpoint	Absorbance	Raw	FALSE	1						2	490 750	1	12	96	1	8	None	
	Temperature(¡C)	1	2	3	4	5	6	7	8	9	10	11	12		1	2	3	4	5	6	7	8	9	10	11	12		
	23.70	0.1315	0.1963	0.1299	0.1286	0.1368	0.1387	0.1402	0.1411	0.1371	0.1559	0.1259	0.1371		0.1025	0.1123	0.1062	0.1039	0.1113	0.1115	0.11	0.1041	0.1005	0.1221	0.1003	0.1055		
		0.3113	0.1308	0.2661	0.1469	0.1403	0.1565	0.1485	0.1588	0.1356	0.1384	0.1337	0.1363		0.2529	0.1067	0.1702	0.1153	0.1114	0.1198	0.1202	0.1294	0.1063	0.1114	0.1063	0.1059		
		0.145	0.1382	0.1368	0.1666	0.158	0.1438	0.1534	0.14	0.1377	0.1328	0.1392	0.1348		0.0996	0.1121	0.1091	0.1114	0.1204	0.1141	0.1199	0.1128	0.1108	0.1062	0.1129	0.1088		
		0.1477	0.1411	0.1435	0.1389	0.1409	0.1523	0.1469	0.1345	0.1398	0.1379	0.1318	0.1322		0.1195	0.114	0.1174	0.1102	0.1127	0.1225	0.1151	0.1036	0.1118	0.1076	0.1056	0.1063		
		0.1839	0.1346	0.1374	0.1395	0.1409	0.1414	0.1389	0.1514	0.1484	0.1284	0.1403	0.1612		0.1089	0.1058	0.1084	0.1072	0.1051	0.1118	0.1087	0.1169	0.1157	0.1047	0.1145	0.1105		
		0.1339	0.1361	0.1506	0.1408	0.152	0.1589	0.1596	0.1345	0.142	0.1417	0.1489	0.1566		0.1111	0.1105	0.1202	0.111	0.1155	0.1152	0.1197	0.1064	0.1144	0.1032	0.1204	0.1284		
		0.1427	0.4246	0.1313	0.137	0.1272	0.1484	0.1298	0.1289	0.1632	0.1459	0.1246	0.1255		0.1455	0.3547	0.108	0.1093	0.1045	0.1195	0.1037	0.1024	0.1184	0.1104	0.1011	0.1042		
		0.1419	0.1325	0.1591	0.1528	0.1635	0.1407	0.1342	0.1556	0.1324	0.2232	0.2151	0.1393		0.1194	0.1082	0.1166	0.1239	0.1355	0.1118	0.1065	0.1123	0.1061	0.1987	0.1935	0.1096		
		
~End
Copyright © 2003 Molecular Devices. All rights reserved.
