##BLOCKS= 1          
Plate:	Plate#1	1.3	PlateFormat	Endpoint	Absorbance	Raw	FALSE	1						2	490 750	1	12	96	1	8	None	
	Temperature(¡C)	1	2	3	4	5	6	7	8	9	10	11	12		1	2	3	4	5	6	7	8	9	10	11	12		
	23.40	0.1383	0.1842	0.164	0.1404	0.1359	0.1449	0.1454	0.1462	0.1616	0.1307	0.1435	0.1449		0.1133	0.1285	0.14	0.1168	0.1131	0.1216	0.1198	0.1047	0.1191	0.1075	0.1176	0.1177		
		0.2996	0.1495	0.2928	0.1287	0.1331	0.137	0.1329	0.1386	0.133	0.1408	0.1434	0.1421		0.242	0.1267	0.197	0.1059	0.1086	0.1128	0.1106	0.1148	0.1101	0.1187	0.1137	0.1162		
		0.1615	0.1515	0.1321	0.1423	0.1504	0.1375	0.1489	0.1376	0.1381	0.1513	0.1535	0.1382		0.1416	0.1278	0.1075	0.1182	0.1177	0.1147	0.1179	0.1145	0.1141	0.1276	0.1279	0.1163		
		0.1625	0.1545	0.1411	0.1423	0.2364	0.1483	0.1449	0.1447	0.1474	0.1462	0.1377	0.1355		0.125	0.1258	0.1168	0.1164	0.209	0.1211	0.1184	0.1191	0.1204	0.1171	0.1111	0.1113		
		0.3008	0.1346	0.1399	0.1373	0.1335	0.1302	0.1506	0.149	0.148	0.1394	0.135	0.1617		0.2264	0.1141	0.1156	0.1129	0.1077	0.1074	0.1251	0.1203	0.1211	0.1149	0.1122	0.1104		
		0.1662	0.152	0.1429	0.1466	0.1729	0.152	0.1607	0.1467	0.136	0.1422	0.1332	0.1341		0.1962	0.1278	0.1182	0.1215	0.1437	0.1262	0.1164	0.1191	0.1124	0.117	0.1117	0.1134		
		0.1424	0.3717	0.1404	0.1377	0.1317	0.1336	0.1374	0.1373	0.1347	0.145	0.1372	0.1316		0.1307	0.3343	0.1175	0.1148	0.1078	0.1111	0.1159	0.1123	0.1086	0.1182	0.1131	0.1101		
		0.1325	0.1499	0.1566	0.1504	0.1387	0.1532	0.1398	0.155	0.1467	0.1276	0.1352	0.1411		0.1165	0.1222	0.1261	0.1257	0.1145	0.1257	0.1121	0.114	0.1214	0.1045	0.1108	0.1129		
		
~End
Copyright © 2003 Molecular Devices. All rights reserved.
