##BLOCKS= 1          
Plate:	Plate#1	1.3	PlateFormat	Endpoint	Absorbance	Raw	FALSE	1						2	490 750	1	12	96	1	8	None	
	Temperature(¡C)	1	2	3	4	5	6	7	8	9	10	11	12		1	2	3	4	5	6	7	8	9	10	11	12		
	23.50	0.1486	0.1838	0.1321	0.1335	0.1397	0.253	0.1579	0.1496	0.1494	0.1461	0.133	0.1499		0.1181	0.1245	0.1101	0.111	0.115	0.2301	0.1308	0.1101	0.1103	0.1204	0.1087	0.1225		
		0.2847	0.1416	0.3722	0.1454	0.1402	0.1454	0.1402	0.1461	0.1383	0.1276	0.1499	0.1412		0.2491	0.1185	0.2401	0.12	0.1156	0.1215	0.1174	0.1219	0.1146	0.1069	0.1213	0.1148		
		0.1287	0.1485	0.1486	0.1577	0.1622	0.153	0.1491	0.1337	0.1293	0.1358	0.135	0.1406		0.1081	0.1368	0.1206	0.1314	0.1284	0.1283	0.118	0.1106	0.1068	0.1124	0.1121	0.1173		
		0.1382	0.1557	0.1472	0.1464	0.1345	0.1538	0.1366	0.1334	0.1393	0.1459	0.1449	0.1328		0.1186	0.1371	0.1224	0.1236	0.1104	0.1294	0.1123	0.1095	0.115	0.1183	0.1204	0.1091		
		0.2074	0.1534	0.1225	0.1419	0.1331	0.1436	0.151	0.1504	0.1413	0.1389	0.1354	0.1564		0.1236	0.1284	0.101	0.117	0.1086	0.1188	0.1248	0.1226	0.1149	0.1144	0.1128	0.1085		
		0.1557	0.1419	0.1419	0.1447	0.1453	0.1485	0.1551	0.1762	0.1323	0.1401	0.1379	0.1327		0.1267	0.1199	0.1166	0.1206	0.1202	0.1223	0.1126	0.1482	0.1106	0.1147	0.1151	0.112		
		0.1265	0.3818	0.1363	0.1633	0.1361	0.1377	0.146	0.1431	0.1423	0.1287	0.131	0.1399		0.1126	0.3403	0.1138	0.1369	0.1117	0.1134	0.1226	0.1176	0.1143	0.1044	0.1069	0.1154		
		0.1454	0.1779	0.134	0.1526	0.1363	0.1395	0.1465	0.3066	0.1413	0.151	0.1424	0.1397		0.1162	0.153	0.1083	0.1277	0.1145	0.113	0.1185	0.2735	0.1166	0.1242	0.119	0.112		
		
~End
Copyright © 2003 Molecular Devices. All rights reserved.
