##BLOCKS= 1          
Plate:	Plate#1	1.3	PlateFormat	Endpoint	Absorbance	Raw	FALSE	1						2	490 750	1	12	96	1	8	None	
	Temperature(¡C)	1	2	3	4	5	6	7	8	9	10	11	12		1	2	3	4	5	6	7	8	9	10	11	12		
	23.70	0.1363	0.1533	0.1712	0.1239	0.1188	0.118	0.1743	0.1326	0.1342	0.3756	0.1173	0.1201		0.1034	0.1059	0.1398	0.1014	0.0999	0.0975	0.1372	0.097	0.0997	0.3631	0.0963	0.099		
		0.3992	0.1318	0.3396	0.1194	0.1234	0.1242	0.1303	0.1384	0.1516	0.1578	0.1563	0.1141		0.3202	0.1055	0.2172	0.0983	0.1002	0.1005	0.1052	0.1097	0.1171	0.1301	0.1221	0.0952		
		0.1306	0.1295	0.132	0.1234	0.1363	0.1443	0.149	0.1251	0.1207	0.1301	0.1205	0.1224		0.1075	0.1046	0.104	0.1015	0.1046	0.1168	0.1154	0.1033	0.0988	0.1072	0.0993	0.1028		
		0.1315	0.1447	0.1333	0.1198	0.1205	0.1224	0.1489	0.1273	0.12	0.1316	0.1242	0.1398		0.1043	0.1168	0.1115	0.1027	0.1002	0.1039	0.1229	0.106	0.0993	0.1077	0.1026	0.1147		
		0.1801	0.1602	0.1314	0.1253	0.1351	0.1325	0.1335	0.1355	0.1389	0.1296	0.1191	0.1395		0.1096	0.1246	0.1068	0.1019	0.1047	0.1064	0.1102	0.1082	0.1117	0.1061	0.0988	0.0998		
		0.1298	0.129	0.1331	0.137	0.1328	0.1304	0.1364	0.1273	0.1335	0.1281	0.1243	0.1238		0.1067	0.1076	0.1083	0.1092	0.1071	0.1054	0.1038	0.1018	0.1067	0.1032	0.1017	0.1022		
		0.1393	0.466	0.1443	0.1226	0.1239	0.1215	0.1215	0.1269	0.1252	0.1505	0.1135	0.1296		0.1046	0.3878	0.1171	0.1014	0.0994	0.0987	0.1002	0.103	0.101	0.118	0.0945	0.1063		
		0.1265	0.1297	0.1297	0.1302	0.2158	0.1206	0.1256	0.343	0.1172	0.1434	0.1156	0.1224		0.1041	0.1059	0.1044	0.1057	0.186	0.0995	0.103	0.2704	0.098	0.1221	0.0978	0.1007		
		
~End
Copyright © 2003 Molecular Devices. All rights reserved.
