##BLOCKS= 1          
Plate:	Plate#1	1.3	PlateFormat	Endpoint	Absorbance	Raw	FALSE	1						2	490 750	1	12	96	1	8	None	
	Temperature(¡C)	1	2	3	4	5	6	7	8	9	10	11	12		1	2	3	4	5	6	7	8	9	10	11	12		
	23.70	0.1342	0.1509	0.1181	0.1257	0.1244	0.1325	0.123	0.1358	0.1355	0.2135	0.1176	0.1414		0.1059	0.1059	0.0978	0.1019	0.1029	0.107	0.0992	0.0996	0.1001	0.1901	0.0967	0.1188		
		0.433	0.144	0.3167	0.1232	0.1454	0.1395	0.1291	0.1383	0.1343	0.1196	0.1272	0.141		0.3488	0.1266	0.2035	0.1001	0.1154	0.1104	0.1047	0.1115	0.1073	0.0994	0.1004	0.1138		
		0.1273	0.1252	0.1382	0.1374	0.1703	0.1226	0.2777	0.1313	0.122	0.1243	0.1301	0.1185		0.1069	0.0999	0.1104	0.1104	0.1284	0.1011	0.2405	0.1067	0.0992	0.1019	0.1059	0.0986		
		0.135	0.1327	0.1297	0.1235	0.1796	0.1406	0.1302	0.139	0.1286	0.1327	0.1235	0.1222		0.1106	0.1075	0.1077	0.1031	0.1449	0.1168	0.1046	0.1127	0.1041	0.1071	0.103	0.1029		
		0.2261	0.1373	0.1211	0.1438	0.1544	0.1368	0.153	0.1319	0.122	0.1254	0.1275	0.1423		0.133	0.1131	0.0995	0.1154	0.1193	0.1097	0.1227	0.1056	0.1006	0.1022	0.1048	0.1022		
		0.1413	0.1442	0.1292	0.1286	0.1964	0.1298	0.1489	0.152	0.1259	0.1888	0.134	0.1563		0.1198	0.12	0.1064	0.1038	0.1568	0.1059	0.1133	0.1204	0.1023	0.1686	0.1085	0.1329		
		0.1193	0.3304	0.1247	0.1502	0.1303	0.1231	0.1206	0.1185	0.1372	0.1292	0.1152	0.1833		0.1017	0.2899	0.1015	0.1218	0.104	0.0995	0.0992	0.0968	0.11	0.1033	0.0958	0.1511		
		0.1667	0.128	0.1162	0.1284	0.1545	0.1413	0.1306	0.1714	0.1227	0.1762	0.1174	0.1286		0.116	0.1049	0.0956	0.1039	0.1232	0.1172	0.1049	0.1276	0.0995	0.1416	0.0983	0.107		
		
~End
Copyright © 2003 Molecular Devices. All rights reserved.
