##BLOCKS= 1          
Plate:	Plate#1	1.3	PlateFormat	Endpoint	Absorbance	Raw	FALSE	1						2	490 750	1	12	96	1	8	None	
	Temperature(¡C)	1	2	3	4	5	6	7	8	9	10	11	12		1	2	3	4	5	6	7	8	9	10	11	12		
	23.70	0.1237	0.1455	0.1229	0.1238	0.1308	0.1259	0.1303	0.1355	0.1472	0.1232	0.1165	0.1171		0.0987	0.0992	0.1012	0.1018	0.1071	0.103	0.1044	0.1001	0.1083	0.1001	0.0964	0.0978		
		0.2916	0.1267	0.2839	0.1299	0.1365	0.1231	0.1402	0.131	0.1234	0.1177	0.1612	0.12		0.2364	0.1077	0.1828	0.1061	0.1118	0.099	0.1148	0.106	0.1004	0.0984	0.1291	0.0992		
		0.1307	0.1331	0.1401	0.1346	0.1398	0.1247	0.1434	0.1237	0.1242	0.1457	0.1222	0.1301		0.1053	0.106	0.11	0.1086	0.1076	0.1021	0.1096	0.1015	0.101	0.1219	0.1021	0.1072		
		0.1288	0.1312	0.1791	0.1495	0.1264	0.1188	0.125	0.1376	0.1245	0.1312	0.1209	0.1183		0.1069	0.1048	0.156	0.1189	0.103	0.1007	0.1026	0.1125	0.1	0.1039	0.1022	0.102		
		0.1856	0.1337	0.1254	0.1222	0.1325	0.1423	0.1257	0.1265	0.1284	0.1436	0.1471	0.1411		0.1031	0.1096	0.1033	0.1001	0.1036	0.1141	0.1041	0.102	0.105	0.1193	0.1193	0.0997		
		0.1584	0.1266	0.2192	0.1322	0.125	0.1327	0.1365	0.1311	0.1257	0.134	0.1201	0.1282		0.1267	0.1048	0.1982	0.1061	0.1022	0.1088	0.1021	0.1037	0.1018	0.1086	0.0991	0.1056		
		0.1308	0.3161	0.1323	0.1377	0.1624	0.1618	0.1236	0.1314	0.1181	0.1536	0.1167	0.1198		0.1005	0.2759	0.1075	0.11	0.1266	0.1257	0.102	0.106	0.0962	0.1194	0.0961	0.0996		
		0.1323	0.1278	0.1353	0.1306	0.1376	0.1256	0.1295	0.1262	0.1241	0.3762	0.1292	0.1193		0.1048	0.1008	0.1087	0.106	0.109	0.1013	0.1044	0.0986	0.1019	0.3397	0.1061	0.0992		
		
~End
Copyright © 2003 Molecular Devices. All rights reserved.
