##BLOCKS= 1          
Plate:	Plate#1	1.3	PlateFormat	Endpoint	Absorbance	Raw	FALSE	1						2	490 750	1	12	96	1	8	None	
	Temperature(¡C)	1	2	3	4	5	6	7	8	9	10	11	12		1	2	3	4	5	6	7	8	9	10	11	12		
	23.50	0.1289	0.1729	0.1477	0.1473	0.1279	0.1241	0.1347	0.1494	0.1388	0.1207	0.1332	0.1268		0.1049	0.1119	0.1151	0.12	0.1058	0.1028	0.1083	0.1038	0.0973	0.0996	0.109	0.1029		
		0.2609	0.1383	0.3188	0.1364	0.1391	0.1353	0.1381	0.1325	0.124	0.1207	0.131	0.1214		0.2146	0.117	0.2115	0.1091	0.1109	0.1068	0.1116	0.107	0.1003	0.1004	0.1017	0.0985		
		0.2164	0.1643	0.1406	0.1364	0.1684	0.1264	0.1436	0.1298	0.1615	0.1499	0.1313	0.1265		0.1443	0.1329	0.1099	0.1069	0.1307	0.103	0.1074	0.1052	0.134	0.1179	0.1065	0.1043		
		0.1538	0.1379	0.1474	0.1309	0.1325	0.132	0.1288	0.1285	0.1328	0.1492	0.1169	0.1254		0.1132	0.108	0.1168	0.1073	0.1071	0.1085	0.1017	0.1025	0.1057	0.1189	0.0957	0.1042		
		0.2202	0.166	0.1327	0.1333	0.141	0.1309	0.1268	0.1279	0.1278	0.1341	0.1214	0.1602		0.1135	0.1347	0.1101	0.1069	0.1097	0.105	0.104	0.1031	0.1038	0.1106	0.1004	0.1072		
		0.142	0.1412	0.1359	0.1444	0.1371	0.1296	0.1789	0.1413	0.1445	0.1493	0.1296	0.1237		0.1155	0.1159	0.1089	0.1169	0.1101	0.1054	0.1167	0.1089	0.1143	0.1187	0.1071	0.1032		
		0.1303	0.4606	0.1272	0.1365	0.1334	0.133	0.1331	0.1453	0.1342	0.1223	0.1209	0.1284		0.1099	0.4221	0.1048	0.113	0.1059	0.1083	0.107	0.1139	0.1072	0.0969	0.0967	0.1063		
		0.145	0.1562	0.1422	0.1608	0.1371	0.135	0.19	0.1269	0.1239	0.259	0.1192	0.1314		0.1187	0.1212	0.1075	0.1307	0.1095	0.1063	0.1535	0.0995	0.1012	0.2281	0.0976	0.1009		
		
~End
Copyright © 2003 Molecular Devices. All rights reserved.
