##BLOCKS= 1          
Plate:	Plate#1	1.3	PlateFormat	Endpoint	Absorbance	Raw	FALSE	1						2	490 750	1	12	96	1	8	None	
	Temperature(¡C)	1	2	3	4	5	6	7	8	9	10	11	12		1	2	3	4	5	6	7	8	9	10	11	12		
	23.50	0.1262	0.1779	0.1418	0.1237	0.1248	0.1317	0.1244	0.1509	0.1411	0.1215	0.1205	0.1318		0.1043	0.121	0.1155	0.1016	0.1033	0.1088	0.1009	0.1049	0.0993	0.101	0.0994	0.1074		
		0.4622	0.1848	0.3187	0.1366	0.1263	0.1346	0.1386	0.1341	0.1226	0.1461	0.1367	0.1228		0.3666	0.139	0.202	0.1093	0.1033	0.1084	0.1124	0.1083	0.1006	0.1194	0.1079	0.1004		
		0.1635	0.1367	0.1347	0.135	0.1733	0.1266	0.1404	0.1478	0.1258	0.1618	0.1457	0.131		0.132	0.1084	0.1066	0.1086	0.1366	0.1038	0.1064	0.1188	0.1023	0.1323	0.1164	0.1081		
		0.1455	0.1322	0.1368	0.1341	0.126	0.1224	0.1271	0.1231	0.1294	0.1448	0.1201	0.1237		0.111	0.1103	0.1138	0.108	0.1036	0.101	0.1027	0.1015	0.1022	0.1132	0.098	0.1022		
		0.2021	0.1301	0.1374	0.1332	0.1393	0.1271	0.124	0.1442	0.1211	0.1376	0.1192	0.1835		0.1073	0.1066	0.1124	0.1077	0.1095	0.1034	0.103	0.1144	0.0997	0.112	0.0992	0.1229		
		0.1339	0.1266	0.1441	0.1296	0.1483	0.1375	0.1561	0.1368	0.1265	0.1325	0.1182	0.1275		0.1087	0.1096	0.1167	0.1069	0.1203	0.1137	0.1072	0.1082	0.1043	0.1077	0.0989	0.1055		
		0.1434	0.3954	0.1361	0.1242	0.1296	0.1253	0.1404	0.1288	0.1446	0.1392	0.1162	0.1168		0.11	0.3898	0.1104	0.1021	0.1036	0.1036	0.1124	0.1032	0.1158	0.1089	0.0951	0.0974		
		0.1337	0.128	1.2058	0.1333	0.1317	0.1333	0.1279	0.1474	0.1314	1.1644	0.1225	0.1353		0.1068	0.1012	1.1633	0.1099	0.1075	0.1067	0.1028	0.1103	0.106	1.1785	0.1014	0.1054		
		
~End
Copyright © 2003 Molecular Devices. All rights reserved.
