##BLOCKS= 1          
Plate:	Plate#1	1.3	PlateFormat	Endpoint	Absorbance	Raw	FALSE	1						2	490 750	1	12	96	1	8	None	
	Temperature(¡C)	1	2	3	4	5	6	7	8	9	10	11	12		1	2	3	4	5	6	7	8	9	10	11	12		
	23.60	0.1309	0.1752	0.1288	0.1319	0.1308	0.1256	0.1253	0.1353	0.1362	0.1216	0.1205	0.1166		0.1076	0.1134	0.1057	0.1068	0.1071	0.1037	0.1023	0.0998	0.1007	0.0995	0.099	0.0973		
		0.2861	0.1321	0.3043	0.1433	0.154	0.1515	0.132	0.1332	0.1205	0.1367	0.1286	0.1154		0.228	0.1071	0.195	0.1132	0.12	0.1203	0.109	0.1068	0.0985	0.1114	0.1023	0.0964		
		0.1299	0.1357	0.135	0.1481	0.1539	0.132	0.2043	0.1204	0.1331	0.1333	0.1265	0.1218		0.1145	0.1138	0.1067	0.1181	0.1172	0.1079	0.1751	0.1006	0.1099	0.1093	0.1041	0.1014		
		0.131	0.1236	0.1268	0.1286	0.1278	0.131	0.1279	0.1206	0.1215	0.1372	0.1254	0.1206		0.1106	0.1027	0.1056	0.1066	0.1039	0.1071	0.1035	0.0999	0.0991	0.1064	0.104	0.1011		
		0.184	0.1584	0.1253	0.1338	0.1427	0.1267	0.1307	0.1274	0.1251	0.1252	0.1423	0.159		0.1187	0.1253	0.1025	0.1075	0.1116	0.1033	0.108	0.1031	0.103	0.1048	0.119	0.1143		
		0.1527	0.1291	0.1364	0.1351	0.1449	0.1308	0.1315	0.1284	0.129	0.1285	0.1403	0.1397		0.1362	0.1052	0.1123	0.108	0.1143	0.1068	0.1011	0.1031	0.1047	0.1045	0.1129	0.113		
		0.165	0.3669	0.1196	0.1351	0.1358	0.1424	0.1335	0.1169	0.1242	0.1246	0.1221	0.1163		0.1225	0.3346	0.0987	0.11	0.1094	0.1129	0.1101	0.0968	0.1015	0.1024	0.1006	0.098		
		0.1501	0.1501	0.1284	0.1523	0.159	0.1245	0.1212	0.1537	0.1285	0.1398	0.1174	0.1227		0.1227	0.1223	0.1036	0.1218	0.1252	0.1021	0.1	0.1128	0.1071	0.1176	0.0984	0.1009		
		
~End
Copyright © 2003 Molecular Devices. All rights reserved.
