##BLOCKS= 1          
Plate:	Plate#1	1.3	PlateFormat	Endpoint	Absorbance	Raw	FALSE	1						2	490 750	1	12	96	1	8	None	
	Temperature(¡C)	1	2	3	4	5	6	7	8	9	10	11	12		1	2	3	4	5	6	7	8	9	10	11	12		
	23.40	0.1214	0.1546	0.1206	0.1211	0.1343	0.1232	0.1205	0.1459	0.1363	0.1246	0.1282	0.1253		0.0974	0.1025	0.0998	0.1	0.1126	0.1032	0.1	0.1033	0.0962	0.1031	0.1065	0.1026		
		0.4556	0.1286	0.2606	0.1208	0.141	0.1396	0.121	0.1599	0.119	0.1226	0.1291	0.118		0.3584	0.1062	0.1714	0.1003	0.1177	0.1148	0.1012	0.1352	0.0982	0.1029	0.101	0.0979		
		0.1243	0.1212	0.1464	0.3017	0.1609	0.1241	0.204	0.1352	0.1358	0.1259	0.1201	0.1203		0.1024	0.0997	0.1193	0.2774	0.1284	0.1033	0.1712	0.1115	0.1103	0.1053	0.1002	0.1004		
		0.1309	0.1214	0.1603	0.1265	0.1873	0.124	0.126	0.1292	0.1437	0.1299	0.1273	0.129		0.1075	0.1014	0.136	0.1059	0.1672	0.1048	0.104	0.107	0.1211	0.1037	0.1063	0.1075		
		0.196	0.1263	0.1646	0.1273	0.1284	0.1315	0.1297	0.124	0.1262	0.1225	0.1209	0.1569		0.1013	0.1054	0.1376	0.1053	0.1014	0.1089	0.1088	0.1008	0.1047	0.1027	0.1012	0.1041		
		0.1249	0.214	0.1358	0.1266	0.1337	0.1303	0.1599	0.137	0.1224	0.1258	0.1224	0.1387		0.1141	0.1583	0.1114	0.1035	0.1089	0.1064	0.1156	0.1094	0.1013	0.104	0.102	0.1172		
		0.1212	0.3628	0.1276	0.1213	0.1217	0.1245	0.1224	0.1201	0.1215	0.3042	0.1196	0.1224		0.101	0.3549	0.1054	0.1013	0.0991	0.1025	0.1004	0.0973	0.0982	0.2781	0.0988	0.1019		
		0.124	0.153	0.1574	0.1322	0.134	0.1203	0.1244	0.126	0.1268	0.463	0.1266	0.1334		0.1025	0.1237	0.1233	0.1098	0.1091	0.0972	0.1003	0.0991	0.104	0.4502	0.1056	0.1053		
		
~End
Copyright © 2003 Molecular Devices. All rights reserved.
