##BLOCKS= 1          
Plate:	Plate#1	1.3	PlateFormat	Endpoint	Absorbance	Raw	FALSE	1						2	490 750	1	12	96	1	8	None	
	Temperature(¡C)	1	2	3	4	5	6	7	8	9	10	11	12		1	2	3	4	5	6	7	8	9	10	11	12		
	23.30	0.1241	0.163	0.1381	0.1346	0.1566	0.1331	0.1376	0.1458	0.1509	0.1337	0.1393	0.1184		0.097	0.1109	0.1116	0.1073	0.1272	0.1075	0.1099	0.0988	0.1026	0.1098	0.1129	0.0978		
		0.4403	0.2056	0.2904	0.1197	0.1206	0.1259	0.1281	0.1344	0.1199	0.1258	0.1448	0.1262		0.3482	0.1946	0.1938	0.099	0.0991	0.1015	0.1058	0.1068	0.0981	0.1039	0.1107	0.1051		
		0.1364	0.1579	0.1332	0.1292	0.1538	0.1219	0.1348	0.1201	0.1235	0.131	0.123	0.1215		0.1085	0.1233	0.1036	0.1053	0.1177	0.1003	0.1008	0.099	0.1009	0.1081	0.1013	0.1006		
		0.1416	0.1309	0.1215	0.1271	0.1336	0.1279	0.127	0.1182	0.1292	0.1285	0.1299	0.1211		0.1231	0.1058	0.1016	0.1053	0.1102	0.1069	0.1034	0.0988	0.1027	0.1037	0.1085	0.1018		
		0.212	0.1437	0.125	0.1202	0.1406	0.1333	0.1489	0.1491	0.1247	0.1653	0.1257	0.1781		0.1137	0.1146	0.1014	0.0986	0.1089	0.1084	0.1205	0.1163	0.1019	0.1347	0.103	0.1165		
		0.1308	0.1353	0.1581	0.1453	0.134	0.1516	0.1765	0.1268	0.1316	0.1212	0.1234	0.1241		0.1041	0.109	0.1295	0.115	0.107	0.1227	0.132	0.1006	0.1071	0.0998	0.1011	0.1017		
		0.16	0.4282	0.1391	0.1513	0.1375	0.1424	0.14	0.1294	0.1214	0.1257	0.1247	0.1247		0.1176	0.4546	0.1114	0.1203	0.1082	0.1057	0.1143	0.1049	0.0986	0.1025	0.1014	0.1028		
		0.1483	0.1433	0.1485	0.1264	0.152	0.1291	0.1337	0.1361	0.1222	0.1232	0.1186	0.1218		0.114	0.113	0.118	0.1027	0.1222	0.1041	0.1092	0.106	0.1005	0.1011	0.0996	0.1002		
		
~End
Copyright © 2003 Molecular Devices. All rights reserved.
