##BLOCKS= 1          
Plate:	Plate#1	1.3	PlateFormat	Endpoint	Absorbance	Raw	FALSE	1						2	490 750	1	12	96	1	8	None	
	Temperature(¡C)	1	2	3	4	5	6	7	8	9	10	11	12		1	2	3	4	5	6	7	8	9	10	11	12		
	23.30	0.1317	0.1849	0.1721	0.1452	0.1554	0.1468	0.1407	0.1858	0.1656	0.1481	0.1399	0.1493		0.1121	0.1354	0.1478	0.1231	0.1344	0.1259	0.1192	0.1399	0.1241	0.1248	0.1173	0.126		
		0.5254	0.1482	0.3334	0.1571	0.1445	0.1379	0.1548	0.1536	0.1452	0.1392	0.1425	0.1406		0.4213	0.122	0.2317	0.1327	0.1227	0.1155	0.1334	0.1274	0.1213	0.119	0.1141	0.1184		
		0.1517	0.1489	0.1434	0.1536	0.158	0.1424	0.1552	0.1484	0.156	0.1549	0.1385	0.1465		0.1216	0.1224	0.1183	0.1281	0.1286	0.1221	0.1238	0.1266	0.133	0.1328	0.1179	0.1245		
		0.1719	0.1562	0.1585	0.1459	0.1387	0.1586	0.1416	0.1418	0.1438	0.1401	0.1349	0.1443		0.1544	0.1356	0.1392	0.1243	0.121	0.1393	0.121	0.1208	0.1244	0.1168	0.1181	0.1264		
		0.2065	0.1378	0.1734	0.1332	0.1523	0.1341	0.1641	0.144	0.1578	0.1376	0.131	0.1809		0.122	0.1157	0.1498	0.1122	0.1248	0.1146	0.1415	0.1209	0.1365	0.1169	0.1114	0.1331		
		0.1703	0.1933	0.1516	0.1684	0.1524	0.1433	0.1723	0.1515	0.1508	0.1504	0.1444	0.1626		0.1346	0.1647	0.1283	0.1422	0.1275	0.1199	0.1373	0.1255	0.1288	0.1268	0.1228	0.1387		
		0.1283	0.4362	0.1805	0.133	0.1419	0.1481	0.1586	0.143	0.1477	0.1419	0.1433	0.1512		0.1074	0.3773	0.1539	0.1127	0.1182	0.1261	0.1343	0.1209	0.1232	0.12	0.1208	0.1287		
		0.1437	0.1517	0.1469	0.1598	0.1463	0.166	0.1385	0.336	0.1455	0.2287	0.1341	0.1404		0.1191	0.126	0.1214	0.1338	0.1216	0.144	0.1166	0.2733	0.1204	0.2025	0.1136	0.1164		
		
~End
Copyright © 2003 Molecular Devices. All rights reserved.
