##BLOCKS= 1          
Plate:	Plate#1	1.3	PlateFormat	Endpoint	Absorbance	Raw	FALSE	1						2	490 750	1	12	96	1	8	None	
	Temperature(¡C)	1	2	3	4	5	6	7	8	9	10	11	12		1	2	3	4	5	6	7	8	9	10	11	12		
	23.30	0.1347	0.162	0.1306	0.1328	0.1341	0.1405	0.1398	0.1569	0.1551	0.1443	0.148	0.1593		0.1124	0.1165	0.1107	0.1126	0.116	0.1187	0.1189	0.1148	0.1153	0.1215	0.1236	0.1363		
		0.4533	0.1461	0.2886	0.1379	0.1371	0.1363	0.1465	0.1435	0.1327	0.128	0.1517	0.1342		0.3674	0.123	0.1943	0.1166	0.1154	0.1129	0.1239	0.1203	0.1111	0.1094	0.1243	0.1131		
		0.1347	0.1448	0.1534	0.1528	0.1554	0.1549	0.1479	0.1429	0.1387	0.1856	0.1536	0.1497		0.1102	0.1265	0.1265	0.128	0.1252	0.1316	0.1172	0.1225	0.1171	0.1636	0.1323	0.1303		
		0.1375	0.134	0.1363	0.1424	0.1423	0.1408	0.1511	0.1372	0.1446	0.1396	0.1376	0.1504		0.1113	0.1122	0.1187	0.1211	0.1232	0.1223	0.1265	0.1192	0.1221	0.1145	0.1183	0.1291		
		0.2105	0.1326	0.1499	0.1305	0.1483	0.1349	0.1444	0.143	0.1375	0.1523	0.1397	0.1613		0.1351	0.1121	0.1263	0.109	0.1206	0.1147	0.1244	0.1187	0.1168	0.1301	0.1188	0.1151		
		0.1467	0.1571	0.1582	0.1499	0.1631	0.1478	0.172	0.1435	0.141	0.1558	0.1432	0.1346		0.1323	0.1349	0.1339	0.1255	0.1363	0.1239	0.1333	0.1164	0.1168	0.1312	0.1204	0.1136		
		0.1395	0.3876	0.1559	0.1457	0.1892	0.1356	0.1392	0.1337	0.1614	0.1545	0.1376	0.1358		0.1155	0.3879	0.1306	0.1247	0.1616	0.1145	0.1172	0.1113	0.1359	0.129	0.1158	0.1153		
		0.1385	0.1576	0.1365	0.1492	0.143	0.1366	0.1313	0.1686	0.136	0.3107	0.1379	0.1509		0.1178	0.1334	0.1134	0.1259	0.1194	0.1144	0.1103	0.1268	0.1141	0.2795	0.1162	0.124		
		
~End
Copyright © 2003 Molecular Devices. All rights reserved.
