##BLOCKS= 1          
Plate:	Plate#1	1.3	PlateFormat	Endpoint	Absorbance	Raw	FALSE	1						2	490 750	1	12	96	1	8	None	
	Temperature(¡C)	1	2	3	4	5	6	7	8	9	10	11	12		1	2	3	4	5	6	7	8	9	10	11	12		
	23.20	0.1652	0.165	0.1624	0.1535	0.1589	0.1715	0.1437	0.1794	0.1583	0.1618	0.2114	0.1314		0.1448	0.1141	0.1298	0.1237	0.1279	0.1371	0.1142	0.1309	0.1147	0.1332	0.1774	0.1071		
		0.4325	0.1447	0.3618	0.146	0.2018	0.1743	0.137	0.1974	0.1439	0.1238	0.1656	0.1291		0.3009	0.1167	0.2326	0.1172	0.1607	0.1393	0.1116	0.1615	0.1156	0.1031	0.1346	0.1064		
		0.1414	0.1561	0.1434	0.1482	0.228	0.1599	0.1746	0.1382	0.1496	0.1455	0.1353	0.1308		0.1141	0.1301	0.1123	0.1169	0.1791	0.1287	0.1355	0.1122	0.1217	0.1194	0.1127	0.1079		
		0.195	0.15	0.1583	0.1601	0.1582	0.2294	0.169	0.1731	0.146	0.1506	0.1332	0.13		0.1371	0.119	0.1268	0.1286	0.1287	0.1888	0.1336	0.1369	0.1153	0.117	0.1067	0.1065		
		0.2394	0.1711	0.1509	0.147	0.1577	0.1469	0.1481	0.1654	0.146	0.1391	0.3304	0.1572		0.1368	0.1305	0.1216	0.1182	0.1206	0.1184	0.1199	0.1306	0.1186	0.1131	0.3029	0.1102		
		0.1873	0.1718	0.2282	0.166	0.169	0.1509	0.1556	0.1633	0.1493	0.1442	0.1334	0.1499		0.149	0.1402	0.2005	0.1308	0.1345	0.1188	0.1168	0.1262	0.119	0.1153	0.1082	0.1214		
		0.1467	0.3615	0.1671	0.1433	0.1381	0.1474	0.1661	0.2059	0.1342	0.1463	0.1372	0.1489		0.1469	0.3109	0.1333	0.1171	0.1103	0.1186	0.1345	0.1781	0.1089	0.1154	0.112	0.1214		
		0.1754	0.1705	0.1495	0.1664	0.1579	0.1477	0.1316	0.1629	0.1395	0.1427	0.1359	0.1404		0.1351	0.1512	0.1152	0.135	0.1256	0.1184	0.1074	0.1253	0.1127	0.1157	0.1126	0.1126		
		
~End
Copyright © 2003 Molecular Devices. All rights reserved.
