##BLOCKS= 1          
Plate:	Plate#1	1.3	PlateFormat	Endpoint	Absorbance	Raw	FALSE	1						2	490 750	1	12	96	1	8	None	
	Temperature(¡C)	1	2	3	4	5	6	7	8	9	10	11	12		1	2	3	4	5	6	7	8	9	10	11	12		
	23.20	0.1407	0.1731	0.2037	0.1894	0.1493	0.1444	0.151	0.1701	0.1541	0.1328	0.1371	0.2101		0.1103	0.1144	0.1615	0.148	0.1226	0.1184	0.1196	0.119	0.1094	0.1073	0.1122	0.1697		
		0.4505	0.2805	0.3171	0.1416	0.1473	0.1505	0.1461	0.1559	0.1334	0.1423	0.1359	0.1626		0.3626	0.2208	0.208	0.1133	0.1177	0.1181	0.1155	0.1222	0.1064	0.1172	0.108	0.1323		
		0.1541	0.1766	0.1852	0.1552	0.1558	0.1433	0.2294	0.1537	0.1351	0.1432	0.1468	0.1624		0.1143	0.1346	0.1465	0.1213	0.1186	0.1164	0.1949	0.1223	0.1095	0.1158	0.1202	0.1305		
		0.1655	0.1513	0.1674	0.1672	0.1818	0.1641	0.1422	0.1449	0.1397	0.1496	0.1326	0.2412		0.1505	0.1231	0.1359	0.1351	0.1497	0.1355	0.1176	0.1213	0.1126	0.1217	0.1104	0.2007		
		0.2375	0.1619	0.1794	0.2549	0.1413	0.1439	0.1568	0.1781	0.1367	0.1413	0.14	0.2113		0.1467	0.1291	0.1442	0.212	0.109	0.1166	0.1266	0.1488	0.1104	0.1144	0.1144	0.1489		
		0.1622	0.2106	0.2653	0.1565	0.168	0.1537	0.149	0.1715	0.1532	0.1476	0.1478	0.1654		0.128	0.1713	0.219	0.1231	0.137	0.1221	0.1125	0.1349	0.1232	0.1181	0.1191	0.1327		
		0.2323	0.4223	0.1564	0.2071	0.1458	0.1543	0.1351	0.1818	0.1337	0.1353	0.1352	0.1488		0.1478	0.4353	0.1249	0.1683	0.1167	0.1233	0.1107	0.146	0.1074	0.1082	0.1099	0.1186		
		0.1673	0.1633	0.2157	0.2176	0.1461	0.1457	0.1684	0.1389	0.1455	0.1415	0.1457	0.2632		0.181	0.1334	0.1733	0.1747	0.1161	0.1164	0.1353	0.1088	0.1177	0.1152	0.12	0.2231		
		
~End
Copyright © 2003 Molecular Devices. All rights reserved.
