##BLOCKS= 1          
Plate:	Plate#1	1.3	PlateFormat	Endpoint	Absorbance	Raw	FALSE	1						2	490 750	1	12	96	1	8	None	
	Temperature(¡C)	1	2	3	4	5	6	7	8	9	10	11	12		1	2	3	4	5	6	7	8	9	10	11	12		
	23.10	0.1369	0.1592	0.151	0.1519	0.1418	0.1629	0.1417	0.1631	0.1589	0.1449	0.1693	0.1315		0.1144	0.1073	0.122	0.1218	0.1149	0.1311	0.1142	0.1168	0.1128	0.1156	0.1348	0.1073		
		0.4312	0.1645	0.3116	0.1511	0.1347	0.1581	0.148	0.1572	0.1862	0.1937	0.1801	0.1465		0.3515	0.1559	0.2078	0.1207	0.1084	0.1237	0.118	0.124	0.1504	0.1673	0.1472	0.1201		
		0.1423	0.1423	0.157	0.1865	0.1589	0.145	0.1523	0.1474	0.158	0.1567	0.1722	0.1439		0.1156	0.1135	0.121	0.1466	0.12	0.1173	0.1166	0.1193	0.1282	0.1264	0.1389	0.1179		
		0.171	0.1728	0.1631	0.1888	0.1391	0.1553	0.1658	0.1778	0.1586	0.22	0.2001	0.1431		0.1528	0.1455	0.1316	0.1502	0.1157	0.1258	0.1351	0.1448	0.1306	0.179	0.1678	0.1186		
		0.2037	0.139	0.2087	0.1877	0.1549	0.1362	0.1718	0.1707	0.1517	0.2049	0.1517	0.162		0.1189	0.1125	0.1721	0.1514	0.1192	0.1108	0.1401	0.1354	0.1223	0.1741	0.123	0.1116		
		0.1819	0.1922	0.1469	0.1487	0.1562	0.1549	0.1829	0.1614	0.1509	0.1546	0.2507	0.1596		0.1465	0.1494	0.1191	0.119	0.1251	0.1235	0.1345	0.1307	0.1223	0.1238	0.202	0.1295		
		0.1375	0.3357	0.1669	0.1989	0.1507	0.1734	0.1435	0.1501	0.1397	0.1422	0.1697	0.1404		0.1171	0.3364	0.1326	0.1614	0.1212	0.1385	0.1154	0.1204	0.1116	0.1133	0.1376	0.1152		
		0.1463	0.1491	0.2919	0.1564	0.145	0.1405	0.1381	0.1511	0.2754	0.2447	0.1505	0.1375		0.1243	0.1173	0.2589	0.1247	0.1153	0.1137	0.1114	0.1164	0.2473	0.1988	0.1214	0.1123		
		
~End
Copyright © 2003 Molecular Devices. All rights reserved.
