##BLOCKS= 1          
Plate:	Plate#1	1.3	PlateFormat	Endpoint	Absorbance	Raw	FALSE	1						2	490 750	1	12	96	1	8	None	
	Temperature(¡C)	1	2	3	4	5	6	7	8	9	10	11	12		1	2	3	4	5	6	7	8	9	10	11	12		
	22.90	0.1473	0.1718	0.1436	0.1528	0.1294	0.157	0.1393	0.164	0.1579	0.1401	0.1479	0.1291		0.1154	0.1219	0.1172	0.1225	0.1058	0.1246	0.1121	0.1157	0.1118	0.112	0.1176	0.1062		
		0.3963	0.1723	0.2289	0.1426	0.132	0.1377	0.1491	0.1466	0.1268	0.136	0.1444	0.1376		0.3215	0.1332	0.1557	0.1149	0.1064	0.1104	0.1218	0.1172	0.103	0.1112	0.1143	0.1118		
		0.211	0.1426	0.1346	0.1493	0.1554	0.1421	0.1504	0.1458	0.1462	0.1396	0.1654	0.1465		0.1277	0.1146	0.1052	0.1161	0.1208	0.1155	0.1149	0.1179	0.1184	0.1148	0.1378	0.1212		
		0.1652	0.1536	0.1489	0.1388	0.1404	0.1459	0.1548	0.1416	0.1451	0.143	0.138	0.1305		0.1384	0.1238	0.126	0.1159	0.1192	0.1224	0.1305	0.1173	0.1167	0.115	0.1173	0.1099		
		0.2178	0.1609	0.1749	0.2005	0.1841	0.173	0.1753	0.1502	0.1618	0.148	0.1526	0.1635		0.1332	0.1257	0.1344	0.1533	0.1348	0.135	0.1376	0.1199	0.128	0.1177	0.1234	0.1108		
		0.1753	0.1517	0.1562	0.1489	0.1594	0.1507	0.1533	0.1481	0.1348	0.1628	0.1376	0.1382		0.1461	0.1219	0.126	0.1178	0.1237	0.1201	0.1142	0.1164	0.1086	0.1298	0.1137	0.1121		
		0.134	0.408	0.1465	0.1709	0.1544	0.1542	0.1351	0.1383	0.1684	0.1474	0.1307	0.1393		0.1198	0.3918	0.1171	0.1387	0.1231	0.1218	0.1073	0.1114	0.1316	0.1187	0.1069	0.1152		
		0.146	0.1449	0.1578	0.1538	0.1461	0.1408	0.1382	0.1338	0.151	0.2403	0.1353	0.1581		0.1169	0.1181	0.1243	0.1232	0.1171	0.1145	0.1103	0.1032	0.1199	0.2151	0.1115	0.1288		
		
~End
Copyright © 2003 Molecular Devices. All rights reserved.
