##BLOCKS= 1          
Plate:	Plate#1	1.3	PlateFormat	Endpoint	Absorbance	Raw	FALSE	1						2	490 750	1	12	96	1	8	None	
	Temperature(¡C)	1	2	3	4	5	6	7	8	9	10	11	12		1	2	3	4	5	6	7	8	9	10	11	12		
	22.90	0.1392	0.1708	0.1341	0.1434	0.1394	0.1372	0.1542	0.1664	0.1754	0.1416	0.1421	0.155		0.1072	0.1221	0.1101	0.1151	0.1146	0.1117	0.1249	0.1208	0.1269	0.1139	0.1138	0.1241		
		0.4953	0.1487	0.3012	0.1444	0.1399	0.1478	0.1357	0.1611	0.1475	0.1336	0.1404	0.13		0.3907	0.1214	0.2015	0.1169	0.1128	0.1164	0.1106	0.128	0.1167	0.1088	0.1124	0.1074		
		0.1583	0.141	0.1617	0.163	0.1475	0.131	0.1617	0.1455	0.1511	0.1469	0.1418	0.1467		0.1226	0.1143	0.1265	0.1241	0.1155	0.107	0.1255	0.1178	0.1214	0.1195	0.115	0.1212		
		0.15	0.1465	0.1642	0.15	0.1361	0.1445	0.1552	0.1433	0.1393	0.1592	0.1451	0.1433		0.121	0.1229	0.1363	0.1203	0.1112	0.1221	0.1268	0.1155	0.1112	0.1273	0.1209	0.12		
		0.2087	0.1504	0.1311	0.1492	0.138	0.1359	0.1469	0.142	0.1492	0.136	0.1449	0.1727		0.1248	0.1226	0.1071	0.1206	0.1075	0.1111	0.1196	0.1135	0.1207	0.1119	0.1176	0.1235		
		0.1442	0.1666	0.138	0.1563	0.1719	0.1464	0.1693	0.1598	0.1465	0.1449	0.1392	0.1447		0.1209	0.1324	0.1128	0.1234	0.1376	0.1178	0.1284	0.1255	0.1163	0.1149	0.1136	0.1169		
		0.1283	0.2429	0.136	0.1421	0.1533	0.1423	0.1447	0.1367	0.1669	0.1459	0.1391	0.1503		0.1073	0.1783	0.1092	0.1158	0.1199	0.1129	0.1138	0.1097	0.1293	0.1151	0.1125	0.1218		
		0.161	0.1498	0.1509	0.1425	0.1389	0.1659	0.1383	0.1578	0.1568	0.217	0.1347	0.1497		0.1289	0.1218	0.1176	0.1137	0.1119	0.1321	0.1106	0.1218	0.1271	0.1931	0.1095	0.1204		
		
~End
Copyright © 2003 Molecular Devices. All rights reserved.
