##BLOCKS= 1          
Plate:	Plate#1	1.3	PlateFormat	Endpoint	Absorbance	Raw	FALSE	1						2	490 750	1	12	96	1	8	None	
	Temperature(¡C)	1	2	3	4	5	6	7	8	9	10	11	12		1	2	3	4	5	6	7	8	9	10	11	12		
	23.10	0.1561	0.2275	0.1747	0.1803	0.151	0.1628	0.1586	0.1765	0.1698	0.1739	0.1482	0.1581		0.1144	0.1234	0.1304	0.1297	0.1101	0.1186	0.1145	0.1182	0.1139	0.1257	0.11	0.1167		
		0.3362	0.1622	0.3341	0.1767	0.1655	0.1555	0.1572	0.1669	0.1575	0.164	0.1552	0.1516		0.2773	0.123	0.2227	0.1281	0.1218	0.1136	0.1172	0.1318	0.1182	0.1236	0.1154	0.1129		
		0.1686	0.1666	0.1602	0.18	0.1751	0.1647	0.1685	0.1696	0.1659	0.1551	0.1513	0.1657		0.1199	0.1233	0.1155	0.1229	0.1207	0.1234	0.1225	0.1244	0.1243	0.1146	0.1134	0.1245		
		0.179	0.2822	0.1685	0.1692	0.1618	0.1508	0.1669	0.1622	0.1549	0.1631	0.1474	0.157		0.1233	0.2102	0.1239	0.1253	0.1154	0.1112	0.1218	0.1192	0.1136	0.1153	0.1082	0.1185		
		0.2631	0.1879	0.1783	0.1583	0.1683	0.1743	0.1931	0.1885	0.1547	0.1636	0.149	0.1906		0.147	0.1375	0.1291	0.1138	0.1206	0.1276	0.1432	0.1363	0.1148	0.1233	0.1117	0.123		
		0.1655	0.1711	0.1715	0.1746	0.1765	0.1706	0.1841	0.1834	0.1801	0.1779	0.1504	0.1772		0.1279	0.136	0.1327	0.1357	0.1338	0.1243	0.122	0.1417	0.1328	0.1325	0.1137	0.1355		
		0.1722	0.3014	0.1707	0.1724	0.1552	0.1626	0.1982	0.1711	0.1667	0.1794	0.1433	0.1528		0.1328	0.2544	0.1297	0.1274	0.1181	0.1224	0.146	0.1182	0.1139	0.1236	0.1084	0.1153		
		0.1703	0.1912	0.1633	0.1714	0.1677	0.1882	0.1581	0.1741	0.1777	0.1524	0.1394	0.154		0.1232	0.1475	0.1147	0.1307	0.1266	0.1344	0.1141	0.1157	0.1354	0.1117	0.106	0.1107		
		
~End
Copyright © 2003 Molecular Devices. All rights reserved.
