##BLOCKS= 1          
Plate:	Plate#1	1.3	PlateFormat	Endpoint	Absorbance	Raw	FALSE	1						2	490 750	1	12	96	1	8	None	
	Temperature(¡C)	1	2	3	4	5	6	7	8	9	10	11	12		1	2	3	4	5	6	7	8	9	10	11	12		
	23.00	0.1205	0.175	0.1391	0.1496	0.1429	0.1409	0.1493	0.1648	0.1873	0.1536	0.1369	0.1609		0.1054	0.1286	0.1172	0.1243	0.1186	0.1167	0.1249	0.1188	0.1404	0.1284	0.1108	0.1382		
		0.5052	0.2384	0.3758	0.1379	0.1453	0.1396	0.1382	0.1435	0.1293	0.1325	0.1431	0.1534		0.3901	0.2012	0.2416	0.1164	0.1194	0.1132	0.1146	0.1177	0.1066	0.1101	0.1174	0.1296		
		0.1543	0.1437	0.1397	0.1469	0.148	0.1241	0.1617	0.1495	0.1376	0.1354	0.1462	0.1388		0.1295	0.1173	0.1111	0.1213	0.1174	0.1035	0.1279	0.1252	0.1148	0.1145	0.1226	0.1166		
		0.1291	0.154	0.1467	0.1349	0.1296	0.144	0.1344	0.1325	0.1354	0.1418	0.1237	0.1607		0.1101	0.1236	0.1235	0.1162	0.1096	0.1227	0.1121	0.1133	0.1098	0.1156	0.1082	0.1351		
		0.2046	0.1393	0.1324	0.1461	0.1595	0.1365	0.1372	0.3865	0.1326	0.1408	0.1392	0.164		0.1181	0.1168	0.1106	0.1214	0.1294	0.1137	0.1155	0.3567	0.1113	0.1166	0.1161	0.1142		
		0.1461	0.1497	0.148	0.1817	0.1728	0.162	0.1829	0.1344	0.1521	0.2592	0.1626	0.1341		0.122	0.124	0.1213	0.1473	0.1422	0.1329	0.1406	0.1082	0.1257	0.2168	0.1339	0.1119		
		0.1431	0.3837	0.1731	0.1573	0.134	0.1342	0.1364	0.1368	0.1561	0.1463	0.1851	0.1515		0.1241	0.3334	0.1454	0.1319	0.1098	0.1102	0.1128	0.112	0.1282	0.1184	0.1557	0.1256		
		0.1431	0.1561	0.1457	0.1673	0.2229	0.1318	0.1599	0.1385	0.1585	0.1867	0.138	0.1419		0.1154	0.1272	0.1175	0.1391	0.1967	0.1087	0.1318	0.1108	0.1335	0.1579	0.1159	0.1157		
		
~End
Copyright © 2003 Molecular Devices. All rights reserved.
