##BLOCKS= 1          
Plate:	Plate#1	1.3	PlateFormat	Endpoint	Absorbance	Raw	FALSE	1						2	490 750	1	12	96	1	8	None	
	Temperature(¡C)	1	2	3	4	5	6	7	8	9	10	11	12		1	2	3	4	5	6	7	8	9	10	11	12		
	23.00	0.1578	0.1581	0.1294	0.1322	0.1281	0.1308	0.1373	0.1434	0.1535	0.1324	0.1211	0.1233		0.136	0.1129	0.108	0.1101	0.1078	0.1096	0.1123	0.102	0.1107	0.1108	0.1	0.1024		
		0.4079	0.1343	0.2683	0.1259	0.1309	0.1278	0.1353	0.1301	0.1348	0.1235	0.1333	0.125		0.3565	0.1123	0.1763	0.1062	0.1076	0.1041	0.1129	0.1061	0.1095	0.1032	0.107	0.104		
		0.1343	0.1292	0.1382	0.142	0.1379	0.1237	0.1336	0.1209	0.1285	0.1239	0.1286	0.1362		0.1096	0.1052	0.1104	0.1179	0.1083	0.1038	0.1041	0.1015	0.1069	0.105	0.1075	0.114		
		0.1453	0.1293	0.1235	0.1319	0.1263	0.1351	0.1255	0.1348	0.1393	0.1355	0.1287	0.1407		0.121	0.1043	0.1071	0.1078	0.1041	0.1118	0.1033	0.1104	0.1123	0.1058	0.106	0.1187		
		0.195	0.1433	0.142	0.131	0.1369	0.1509	0.1212	0.1391	0.1241	0.1358	0.1415	0.1518		0.113	0.1194	0.1183	0.1081	0.1093	0.1246	0.102	0.114	0.1044	0.1134	0.1185	0.1024		
		0.1465	0.1309	0.1364	0.138	0.1274	0.1316	0.1463	0.1323	0.1302	0.1403	0.1423	0.1348		0.1224	0.1116	0.1133	0.1128	0.1049	0.1087	0.1111	0.1069	0.1079	0.1167	0.1225	0.1135		
		0.1255	0.3717	0.1262	0.1327	0.1329	0.1222	0.1304	0.129	0.1293	0.1202	0.161	0.1264		0.1038	0.3263	0.1058	0.1106	0.1083	0.1012	0.1081	0.1074	0.106	0.099	0.1387	0.1062		
		0.1304	0.1485	0.5148	0.1257	0.126	0.1296	0.1257	0.1291	0.1248	0.1818	0.1214	0.1284		0.1066	0.1222	0.475	0.1038	0.1037	0.1072	0.104	0.1042	0.1036	0.1591	0.1022	0.1038		
		
~End
Copyright © 2003 Molecular Devices. All rights reserved.
