##BLOCKS= 1          
Plate:	Plate#1	1.3	PlateFormat	Endpoint	Absorbance	Raw	FALSE	1						2	490 750	1	12	96	1	8	None	
	Temperature(¡C)	1	2	3	4	5	6	7	8	9	10	11	12		1	2	3	4	5	6	7	8	9	10	11	12		
	22.90	0.1418	0.1999	0.1389	0.1391	0.1241	0.1313	0.1299	0.1654	0.163	0.1364	0.1344	0.1302		0.1006	0.1136	0.1076	0.1077	0.0999	0.1025	0.0999	0.1119	0.1113	0.1063	0.1041	0.1016		
		0.4771	0.1345	0.2614	0.1316	0.1317	0.1338	0.1262	0.1445	0.1388	0.1398	0.1363	0.1344		0.3804	0.1087	0.1697	0.1015	0.102	0.1024	0.1013	0.1133	0.1067	0.1108	0.1028	0.1036		
		0.1313	0.1553	0.1421	0.1621	0.1541	0.1373	0.1431	0.1557	0.1896	0.1614	0.1894	0.1548		0.0982	0.1213	0.1059	0.1149	0.1142	0.1071	0.1055	0.1206	0.1537	0.1248	0.1431	0.1188		
		0.1491	0.1594	0.1394	0.1541	0.1648	0.1357	0.1373	0.1266	0.1334	0.1379	0.1622	0.1564		0.1367	0.1207	0.1059	0.1197	0.1248	0.1074	0.105	0.0973	0.0963	0.1021	0.1236	0.1203		
		0.2052	0.1358	0.1392	0.1383	0.1697	0.1601	0.1472	0.1551	0.1313	0.1405	0.1327	0.1622		0.114	0.1058	0.107	0.1044	0.1181	0.1224	0.1101	0.1148	0.1012	0.1103	0.1043	0.1039		
		0.1404	0.1471	0.1341	0.1435	0.1541	0.1495	0.19	0.1601	0.1469	0.1337	0.1302	0.2012		0.1155	0.1173	0.107	0.1134	0.1195	0.116	0.1283	0.1234	0.1139	0.1038	0.105	0.1452		
		0.1215	0.4593	0.1369	0.1638	0.1495	0.1374	0.1468	0.1705	0.1417	0.132	0.1314	0.1853		0.0968	0.3857	0.1075	0.1254	0.1172	0.1091	0.1092	0.1226	0.1015	0.0989	0.1039	0.1497		
		0.1398	0.1333	0.1431	0.1506	0.1242	0.1262	0.1448	0.3216	0.1309	0.1884	0.1223	0.1343		0.1094	0.1036	0.1042	0.1215	0.1001	0.0989	0.1062	0.2383	0.1017	0.1581	0.0987	0.1022		
		
~End
Copyright © 2003 Molecular Devices. All rights reserved.
