##BLOCKS= 1          
Plate:	Plate#1	1.3	PlateFormat	Endpoint	Absorbance	Raw	FALSE	1						2	490 750	1	12	96	1	8	None	
	Temperature(¡C)	1	2	3	4	5	6	7	8	9	10	11	12		1	2	3	4	5	6	7	8	9	10	11	12		
	22.90	0.1306	0.193	0.1342	0.1791	0.1315	0.1545	0.1499	0.1524	0.1748	0.144	0.1762	0.1391		0.0998	0.1145	0.105	0.1436	0.1048	0.1164	0.1057	0.1018	0.1189	0.1103	0.1349	0.1077		
		0.4878	0.1734	0.345	0.1676	0.1449	0.1435	0.1412	0.16	0.1466	0.1351	0.1355	0.1391		0.3633	0.1562	0.2202	0.1234	0.1112	0.108	0.1111	0.1252	0.1111	0.1061	0.1031	0.1058		
		0.2001	0.141	0.1477	0.1815	0.1567	0.1485	0.1466	0.2219	0.1957	0.1635	0.1266	0.1484		0.1241	0.1128	0.1107	0.1263	0.1146	0.1126	0.1085	0.1702	0.1529	0.1284	0.1006	0.1139		
		0.1368	0.16	0.1348	0.1376	0.1442	0.1462	0.1389	0.1527	0.163	0.158	0.1427	0.1401		0.1134	0.1294	0.1072	0.1089	0.1142	0.1141	0.1103	0.117	0.1228	0.1171	0.1108	0.1091		
		0.2235	0.1377	0.1371	0.1366	0.158	0.148	0.1629	0.3053	0.1613	0.1308	0.1588	0.174		0.122	0.1069	0.1059	0.1044	0.1148	0.114	0.1207	0.2437	0.122	0.1017	0.1195	0.1148		
		0.1435	0.1358	0.1508	0.1653	0.1556	0.1467	0.1814	0.172	0.147	0.1587	0.1347	0.1298		0.1124	0.1103	0.1196	0.1283	0.121	0.1128	0.1227	0.1306	0.1134	0.1207	0.107	0.1059		
		0.1349	0.363	0.142	0.1972	0.1326	0.1439	0.1422	0.154	0.1513	0.1453	0.1448	0.212		0.1035	0.3108	0.1122	0.1506	0.1038	0.1121	0.1056	0.1144	0.1086	0.1045	0.1136	0.166		
		0.1698	0.1408	0.3182	0.1502	0.1588	0.165	0.1568	0.3305	0.134	0.4114	0.1333	0.1393		0.135	0.1079	0.2674	0.1176	0.1261	0.1244	0.1152	0.2483	0.1027	0.3845	0.1052	0.1057		
		
~End
Copyright © 2003 Molecular Devices. All rights reserved.
