##BLOCKS= 1          
Plate:	Plate#1	1.3	PlateFormat	Endpoint	Absorbance	Raw	FALSE	1						2	490 750	1	12	96	1	8	None	
	Temperature(¡C)	1	2	3	4	5	6	7	8	9	10	11	12		1	2	3	4	5	6	7	8	9	10	11	12		
	22.90	0.1712	0.2041	0.1585	0.184	0.153	0.1659	0.1452	0.1869	0.1994	0.1443	0.134	0.1465		0.1308	0.1219	0.1244	0.138	0.1177	0.1255	0.1084	0.1284	0.1349	0.1098	0.1042	0.1113		
		0.4229	0.1738	0.3236	0.1573	0.1407	0.1684	0.1444	0.1468	0.1493	0.1437	0.146	0.1434		0.3371	0.137	0.1994	0.1218	0.1078	0.1195	0.1137	0.1137	0.113	0.1126	0.1108	0.1089		
		0.2317	0.1796	0.1843	0.1763	0.1515	0.1384	0.1605	0.1514	0.1682	0.161	0.1507	0.1588		0.1809	0.1345	0.1426	0.1202	0.1117	0.1066	0.1152	0.1167	0.1279	0.1241	0.1157	0.1205		
		0.1568	0.1848	0.1434	0.1546	0.1289	0.1414	0.1555	0.1386	0.1577	0.1509	0.1494	0.1522		0.1129	0.135	0.1103	0.1206	0.102	0.1092	0.1184	0.1079	0.1171	0.1099	0.118	0.1177		
		0.2386	0.1553	0.1872	0.1375	0.1477	0.1521	0.1655	0.1809	0.1879	0.1651	0.1497	0.1747		0.126	0.1153	0.1434	0.1051	0.1059	0.1166	0.1238	0.1312	0.1355	0.1224	0.1142	0.114		
		0.197	0.1508	0.1387	0.1415	0.1717	0.157	0.1633	0.1566	0.1476	0.1557	0.1381	0.1543		0.1444	0.1228	0.1086	0.1105	0.1336	0.1175	0.1097	0.1191	0.114	0.1152	0.11	0.1208		
		0.1575	0.379	0.1393	0.1563	0.1528	0.1497	0.1564	0.1657	0.1505	0.1944	0.1602	0.164		0.1305	0.3391	0.1098	0.119	0.1187	0.1158	0.1115	0.1178	0.106	0.1382	0.124	0.1283		
		0.1964	0.1488	0.1817	0.1537	0.1393	0.1393	0.1411	0.3666	0.1445	0.1651	0.1426	0.1692		0.1258	0.1078	0.1267	0.1187	0.1082	0.1048	0.1023	0.2758	0.1076	0.1231	0.1096	0.1242		
		
~End
Copyright © 2003 Molecular Devices. All rights reserved.
