##BLOCKS= 1          
Plate:	Plate#1	1.3	PlateFormat	Endpoint	Absorbance	Raw	FALSE	1						2	490 750	1	12	96	1	8	None	
	Temperature(¡C)	1	2	3	4	5	6	7	8	9	10	11	12		1	2	3	4	5	6	7	8	9	10	11	12		
	23.50	0.1339	0.1484	0.1272	0.13	0.1202	0.1298	0.1247	0.1437	0.1407	0.1307	0.1247	0.1415		0.1111	0.1109	0.1082	0.1095	0.1031	0.1096	0.1059	0.1074	0.1055	0.1099	0.1051	0.1215		
		0.3861	0.1271	0.4259	0.1347	0.1487	0.1391	0.1298	0.1376	0.1428	0.1269	0.1294	0.1627		0.3086	0.1075	0.3049	0.1133	0.1259	0.1155	0.1105	0.1129	0.1185	0.1081	0.1075	0.1399		
		0.1355	0.1242	0.1257	0.1927	0.1483	0.1671	0.1473	0.1219	0.1323	0.1284	0.1282	0.1188		0.1086	0.104	0.1029	0.1683	0.1187	0.1433	0.1182	0.1041	0.1135	0.1094	0.1099	0.1018		
		0.1368	0.1413	0.1276	0.1276	0.1426	0.1385	0.1361	0.1371	0.1452	0.1425	0.1227	0.1461		0.1124	0.1161	0.1071	0.1086	0.1259	0.12	0.1183	0.1152	0.1229	0.1209	0.1041	0.1259		
		0.1948	0.1336	0.1308	0.1311	0.1395	0.1281	0.1353	0.1279	0.1284	0.1247	0.1351	0.1528		0.1192	0.1146	0.1093	0.1113	0.115	0.1077	0.1143	0.1076	0.1102	0.1067	0.1158	0.1118		
		0.1441	0.1379	0.1375	0.126	0.1461	0.1434	0.148	0.1372	0.1583	0.144	0.1368	0.1312		0.127	0.1177	0.1167	0.1046	0.1214	0.1196	0.1162	0.1145	0.1324	0.1194	0.1158	0.1111		
		0.1226	0.3086	0.1325	0.1299	0.1324	0.1361	0.1535	0.1306	0.1293	0.1262	0.1332	0.1398		0.115	0.2861	0.1114	0.1109	0.1091	0.1134	0.1313	0.1111	0.1082	0.1045	0.1109	0.1175		
		0.1351	0.1221	0.5488	0.1331	0.1362	0.1287	0.1347	0.1449	0.1419	0.1342	0.1486	0.1302		0.1147	0.104	0.5277	0.111	0.1129	0.1085	0.1147	0.1113	0.1213	0.1145	0.1284	0.1106		
		
~End
Copyright © 2003 Molecular Devices. All rights reserved.
