##BLOCKS= 1          
Plate:	Plate#1	1.3	PlateFormat	Endpoint	Absorbance	Raw	FALSE	1						2	490 750	1	12	96	1	8	None	
	Temperature(¡C)	1	2	3	4	5	6	7	8	9	10	11	12		1	2	3	4	5	6	7	8	9	10	11	12		
	23.50	0.1251	0.1567	0.1354	0.134	0.1458	0.1508	0.1359	0.1523	0.1615	0.1339	0.1356	0.1433		0.1075	0.116	0.1153	0.1142	0.1256	0.1286	0.1146	0.1155	0.1251	0.1122	0.1146	0.1214		
		0.6195	0.1851	0.352	0.1269	0.1289	0.1371	0.1301	0.1359	0.1465	0.1298	0.1267	0.1286		0.4935	0.1198	0.237	0.1067	0.1086	0.1135	0.1103	0.1129	0.1242	0.1095	0.1049	0.1084		
		0.1388	0.1306	0.1647	0.1436	0.1541	0.1517	0.1712	0.1345	0.1279	0.1322	0.1319	0.1316		0.1141	0.1082	0.1342	0.1205	0.1203	0.125	0.1379	0.1131	0.1079	0.113	0.1136	0.113		
		0.128	0.1414	0.1405	0.1406	0.1525	0.1566	0.1407	0.1375	0.1368	0.1314	0.1391	0.1268		0.1164	0.1235	0.1196	0.1141	0.1272	0.1341	0.1255	0.1158	0.1116	0.1092	0.1191	0.1077		
		0.1751	0.1309	0.1444	0.1343	0.1462	0.1472	0.1543	0.1534	0.1458	0.142	0.1584	0.1485		0.1122	0.1138	0.1231	0.1128	0.1202	0.1236	0.1315	0.1283	0.1237	0.1189	0.1345	0.1077		
		0.1488	0.1397	0.1466	0.1371	0.1557	0.1361	0.1512	0.151	0.1578	0.1391	0.1396	0.1457		0.1214	0.1202	0.1228	0.1118	0.128	0.1137	0.1168	0.1266	0.1348	0.1155	0.1179	0.1232		
		0.1312	0.4239	0.1388	0.1276	0.1414	0.1356	0.1314	0.1357	0.1307	0.1508	0.1284	0.1311		0.1101	0.3784	0.1157	0.109	0.118	0.1128	0.1117	0.1141	0.1097	0.1281	0.1094	0.1127		
		0.1369	0.1426	0.1364	0.1471	0.1367	0.1303	0.1254	0.1493	0.1371	0.1334	0.1282	0.1244		0.1206	0.1163	0.1131	0.1222	0.1121	0.1106	0.1064	0.117	0.1149	0.1135	0.1097	0.1061		
		
~End
Copyright © 2003 Molecular Devices. All rights reserved.
