##BLOCKS= 1          
Plate:	Plate#1	1.3	PlateFormat	Endpoint	Absorbance	Raw	FALSE	1						2	490 750	1	12	96	1	8	None	
	Temperature(¡C)	1	2	3	4	5	6	7	8	9	10	11	12		1	2	3	4	5	6	7	8	9	10	11	12		
	23.40	0.1293	0.1455	0.1306	0.1295	0.1288	0.1338	0.1223	0.1423	0.1431	0.127	0.1426	0.1304		0.1087	0.1085	0.1109	0.1101	0.1104	0.1148	0.1035	0.1056	0.108	0.1057	0.1206	0.1114		
		0.3666	0.1817	0.2057	0.1264	0.1219	0.1335	0.1311	0.1347	0.1261	0.1335	0.1365	0.1227		0.291	0.1639	0.1438	0.1067	0.103	0.1111	0.111	0.1106	0.1059	0.1143	0.1125	0.1045		
		0.1403	0.1323	0.1257	0.129	0.1489	0.1286	0.1329	0.125	0.1608	0.1244	0.1226	0.1317		0.1164	0.1106	0.1038	0.108	0.1183	0.1084	0.1059	0.1071	0.1345	0.1066	0.1054	0.1121		
		0.1384	0.1274	0.1268	0.1216	0.1252	0.133	0.125	0.1683	0.1262	0.1249	0.1258	0.1247		0.1161	0.106	0.1092	0.1034	0.1054	0.1137	0.1069	0.1455	0.1061	0.1053	0.1082	0.1074		
		0.229	0.1372	0.1263	0.1343	0.1478	0.1283	0.1177	0.1408	0.129	0.1302	0.1241	0.15		0.1277	0.123	0.1061	0.1133	0.1224	0.1089	0.1011	0.1171	0.1099	0.111	0.1059	0.1078		
		0.1324	0.1437	0.1268	0.1306	0.1321	0.1276	0.1499	0.139	0.1207	0.1472	0.123	0.1375		0.1126	0.1251	0.1077	0.1075	0.1091	0.107	0.1163	0.1151	0.1013	0.1231	0.1051	0.1152		
		0.1164	0.3617	0.134	0.1497	0.1273	0.1322	0.1173	0.1482	0.129	0.128	0.129	0.1376		0.0988	0.3341	0.1123	0.1287	0.1057	0.1109	0.1001	0.1264	0.1083	0.1074	0.1107	0.1166		
		0.1341	0.1277	0.1299	0.1255	0.1276	0.1231	0.1216	0.1343	0.1405	0.2256	0.1214	0.1268		0.1193	0.1087	0.1083	0.1046	0.1054	0.1041	0.1042	0.104	0.1175	0.2045	0.1032	0.1066		
		
~End
Copyright © 2003 Molecular Devices. All rights reserved.
