##BLOCKS= 1          
Plate:	Plate#1	1.3	PlateFormat	Endpoint	Absorbance	Raw	FALSE	1						2	490 750	1	12	96	1	8	None	
	Temperature(¡C)	1	2	3	4	5	6	7	8	9	10	11	12		1	2	3	4	5	6	7	8	9	10	11	12		
	23.10	0.1548	0.1968	0.1385	0.1463	0.1362	0.1431	0.1432	0.1835	0.1503	0.1335	0.1317	0.1537		0.1119	0.1089	0.1075	0.1088	0.1049	0.1078	0.1053	0.1319	0.1055	0.1032	0.1041	0.1179		
		0.4668	0.1312	0.257	0.1556	0.1433	0.1456	0.1372	0.1534	0.136	0.1381	0.1393	0.1399		0.3611	0.1065	0.1649	0.1122	0.1061	0.1094	0.109	0.1211	0.1049	0.1072	0.1037	0.1044		
		0.1635	0.1338	0.1443	0.1446	0.148	0.1635	0.1562	0.1337	0.1393	0.1373	0.1428	0.1434		0.1141	0.1039	0.1084	0.104	0.1065	0.1186	0.1173	0.1037	0.1064	0.1068	0.1085	0.1107		
		0.141	0.1396	0.153	0.1559	0.1488	0.1453	0.152	0.144	0.1445	0.1366	0.1449	0.1565		0.1002	0.1039	0.1104	0.1165	0.11	0.1087	0.1074	0.1058	0.1073	0.1006	0.1095	0.1172		
		0.1974	0.1506	0.1491	0.1802	0.1541	0.1496	0.186	0.15	0.1468	0.1544	0.1409	0.167		0.1105	0.1118	0.1095	0.1229	0.1126	0.113	0.1346	0.1124	0.1085	0.1146	0.1052	0.1124		
		0.1576	0.1451	0.1398	0.1492	0.1528	0.145	0.1792	0.141	0.1395	0.1358	0.141	0.1385		0.1296	0.1167	0.1104	0.1168	0.118	0.11	0.122	0.1111	0.1076	0.1051	0.1094	0.1094		
		0.1411	0.311	0.1386	0.1491	0.1419	0.1386	0.1512	0.1491	0.1638	0.1538	0.1293	0.134		0.1175	0.2731	0.1089	0.1109	0.1126	0.1093	0.1102	0.1063	0.1137	0.108	0.1019	0.1057		
		0.1481	0.1463	0.1601	0.1489	0.1426	0.156	0.153	0.1491	0.1429	0.142	0.1507	0.1363		0.1072	0.1059	0.1079	0.1146	0.111	0.1128	0.111	0.1064	0.1055	0.1075	0.1121	0.1008		
		
~End
Copyright © 2003 Molecular Devices. All rights reserved.
