##BLOCKS= 1          
Plate:	Plate#1	1.3	PlateFormat	Endpoint	Absorbance	Raw	FALSE	1						2	490 750	1	12	96	1	8	None	
	Temperature(¡C)	1	2	3	4	5	6	7	8	9	10	11	12		1	2	3	4	5	6	7	8	9	10	11	12		
	23.00	0.1486	0.2111	0.1475	0.1498	0.1636	0.1418	0.1556	0.15	0.1613	0.1439	0.1407	0.1446		0.1046	0.1107	0.1106	0.1116	0.126	0.1077	0.1088	0.1021	0.1093	0.1083	0.1092	0.1058		
		0.4999	0.1331	0.3546	0.1601	0.1521	0.1448	0.1532	0.1585	0.1498	0.1516	0.145	0.1499		0.3982	0.1098	0.2471	0.1134	0.1097	0.107	0.1202	0.1227	0.1133	0.1159	0.112	0.1086		
		0.1463	0.1625	0.1436	0.1559	0.17	0.1557	0.1556	0.156	0.1554	0.1446	0.1356	0.1499		0.1032	0.1276	0.108	0.1112	0.1179	0.1121	0.1156	0.1173	0.1208	0.1095	0.1049	0.112		
		0.1537	0.1614	0.144	0.1527	0.1926	0.1615	0.1601	0.1719	0.1582	0.1568	0.1496	0.1648		0.1107	0.1177	0.1065	0.118	0.1549	0.1221	0.1146	0.122	0.1131	0.1145	0.1112	0.1265		
		0.2174	0.1539	0.145	0.1494	0.1396	0.1674	0.1577	0.1684	0.1669	0.1734	0.1669	0.1825		0.1204	0.1125	0.1047	0.1042	0.1012	0.1231	0.1112	0.1218	0.1164	0.1276	0.1241	0.1204		
		0.1718	0.1664	0.1429	0.1395	0.1504	0.1619	0.1535	0.1394	0.1562	0.1742	0.1568	0.1439		0.1363	0.1256	0.1113	0.109	0.1167	0.1219	0.1062	0.108	0.1194	0.1298	0.1221	0.1135		
		0.1743	0.4127	0.1443	0.1649	0.1466	0.1373	0.1551	0.1822	0.1673	0.1678	0.1494	0.1367		0.1304	0.3724	0.1141	0.1223	0.1156	0.1085	0.1116	0.1277	0.1095	0.1133	0.1152	0.1083		
		0.1658	0.1503	0.8516	0.1471	0.1383	0.1957	0.1613	0.1766	0.1756	0.1569	0.1314	0.1541		0.1256	0.1091	0.8146	0.1156	0.1096	0.1436	0.1171	0.1189	0.1252	0.1197	0.1006	0.1135		
		
~End
Copyright © 2003 Molecular Devices. All rights reserved.
