##BLOCKS= 1          
Plate:	Plate#1	1.3	PlateFormat	Endpoint	Absorbance	Raw	FALSE	1						2	490 750	1	12	96	1	8	None	
	Temperature(¡C)	1	2	3	4	5	6	7	8	9	10	11	12		1	2	3	4	5	6	7	8	9	10	11	12		
	23.00	0.1263	0.1477	0.1282	0.1314	0.1277	0.1311	0.1325	0.1539	0.1578	0.1329	0.1249	0.1235		0.1035	0.1043	0.1048	0.107	0.1088	0.1079	0.1082	0.1097	0.1131	0.1085	0.103	0.1025		
		0.4385	0.1329	0.2518	0.1284	0.1291	0.1275	0.1256	0.1402	0.1407	0.1376	0.1306	0.1228		0.3413	0.1102	0.1665	0.1055	0.106	0.1035	0.1037	0.1131	0.1118	0.1122	0.1042	0.1016		
		0.1326	0.1267	0.1276	0.1362	0.1368	0.1351	0.1409	0.1249	0.1267	0.1285	0.1251	0.1338		0.1097	0.1032	0.1015	0.109	0.1064	0.1105	0.1093	0.1033	0.1037	0.1059	0.1055	0.1107		
		0.1303	0.1282	0.1254	0.1396	0.1283	0.1247	0.1292	0.1246	0.1288	0.1401	0.1319	0.1458		0.1067	0.1058	0.1065	0.1129	0.1084	0.105	0.1097	0.1017	0.1073	0.1119	0.1099	0.1179		
		0.1969	0.1262	0.1304	0.1413	0.1363	0.126	0.1326	0.1265	0.1345	0.1197	0.1308	0.1606		0.1074	0.1042	0.1062	0.1148	0.1066	0.1044	0.1094	0.1041	0.1099	0.1006	0.108	0.11		
		0.1444	0.1377	0.1415	0.1359	0.1469	0.138	0.1409	0.1412	0.1276	0.1359	0.131	0.1285		0.1161	0.1112	0.1147	0.1094	0.1157	0.1117	0.1077	0.1127	0.1032	0.1105	0.108	0.1061		
		0.1239	0.3591	0.125	0.1274	0.1365	0.1307	0.1438	0.1269	0.1266	0.1347	0.1443	0.134		0.105	0.3215	0.1034	0.1045	0.1088	0.1056	0.1173	0.1045	0.1035	0.1087	0.1163	0.1109		
		0.1357	0.1319	0.5249	0.1264	0.1278	0.1289	0.1188	0.1347	0.1261	0.1722	0.1277	0.1387		0.1149	0.1078	0.5179	0.1022	0.1034	0.1048	0.0996	0.1045	0.1033	0.1459	0.1069	0.1131		
		
~End
Copyright © 2003 Molecular Devices. All rights reserved.
