##BLOCKS= 1          
Plate:	Plate#1	1.3	PlateFormat	Endpoint	Absorbance	Raw	FALSE	1						2	490 750	1	12	96	1	8	None	
	Temperature(¡C)	1	2	3	4	5	6	7	8	9	10	11	12		1	2	3	4	5	6	7	8	9	10	11	12		
	23.00	0.1296	0.1887	0.1617	0.1378	0.1376	0.1485	0.1501	0.1567	0.1547	0.1263	0.1422	0.1332		0.1058	0.132	0.1319	0.1112	0.1145	0.1198	0.1223	0.1101	0.109	0.1026	0.1135	0.1086		
		0.4663	0.1498	0.3138	0.1408	0.1364	0.1441	0.147	0.1564	0.1462	0.1571	0.1439	0.1349		0.3674	0.12	0.203	0.1153	0.1104	0.1149	0.1199	0.1231	0.1162	0.1249	0.1147	0.1093		
		0.1459	0.1384	0.1509	0.1424	0.1513	0.1601	0.1643	0.1339	0.1286	0.1401	0.1429	0.1424		0.1087	0.1114	0.1191	0.1156	0.1185	0.1308	0.1273	0.1101	0.1064	0.1144	0.1177	0.1155		
		0.1398	0.1583	0.1341	0.1732	0.1316	0.1444	0.1461	0.1448	0.1456	0.1344	0.141	0.1335		0.1122	0.1265	0.1111	0.1419	0.1136	0.1197	0.1199	0.1179	0.119	0.1101	0.1141	0.1124		
		0.1909	0.1516	0.1407	0.1348	0.1387	0.1415	0.1368	0.1426	0.1481	0.1339	0.1432	0.1679		0.1155	0.1196	0.1148	0.1096	0.1088	0.1161	0.1124	0.1147	0.1223	0.1089	0.1178	0.1152		
		0.1649	0.1744	0.1688	0.1493	0.1413	0.1396	0.1571	0.1466	0.134	0.135	0.1321	0.1386		0.1207	0.1408	0.1357	0.1174	0.1128	0.1121	0.1187	0.1175	0.1095	0.1096	0.1082	0.1136		
		0.1338	0.3467	0.1448	0.1457	0.1371	0.1389	0.14	0.1532	0.136	0.1546	0.1326	0.1312		0.1068	0.3154	0.1179	0.1183	0.1095	0.1096	0.1165	0.1234	0.1108	0.1251	0.1086	0.1073		
		0.1489	0.1456	0.1305	0.1479	0.1566	0.1375	0.1509	0.1348	0.1347	0.3798	0.1331	0.1464		0.1233	0.1272	0.1056	0.1186	0.1255	0.1128	0.1224	0.1054	0.1096	0.3628	0.1085	0.1194		
		
~End
Copyright © 2003 Molecular Devices. All rights reserved.
