##BLOCKS= 1          
Plate:	Plate#1	1.3	PlateFormat	Endpoint	Absorbance	Raw	FALSE	1						2	490 750	1	12	96	1	8	None	
	Temperature(¡C)	1	2	3	4	5	6	7	8	9	10	11	12		1	2	3	4	5	6	7	8	9	10	11	12		
	23.30	0.2017	0.1723	0.149	0.1388	0.1283	0.1504	0.1341	0.1508	0.1495	0.1335	0.1435	0.1362		0.1651	0.1199	0.1225	0.1139	0.1071	0.126	0.1097	0.1067	0.1065	0.1086	0.1175	0.1109		
		0.5341	0.1495	0.3152	0.1282	0.1319	0.1293	0.1371	0.1444	0.1392	0.1338	0.155	0.1362		0.4245	0.1214	0.2389	0.1055	0.1088	0.1048	0.1125	0.1144	0.1114	0.1103	0.1221	0.1117		
		0.1435	0.1288	0.2007	0.3063	0.1519	0.1405	0.2213	0.1472	0.1235	0.1348	0.1385	0.1514		0.1204	0.1039	0.162	0.2764	0.1178	0.1156	0.1888	0.1215	0.1021	0.1105	0.1144	0.1255		
		0.1378	0.1359	0.1314	0.1426	0.1273	0.1454	0.1409	0.127	0.1252	0.1395	0.1393	0.1341		0.1145	0.1096	0.1081	0.1166	0.1035	0.1193	0.1191	0.1043	0.1002	0.109	0.1139	0.1118		
		0.2023	0.1342	0.1389	0.1411	0.1357	0.1353	0.1379	0.1298	0.1458	0.1445	0.1461	0.1582		0.1159	0.1116	0.1145	0.1129	0.1082	0.1107	0.1144	0.1053	0.12	0.1181	0.1209	0.1101		
		0.1972	0.1474	0.1413	0.1423	0.1507	0.1729	0.1565	0.1497	0.1399	0.1421	0.1483	0.1345		0.1572	0.1224	0.1152	0.1133	0.1211	0.1381	0.1183	0.1171	0.1139	0.1148	0.1204	0.1108		
		0.1572	0.3329	0.1455	0.1417	0.1463	0.1373	0.1365	0.1309	0.1426	0.1322	0.1617	0.1254		0.1374	0.2925	0.1185	0.1173	0.1163	0.1123	0.1116	0.1067	0.1154	0.1066	0.1308	0.1051		
		0.1466	0.1391	0.1325	0.1279	0.1282	0.1462	0.131	0.1552	0.1263	0.1515	0.1331	0.1402		0.1266	0.1121	0.1075	0.1042	0.104	0.1192	0.107	0.1127	0.1035	0.123	0.1098	0.1132		
		
~End
Copyright © 2003 Molecular Devices. All rights reserved.
