##BLOCKS= 1          
Plate:	Plate#1	1.3	PlateFormat	Endpoint	Absorbance	Raw	FALSE	1						2	490 750	1	12	96	1	8	None	
	Temperature(¡C)	1	2	3	4	5	6	7	8	9	10	11	12		1	2	3	4	5	6	7	8	9	10	11	12		
	23.30	0.1347	0.1823	0.1364	0.1424	0.1496	0.1429	0.1471	0.1758	0.1711	0.1459	0.1482	0.1384		0.1055	0.1256	0.1084	0.1118	0.1177	0.1127	0.1162	0.1267	0.1233	0.115	0.1158	0.1094		
		0.338	0.1592	0.2981	0.1663	0.1355	0.1605	0.1395	0.147	0.1468	0.1571	0.1527	0.1434		0.2697	0.1283	0.1955	0.1308	0.1071	0.1239	0.1103	0.1159	0.1155	0.1232	0.1176	0.1141		
		0.1574	0.1496	0.1625	0.1665	0.1584	0.1478	0.1577	0.1614	0.1511	0.1415	0.1497	0.1533		0.1265	0.115	0.1247	0.1295	0.1181	0.1163	0.1182	0.1247	0.1202	0.1128	0.1187	0.1206		
		0.1584	0.1537	0.1455	0.1476	0.1556	0.1493	0.166	0.14	0.149	0.1622	0.1452	0.1443		0.1234	0.1196	0.1186	0.1189	0.1213	0.1185	0.1305	0.1128	0.1164	0.1234	0.1151	0.1136		
		0.1956	0.1432	0.1491	0.1545	0.1658	0.1498	0.1544	0.1523	0.1397	0.1632	0.1422	0.1644		0.1128	0.1143	0.1163	0.12	0.1285	0.1182	0.1202	0.1177	0.1108	0.1291	0.1125	0.1139		
		0.1563	0.1433	0.1572	0.1463	0.1511	0.1601	0.1758	0.1519	0.1479	0.1568	0.1533	0.1488		0.1258	0.1138	0.1261	0.1153	0.1184	0.1244	0.1284	0.1177	0.1175	0.1225	0.1211	0.1178		
		0.1405	0.4423	0.155	0.1411	0.1426	0.1604	0.1654	0.1572	0.1572	0.1538	0.1367	0.142		0.1206	0.4252	0.1236	0.1124	0.1126	0.1264	0.1324	0.1229	0.124	0.1195	0.1091	0.1133		
		0.1711	0.1466	0.2368	0.15	0.147	0.1478	0.1445	0.1801	0.1385	0.2381	0.1409	0.1393		0.1327	0.116	0.1996	0.118	0.1172	0.1159	0.1141	0.1374	0.1091	0.2022	0.1128	0.1107		
		
~End
Copyright © 2003 Molecular Devices. All rights reserved.
