##BLOCKS= 1          
Plate:	Plate#1	1.3	PlateFormat	Endpoint	Absorbance	Raw	FALSE	1						2	490 750	1	12	96	1	8	None	
	Temperature(¡C)	1	2	3	4	5	6	7	8	9	10	11	12		1	2	3	4	5	6	7	8	9	10	11	12		
	23.40	0.1448	0.1779	0.1509	0.1618	0.16	0.1557	0.1458	0.1735	0.1578	0.1801	0.1646	0.1529		0.1108	0.117	0.1194	0.1252	0.1258	0.1223	0.1144	0.1222	0.1116	0.1424	0.1276	0.1195		
		0.4376	0.1458	0.2661	0.1568	0.1488	0.1392	0.1509	0.1559	0.1453	0.158	0.1421	0.1526		0.3542	0.1136	0.1787	0.1221	0.1162	0.1084	0.1175	0.1234	0.1134	0.1245	0.1094	0.1203		
		0.1703	0.1629	0.1419	0.1763	0.1709	0.1459	0.1569	0.1473	0.1689	0.158	0.1679	0.1574		0.1319	0.1261	0.1084	0.1384	0.1296	0.1144	0.1161	0.115	0.1311	0.1242	0.1366	0.123		
		0.1677	0.1897	0.1492	0.1446	0.1547	0.191	0.1431	0.1621	0.1547	0.1521	0.1498	0.1548		0.142	0.1498	0.1209	0.1162	0.1265	0.1557	0.115	0.1263	0.1222	0.1224	0.1212	0.1234		
		0.2088	0.1466	0.138	0.1499	0.1648	0.1593	0.1549	0.1595	0.1433	0.1516	0.1592	0.1829		0.1184	0.1171	0.1083	0.1163	0.125	0.124	0.1207	0.1222	0.1126	0.1182	0.1249	0.1246		
		0.1445	0.1521	0.1471	0.1525	0.1599	0.1656	0.1743	0.1556	0.1551	0.1561	0.1469	0.1689		0.1273	0.12	0.1181	0.1189	0.1248	0.1292	0.1275	0.1213	0.1203	0.1215	0.1154	0.1325		
		0.1457	0.4437	0.1604	0.1436	0.1551	0.1487	0.1568	0.1737	0.154	0.1596	0.1324	0.1386		0.117	0.3914	0.1277	0.1135	0.1212	0.1168	0.1241	0.1337	0.1207	0.1247	0.1051	0.1108		
		0.1638	0.168	0.1636	0.1556	0.1703	0.1799	0.1548	0.1713	0.1481	0.1579	0.1413	0.1439		0.1292	0.1304	0.1276	0.1219	0.1305	0.1391	0.1204	0.1295	0.1155	0.1243	0.1123	0.1145		
		
~End
Copyright © 2003 Molecular Devices. All rights reserved.
