##BLOCKS= 1          
Plate:	Plate#1	1.3	PlateFormat	Endpoint	Absorbance	Raw	FALSE	1						2	490 750	1	12	96	1	8	None	
	Temperature(¡C)	1	2	3	4	5	6	7	8	9	10	11	12		1	2	3	4	5	6	7	8	9	10	11	12		
	23.40	0.1516	0.1809	0.1554	0.1662	0.1497	0.1649	0.1674	0.1746	0.2842	0.1482	0.1661	0.1508		0.1133	0.1203	0.1208	0.1293	0.1174	0.1284	0.1302	0.1182	0.2273	0.1166	0.1285	0.1179		
		0.4578	0.186	0.2933	0.1475	0.1488	0.1523	0.1442	0.159	0.1403	0.152	0.1465	0.1641		0.3461	0.1419	0.192	0.1141	0.1156	0.1184	0.1128	0.1255	0.109	0.1183	0.1107	0.1278		
		0.1677	0.1585	0.1426	0.1935	0.1709	0.1659	0.16	0.1631	0.1573	0.1672	0.1498	0.164		0.1387	0.1252	0.108	0.1514	0.1275	0.1303	0.121	0.1256	0.1238	0.1305	0.1185	0.1285		
		0.1575	0.1729	0.1591	0.147	0.1416	0.1733	0.164	0.1493	0.1546	0.1679	0.1542	0.1438		0.1217	0.133	0.1247	0.1147	0.1116	0.1341	0.1263	0.1146	0.1174	0.1307	0.1206	0.1121		
		0.2137	0.1618	0.1699	0.1697	0.1527	0.1674	0.1529	0.1645	0.1591	0.1676	0.1557	0.18		0.1189	0.1281	0.1319	0.1316	0.1152	0.1307	0.1193	0.1255	0.1236	0.1297	0.1205	0.1165		
		0.1632	0.1533	0.1589	0.1534	0.1459	0.1587	0.1744	0.1521	0.1575	0.1512	0.1444	0.1708		0.129	0.1229	0.1261	0.1203	0.1158	0.1253	0.1281	0.117	0.1229	0.1178	0.1142	0.1348		
		0.1495	0.3993	0.1782	0.1555	0.1529	0.1826	0.1593	0.1598	0.1543	0.1745	0.1554	0.1577		0.1153	0.3466	0.1389	0.1228	0.1198	0.1413	0.1255	0.1234	0.1204	0.135	0.1219	0.1243		
		0.1544	0.1676	0.1945	0.1534	0.1522	0.1888	0.1856	0.1979	0.1562	0.1583	0.1492	0.1726		0.122	0.135	0.1523	0.1199	0.1195	0.1458	0.1445	0.1527	0.1207	0.124	0.1188	0.1339		
		
~End
Copyright © 2003 Molecular Devices. All rights reserved.
