##BLOCKS= 1          
Plate:	Plate#1	1.3	PlateFormat	Endpoint	Absorbance	Raw	FALSE	1						2	490 750	1	12	96	1	8	None	
	Temperature(¡C)	1	2	3	4	5	6	7	8	9	10	11	12		1	2	3	4	5	6	7	8	9	10	11	12		
	23.40	0.1325	0.163	0.1354	0.1324	0.133	0.1288	0.1337	0.1464	0.1473	0.1369	0.1342	0.1459		0.1101	0.1199	0.1132	0.11	0.1112	0.1077	0.1105	0.1089	0.1108	0.1118	0.1105	0.121		
		0.4677	0.1332	0.3816	0.1367	0.1399	0.1388	0.1394	0.1501	0.1449	0.1362	0.1362	0.1393		0.3768	0.111	0.2565	0.1118	0.1144	0.1129	0.1148	0.1221	0.1175	0.1137	0.1111	0.1139		
		0.1306	0.1372	0.1322	0.1607	0.1561	0.1351	0.1618	0.1363	0.1308	0.1328	0.1335	0.1627		0.1102	0.1123	0.1071	0.1358	0.121	0.1121	0.1283	0.1135	0.1087	0.1105	0.1128	0.1352		
		0.1368	0.141	0.1439	0.1456	0.1353	0.1381	0.1472	0.1351	0.1399	0.1452	0.1361	0.1355		0.1181	0.1159	0.1229	0.1229	0.1172	0.1173	0.1206	0.1144	0.114	0.1155	0.1132	0.1142		
		0.1823	0.1348	0.1313	0.1516	0.1361	0.1347	0.144	0.1379	0.1351	0.1381	0.133	0.1555		0.1152	0.1101	0.1078	0.1261	0.1088	0.1115	0.1201	0.1132	0.1117	0.1158	0.1114	0.1125		
		0.1408	0.1454	0.1671	0.1502	0.1419	0.141	0.1532	0.1511	0.1418	0.1379	0.1388	0.1457		0.1177	0.1202	0.1423	0.123	0.1165	0.1152	0.1162	0.1234	0.1158	0.1125	0.1141	0.1212		
		0.1284	0.3169	0.1411	0.1319	0.1279	0.1323	0.1376	0.1279	0.1292	0.1332	0.1463	0.1366		0.1043	0.3027	0.1146	0.111	0.1055	0.1077	0.1164	0.1066	0.1065	0.1086	0.1212	0.1146		
		0.1346	0.1438	0.1392	0.1365	0.1418	0.132	0.1345	0.1372	0.1306	0.3822	0.1644	0.1367		0.1097	0.1181	0.1122	0.1121	0.1166	0.1093	0.1113	0.1069	0.1091	0.3645	0.1403	0.1125		
		
~End
Copyright © 2003 Molecular Devices. All rights reserved.
