##BLOCKS= 1          
Plate:	Plate#1	1.3	PlateFormat	Endpoint	Absorbance	Raw	FALSE	1						2	490 750	1	12	96	1	8	None	
	Temperature(¡C)	1	2	3	4	5	6	7	8	9	10	11	12		1	2	3	4	5	6	7	8	9	10	11	12		
	22.80	0.1371	0.1591	0.1446	0.1306	0.1317	0.1337	0.14	0.1507	0.158	0.1341	0.1394	0.1415		0.117	0.1167	0.1217	0.109	0.1119	0.1121	0.1171	0.1084	0.1157	0.1124	0.1161	0.1189		
		0.4761	0.1573	0.3105	0.1293	0.1395	0.1388	0.1286	0.1388	0.1308	0.1902	0.1337	0.1558		0.369	0.1342	0.2068	0.1083	0.1156	0.1147	0.1083	0.1143	0.108	0.1681	0.1083	0.1308		
		0.1416	0.155	0.1474	0.1473	0.1473	0.1551	0.1483	0.1536	0.1538	0.1386	0.1493	0.1562		0.1236	0.1274	0.1176	0.1232	0.117	0.1305	0.1167	0.1287	0.1281	0.1164	0.1257	0.1315		
		0.1428	0.136	0.1555	0.1337	0.1332	0.1424	0.127	0.1319	0.1419	0.1413	0.1425	0.1499		0.1196	0.116	0.1335	0.1161	0.1139	0.1228	0.1085	0.1149	0.1173	0.1158	0.1198	0.1326		
		0.2053	0.1487	0.1467	0.146	0.146	0.1465	0.1371	0.1424	0.1399	0.1333	0.134	0.1744		0.1145	0.124	0.1235	0.122	0.1171	0.1242	0.1156	0.1176	0.1174	0.1124	0.1137	0.1226		
		0.1593	0.1417	0.1494	0.1435	0.1569	0.1632	0.1595	0.1846	0.1537	0.1401	0.1347	0.1378		0.1329	0.1186	0.1236	0.1175	0.128	0.1348	0.123	0.1517	0.1275	0.116	0.1121	0.1154		
		0.1494	0.377	0.1724	0.1649	0.1506	0.1371	0.142	0.1673	0.1523	0.1474	0.1328	0.1387		0.126	0.37	0.1446	0.1405	0.123	0.1141	0.1182	0.1392	0.1266	0.1209	0.1106	0.118		
		0.1398	0.1448	0.1422	0.1421	0.136	0.1398	0.1349	0.1354	0.1533	0.1841	0.1307	0.1382		0.1133	0.1242	0.1159	0.1186	0.1101	0.1157	0.1114	0.1088	0.1282	0.16	0.1101	0.1134		
		
~End
Copyright © 2003 Molecular Devices. All rights reserved.
