##BLOCKS= 1          
Plate:	Plate#1	1.3	PlateFormat	Endpoint	Absorbance	Raw	FALSE	1						2	490 750	1	12	96	1	8	None	
	Temperature(¡C)	1	2	3	4	5	6	7	8	9	10	11	12		1	2	3	4	5	6	7	8	9	10	11	12		
	22.20	0.1388	0.2743	0.1685	0.1538	0.1742	0.1572	0.1833	0.1727	0.1635	0.1371	0.1819	0.1432		0.1038	0.1536	0.128	0.1167	0.1353	0.12	0.1328	0.1222	0.1122	0.1104	0.1408	0.1126		
		0.4642	0.2497	0.341	0.1311	0.1372	0.1344	0.1699	0.1434	0.1495	0.1822	0.1493	0.1418		0.3566	0.1813	0.216	0.1009	0.104	0.1038	0.1339	0.1122	0.1147	0.1417	0.113	0.1104		
		0.1534	0.1721	0.1816	0.1337	0.184	0.1456	0.1442	0.1341	0.1361	0.217	0.1317	0.1557		0.1201	0.129	0.1379	0.1055	0.1304	0.1104	0.1081	0.1042	0.1077	0.1697	0.1063	0.1195		
		0.1702	0.1734	0.1986	0.1566	0.1913	0.1505	0.1622	0.1306	0.1399	0.142	0.1673	0.1269		0.1427	0.1248	0.1481	0.1165	0.1445	0.1166	0.1222	0.0977	0.108	0.1048	0.1314	0.1042		
		0.2349	0.2009	0.1389	0.1377	0.1468	0.1473	0.5101	0.1648	0.2098	0.2882	0.1342	0.2029		0.1371	0.1412	0.1056	0.1031	0.1116	0.1131	0.3807	0.1245	0.1444	0.2121	0.1049	0.1366		
		0.2216	0.1704	0.2618	0.2079	0.2357	0.2634	0.18	0.1758	0.1889	0.128	0.1521	0.1829		0.1581	0.1244	0.1889	0.1473	0.1743	0.1795	0.1328	0.1295	0.1495	0.102	0.1136	0.1214		
		0.2872	0.3864	0.2396	0.187	0.1382	0.2706	0.1532	0.1443	0.1266	0.1376	0.1779	0.1857		0.1673	0.3595	0.1717	0.138	0.1093	0.1833	0.1247	0.1151	0.1002	0.1107	0.1341	0.1414		
		0.1813	0.1857	0.1549	0.1545	0.2607	0.1377	0.1492	0.1466	0.1261	0.1311	0.1328	0.1371		0.1413	0.1359	0.1206	0.1167	0.2014	0.1045	0.1166	0.115	0.101	0.1048	0.1078	0.1072		
		
~End
Copyright © 2003 Molecular Devices. All rights reserved.
