##BLOCKS= 1          
Plate:	Plate#1	1.3	PlateFormat	Endpoint	Absorbance	Raw	FALSE	1						2	490 750	1	12	96	1	8	None	
	Temperature(¡C)	1	2	3	4	5	6	7	8	9	10	11	12		1	2	3	4	5	6	7	8	9	10	11	12		
	22.50	0.2005	0.4564	0.2137	0.2821	0.2297	0.1967	0.2838	0.2421	0.274	0.2277	0.2174	0.3833		0.1596	0.3228	0.1704	0.2266	0.1844	0.1562	0.2166	0.1772	0.2077	0.1797	0.1588	0.3021		
		0.5839	0.2175	0.6691	0.2267	0.2593	0.1979	0.2594	0.2185	0.3109	0.2016	0.187	0.3581		0.4636	0.1621	0.4874	0.1784	0.2016	0.1537	0.2076	0.1728	0.2436	0.1592	0.1429	0.2829		
		0.2632	0.202	0.2218	0.2051	0.2722	0.2347	0.2535	0.2578	0.228	0.203	0.1975	0.2542		0.1943	0.161	0.1702	0.1655	0.2044	0.1842	0.1915	0.2047	0.1783	0.16	0.1544	0.1998		
		0.33	0.3818	0.2414	0.2283	0.2022	0.2532	0.2052	0.2439	0.1964	0.214	0.2237	0.2053		0.2829	0.3028	0.1948	0.1837	0.1644	0.2008	0.1613	0.19	0.1572	0.1705	0.1769	0.1636		
		0.3504	0.232	0.2315	0.2028	0.2052	0.1995	0.4565	0.2085	0.3119	0.2051	0.1853	0.2458		0.2224	0.1805	0.1836	0.1609	0.1642	0.1555	0.3601	0.1664	0.2514	0.1596	0.1462	0.1803		
		0.2797	0.3154	0.2367	0.2379	0.1974	0.2017	0.2852	0.2386	0.2252	0.1964	0.2051	0.2878		0.206	0.2501	0.1857	0.193	0.1584	0.1593	0.2145	0.1884	0.1801	0.1538	0.1621	0.2264		
		0.1797	0.3061	0.2677	0.21	0.1537	0.2379	0.2734	0.2898	0.2446	0.2144	0.2154	0.3058		0.1391	0.2803	0.215	0.1643	0.1274	0.1911	0.2128	0.2232	0.1866	0.1694	0.1698	0.2426		
		0.21	0.2365	0.2575	0.2629	0.2309	0.2226	0.1988	0.2308	0.2172	0.1917	0.1775	0.1915		0.1614	0.1885	0.1963	0.2081	0.1832	0.1802	0.1544	0.1654	0.1675	0.1513	0.1404	0.1476		
		
~End
Copyright © 2003 Molecular Devices. All rights reserved.
