##BLOCKS= 1          
Plate:	Plate#1	1.3	PlateFormat	Endpoint	Absorbance	Raw	FALSE	1						2	490 750	1	12	96	1	8	None	
	Temperature(¡C)	1	2	3	4	5	6	7	8	9	10	11	12		1	2	3	4	5	6	7	8	9	10	11	12		
	22.50	0.2207	0.5502	0.1885	0.2581	0.2018	0.2276	0.3158	0.2583	0.2561	0.266	0.2624	0.3081		0.159	0.3956	0.1482	0.204	0.1603	0.1791	0.2406	0.1873	0.1883	0.21	0.195	0.2395		
		0.5326	0.1832	0.6703	0.2272	0.2133	0.2014	0.24	0.2298	0.282	0.2138	0.2115	0.3391		0.409	0.143	0.5046	0.1777	0.1642	0.1564	0.1899	0.1816	0.2203	0.1671	0.1596	0.2665		
		0.2512	0.1872	0.2287	0.2283	0.2842	0.2152	0.2888	0.2336	0.2416	0.2128	0.2041	0.2381		0.1804	0.1422	0.1765	0.1859	0.2132	0.1681	0.2196	0.1828	0.1867	0.167	0.1594	0.1873		
		0.2601	0.3362	0.2147	0.2852	0.2214	0.2599	0.2405	0.2295	0.2146	0.2213	0.2515	0.2222		0.2075	0.2668	0.1686	0.2216	0.1761	0.2051	0.186	0.1772	0.1743	0.1738	0.1949	0.1771		
		0.328	0.241	0.2119	0.2339	0.1883	0.2164	0.3567	0.2024	0.3414	0.2394	0.2148	0.2378		0.2235	0.193	0.1675	0.1835	0.1494	0.1672	0.2764	0.1611	0.2693	0.1884	0.1685	0.169		
		0.2329	0.2873	0.2092	0.2235	0.2248	0.2386	0.2334	0.2164	0.2156	0.2359	0.2102	0.2202		0.1823	0.2283	0.1638	0.1787	0.1763	0.1863	0.1751	0.17	0.1697	0.1864	0.1628	0.1727		
		0.2001	0.3516	0.2722	0.2207	0.1675	0.2452	0.2497	0.3164	0.2726	0.2173	0.2059	0.2797		0.1547	0.3109	0.2154	0.1736	0.1383	0.1974	0.1909	0.2469	0.2092	0.1694	0.162	0.2228		
		0.2105	0.2295	0.2238	0.2277	0.229	0.192	0.22	0.2558	0.1961	0.1961	0.1774	0.2023		0.1695	0.1745	0.1712	0.18	0.1813	0.1501	0.1726	0.1846	0.1524	0.1551	0.1398	0.1574		
		
~End
Copyright © 2003 Molecular Devices. All rights reserved.
