##BLOCKS= 1          
Plate:	Plate#1	1.3	PlateFormat	Endpoint	Absorbance	Raw	FALSE	1						2	490 750	1	12	96	1	8	None	
	Temperature(¡C)	1	2	3	4	5	6	7	8	9	10	11	12		1	2	3	4	5	6	7	8	9	10	11	12		
	23.50	0.2818	0.6202	0.2732	0.7204	0.2231	0.5711	0.3788	0.3046	0.4772	0.3342	0.587	0.6507		0.2182	0.3753	0.1982	0.459	0.1698	0.4182	0.2307	0.2116	0.317	0.2368	0.3587	0.468		
		0.4693	0.2218	1.1461	0.2415	0.9243	0.2511	0.6297	0.6177	0.7601	0.2315	0.2914	0.9216		0.3175	0.163	0.8545	0.1686	0.6806	0.1865	0.4415	0.4669	0.545	0.1623	0.2155	0.7054		
		0.237	0.1697	0.2046	0.3036	0.9741	0.4561	1.0811	0.2587	0.2892	0.7934	0.7007	0.8014		0.1606	0.1372	0.1444	0.2041	0.6621	0.3064	0.5665	0.1852	0.202	0.5758	0.5039	0.5916		
		0.643	0.8035	0.8167	0.7	0.2637	0.4817	0.5491	0.7804	0.747	0.4383	0.6443	0.3767		0.4118	0.6065	0.5753	0.4938	0.202	0.3759	0.3993	0.5306	0.5296	0.2933	0.4462	0.257		
		0.4491	0.5845	0.254	0.6836	0.4453	0.5207	0.9777	0.2833	0.8598	0.7274	0.2652	0.4754		0.2745	0.3966	0.1822	0.4723	0.3351	0.3745	0.7284	0.2031	0.6482	0.5174	0.1868	0.3293		
		0.6878	0.6466	0.7338	0.3918	0.5651	0.3664	0.4051	0.3271	0.3254	0.3359	0.6432	0.8416		0.4489	0.4469	0.4365	0.2885	0.3856	0.2432	0.2543	0.2199	0.2283	0.2247	0.3408	0.4524		
		0.5871	0.4555	0.4483	0.4802	0.2424	0.4287	0.318	0.4551	0.2986	0.6065	0.5157	0.8218		0.3643	0.3727	0.3405	0.3321	0.1952	0.3043	0.2162	0.2637	0.1851	0.305	0.3342	0.4444		
		0.2795	0.4092	0.2641	0.3129	0.4567	0.49	0.2239	0.185	0.389	0.2385	0.2527	0.2479		0.1825	0.2793	0.1685	0.2326	0.3227	0.2952	0.1451	0.1424	0.2065	0.1732	0.179	0.1774		
		
~End
Copyright © 2003 Molecular Devices. All rights reserved.
