##BLOCKS= 1          
Plate:	Plate#1	1.3	PlateFormat	Endpoint	Absorbance	Raw	FALSE	1						2	490 750	1	12	96	1	8	None	
	Temperature(¡C)	1	2	3	4	5	6	7	8	9	10	11	12		1	2	3	4	5	6	7	8	9	10	11	12		
	23.60	0.2122	0.573	0.2507	0.6407	0.2909	0.5582	0.4088	0.2906	0.5391	0.2176	0.6562	0.6651		0.1634	0.3202	0.1909	0.4202	0.2027	0.4067	0.2547	0.2041	0.3675	0.1642	0.3926	0.4746		
		0.4873	0.2191	1.0863	0.2525	0.7636	0.2613	0.6183	0.6335	0.7576	0.2167	0.2608	0.9692		0.3978	0.1657	0.8113	0.1842	0.549	0.1833	0.4402	0.4754	0.535	0.1601	0.2006	0.7387		
		0.2535	0.1622	0.4216	0.2977	0.7522	0.4015	0.8735	0.2879	0.239	0.8045	0.803	0.84		0.1875	0.1269	0.2798	0.2211	0.4962	0.2649	0.4486	0.2043	0.1739	0.5824	0.5948	0.6172		
		0.5427	0.8373	0.98	0.8569	0.275	0.4318	0.6563	0.6741	0.7727	0.4387	0.9039	0.4976		0.4248	0.6521	0.7095	0.6077	0.1948	0.3088	0.4723	0.4708	0.5565	0.3331	0.6437	0.3451		
		0.4044	0.6064	0.3301	0.7816	0.4165	0.5859	0.9623	0.3571	0.8516	0.8973	0.2101	0.4163		0.2442	0.4132	0.2615	0.5572	0.3128	0.3966	0.7092	0.2478	0.6456	0.6671	0.1594	0.2852		
		0.6304	0.6607	0.7135	0.4338	0.4883	0.4424	0.4322	0.2918	0.3399	0.3341	0.9372	0.9518		0.4208	0.4541	0.4195	0.3234	0.3434	0.3012	0.2778	0.2012	0.2403	0.2343	0.5298	0.4865		
		0.6024	0.4071	0.3621	0.663	0.2555	0.4794	0.2937	0.5014	0.3257	0.5373	0.5078	0.7276		0.3713	0.3482	0.2754	0.4924	0.1997	0.3481	0.1945	0.3044	0.1971	0.2669	0.3263	0.3861		
		0.3344	0.3681	0.2681	0.4553	0.555	0.3938	0.2477	0.1823	0.4264	0.2451	0.1746	0.2452		0.2507	0.2487	0.1945	0.3333	0.394	0.2337	0.1596	0.1391	0.2458	0.1855	0.1364	0.1729		
		
~End
Copyright © 2003 Molecular Devices. All rights reserved.
