##BLOCKS= 1          
Plate:	Plate#1	1.3	PlateFormat	Endpoint	Absorbance	Raw	FALSE	1						2	490 750	1	12	96	1	8	None	
	Temperature(¡C)	1	2	3	4	5	6	7	8	9	10	11	12		1	2	3	4	5	6	7	8	9	10	11	12		
	23.40	0.9385	0.9919	0.742	0.9935	0.7939	1.2514	1.7187	0.5573	0.5491	0.8477	1.0621	2.5335		0.1715	0.344	0.1632	0.1905	0.173	0.2162	0.3298	0.2131	0.2538	0.1812	0.2633	0.5323		
		0.5736	0.2311	1.1073	1.2454	1.6125	0.4596	0.6639	0.3995	1.3197	0.4378	0.7903	1.9017		0.4569	0.1488	0.4276	0.2619	0.342	0.1599	0.1831	0.2968	0.2992	0.1553	0.1662	0.3748		
		0.9323	0.1569	1.0605	0.8203	1.3781	1.0621	0.6651	0.9951	0.8051	1.7053	1.0416	1.5374		0.2519	0.1134	0.2265	0.2088	0.2409	0.1974	0.3134	0.226	0.2045	0.3065	0.1956	0.3627		
		1.4001	1.922	1.8883	2.156	0.7984	1.4032	1.6958	1.4752	1.8317	0.7311	2.055	1.0006		0.2516	0.3846	0.4364	0.4658	0.1656	0.2676	0.272	0.2848	0.3078	0.1876	0.4064	0.2083		
		0.4418	1.9257	0.8131	2.2619	0.5703	0.8371	2.7129	0.88	2.4659	1.8541	0.8707	2.3832		0.2336	0.405	0.1677	0.4316	0.1507	0.1762	0.5196	0.1928	0.4952	0.3617	0.1942	0.4443		
		0.262	0.2572	1.3625	0.3235	0.2118	0.3774	1.8316	0.2492	0.4872	0.2476	1.9648	1.8703		0.212	0.1937	0.2931	0.2485	0.1634	0.1692	0.4798	0.1886	0.1674	0.1374	0.3016	0.3054		
		0.9891	0.2552	0.2098	2.1635	0.2082	0.2669	0.9487	1.3809	1.1375	0.8779	0.2739	0.4798		0.2205	0.191	0.1581	0.3786	0.1391	0.2043	0.2205	0.2364	0.2419	0.2026	0.1718	0.288		
		0.792	1.0036	0.8323	0.2996	0.1897	1.7006	0.7938	0.1992	1.2396	0.5853	0.9891	0.6688		0.2389	0.2133	0.2166	0.1483	0.1504	0.3215	0.1818	0.1391	0.2291	0.1736	0.1959	0.1793		
		
~End
Copyright © 2003 Molecular Devices. All rights reserved.
