##BLOCKS= 1          
Plate:	Plate#1	1.3	PlateFormat	Endpoint	Absorbance	Raw	FALSE	1						2	490 750	1	12	96	1	8	None	
	Temperature(¡C)	1	2	3	4	5	6	7	8	9	10	11	12		1	2	3	4	5	6	7	8	9	10	11	12		
	23.40	0.6359	1.6767	0.5726	0.8955	0.9306	0.8706	1.5387	0.4079	0.4809	1.0016	1.0815	2.7602		0.1527	0.5464	0.1654	0.1896	0.1999	0.1825	0.2982	0.174	0.2244	0.196	0.2879	0.6556		
		0.5877	0.3021	0.8927	1.7611	1.993	0.3712	0.5531	0.366	1.1496	0.3636	0.5165	2.1254		0.4235	0.184	0.4386	0.368	0.4524	0.1461	0.2632	0.2737	0.2591	0.1592	0.1388	0.4608		
		0.6424	0.1816	0.9102	0.8669	1.5963	1.3761	0.8381	1.0363	0.8035	1.1526	1.0411	2.5688		0.1755	0.1303	0.2689	0.2454	0.326	0.2583	0.3695	0.2751	0.1812	0.2352	0.2098	0.4799		
		1.1595	2.2661	1.5232	2.4223	1.3327	1.2201	1.1176	1.3962	2.0985	0.7102	2.01	0.9684		0.2939	0.5164	0.3275	0.4854	0.2432	0.3035	0.2132	0.3246	0.3603	0.2064	0.3599	0.2144		
		0.4284	2.6008	0.6496	2.2833	0.8524	1.2204	2.399	0.8377	2.3341	1.7135	1.1031	2.1619		0.254	0.531	0.1647	0.5033	0.1933	0.2411	0.52	0.1799	0.5272	0.316	0.2083	0.4258		
		0.2523	0.2815	2.134	0.5006	0.1996	0.4916	1.7484	0.2428	0.5296	0.314	1.8556	2.1836		0.2212	0.2126	0.3839	0.372	0.1542	0.2127	0.3395	0.1831	0.1912	0.1855	0.2902	0.3925		
		0.6296	0.3905	0.3261	1.8524	0.243	0.334	1.3601	1.787	0.9893	1.0909	0.3813	0.3179		0.2115	0.338	0.2449	0.3463	0.1661	0.2596	0.368	0.4051	0.2603	0.2966	0.2552	0.2086		
		0.5651	0.8891	1.0542	0.2438	0.1866	0.6767	0.7764	0.2345	1.8564	0.6832	0.9449	0.8781		0.22	0.2022	0.2592	0.1667	0.1474	0.1622	0.1933	0.1398	0.3774	0.1987	0.2054	0.209		
		
~End
Copyright © 2003 Molecular Devices. All rights reserved.
