##BLOCKS= 1          
Plate:	Plate#1	1.3	PlateFormat	Endpoint	Absorbance	Raw	FALSE	1						2	490 750	1	12	96	1	8	None	
	Temperature(¡C)	1	2	3	4	5	6	7	8	9	10	11	12		1	2	3	4	5	6	7	8	9	10	11	12		
	23.00	0.2446	0.4472	0.2968	0.4815	0.24	0.2747	0.4765	0.308	0.3333	0.3521	0.4953	0.4573		0.1466	0.2394	0.1936	0.2887	0.1501	0.1606	0.1748	0.2166	0.2299	0.1862	0.2614	0.3035		
		0.3686	0.3529	0.9715	0.2994	0.5353	0.2123	0.5502	0.3516	0.5203	0.2935	0.3076	0.6118		0.2988	0.2746	0.6837	0.1967	0.3698	0.1469	0.3943	0.2593	0.361	0.2059	0.1821	0.3987		
		0.1914	0.2155	0.2321	0.3466	0.4553	0.2316	0.3079	0.3101	0.257	0.2649	0.2798	0.5662		0.1333	0.1465	0.1602	0.1909	0.2782	0.1622	0.2256	0.2104	0.1689	0.1708	0.1811	0.3751		
		0.4349	0.5758	0.4787	0.399	0.2884	0.2438	0.2775	0.6403	0.3712	0.3057	0.3791	0.3523		0.3186	0.4282	0.3369	0.2753	0.186	0.1645	0.1806	0.4162	0.2488	0.1951	0.277	0.2471		
		0.4038	0.6055	0.2849	0.3837	0.2462	0.4479	0.5264	0.239	0.5285	0.4658	0.2477	0.3562		0.2054	0.3738	0.1871	0.245	0.1574	0.3077	0.3557	0.1616	0.3764	0.3052	0.1611	0.2584		
		0.3265	0.5083	0.4559	0.3588	0.2335	0.3386	0.2908	0.3359	0.3893	0.2612	0.3877	0.3776		0.2466	0.3828	0.3291	0.276	0.1737	0.2069	0.1695	0.2415	0.2942	0.1937	0.2629	0.2313		
		0.5691	0.4561	0.2381	0.4244	0.1942	0.344	0.3009	0.2726	0.2765	0.3289	0.2519	0.3967		0.3404	0.3908	0.1774	0.3151	0.1435	0.2581	0.1875	0.1758	0.1656	0.1812	0.1814	0.2952		
		0.211	0.3804	0.2622	0.2302	0.3422	0.2879	0.2338	0.2037	0.2818	0.296	0.2265	0.2194		0.1673	0.2968	0.1971	0.1694	0.2531	0.174	0.154	0.1451	0.1848	0.1902	0.1392	0.1318		
		
~End
Copyright © 2003 Molecular Devices. All rights reserved.
