##BLOCKS= 1          
Plate:	Plate#1	1.3	PlateFormat	Endpoint	Absorbance	Raw	FALSE	1						2	490 750	1	12	96	1	8	None	
	Temperature(¡C)	1	2	3	4	5	6	7	8	9	10	11	12		1	2	3	4	5	6	7	8	9	10	11	12		
	22.90	0.2521	0.5917	0.2482	0.4126	0.2304	0.292	0.5694	0.2505	0.2691	0.3511	0.5338	0.5431		0.1566	0.324	0.1628	0.2657	0.1534	0.1725	0.2243	0.1752	0.1881	0.1844	0.2611	0.3804		
		0.4982	0.2414	0.7334	0.3439	0.5003	0.2912	0.4006	0.3266	0.5534	0.2818	0.2527	0.4005		0.3965	0.1716	0.5164	0.2382	0.3606	0.2061	0.289	0.2446	0.402	0.1947	0.1715	0.29		
		0.2639	0.2089	0.2228	0.2266	0.4604	0.2746	0.4076	0.2739	0.3217	0.2289	0.3404	0.559		0.1873	0.1383	0.1537	0.144	0.2972	0.2012	0.3018	0.1897	0.2172	0.1514	0.224	0.3988		
		0.3134	0.4531	0.4836	0.4468	0.2494	0.2779	0.2968	0.4006	0.3602	0.3503	0.5009	0.4247		0.2521	0.3197	0.3466	0.3217	0.1658	0.1877	0.1949	0.2806	0.2481	0.2322	0.3692	0.2904		
		0.4284	0.5243	0.2876	0.3639	0.2448	0.5638	0.7846	0.2572	0.4134	0.4969	0.3059	0.3445		0.2219	0.3242	0.187	0.2343	0.157	0.3912	0.5445	0.1751	0.2817	0.3379	0.1963	0.2497		
		0.3255	0.3745	0.5257	0.3123	0.2741	0.2845	0.4007	0.3039	0.2178	0.2559	0.3275	0.4919		0.2305	0.274	0.3805	0.2307	0.2061	0.1597	0.2249	0.2189	0.1537	0.1878	0.2191	0.2961		
		0.3763	0.4567	0.3288	0.4262	0.2254	0.349	0.3112	0.3671	0.3164	0.2835	0.5103	0.339		0.2234	0.371	0.2446	0.3079	0.1807	0.2643	0.1847	0.2196	0.1909	0.1557	0.3797	0.2495		
		0.3405	0.2615	0.4171	0.2313	0.2647	0.2401	0.2656	0.2198	0.221	0.2037	0.2417	0.2774		0.2048	0.1839	0.356	0.1807	0.1922	0.1477	0.1678	0.1616	0.1487	0.1322	0.1403	0.1649		
		
~End
Copyright © 2003 Molecular Devices. All rights reserved.
