##BLOCKS= 1          
Plate:	Plate#1	1.3	PlateFormat	Endpoint	Absorbance	Raw	FALSE	1						2	490 750	1	12	96	1	8	None	
	Temperature(¡C)	1	2	3	4	5	6	7	8	9	10	11	12		1	2	3	4	5	6	7	8	9	10	11	12		
	23.10	0.183	0.3535	0.1657	0.2332	0.1573	0.1753	0.4579	0.2438	0.218	0.193	1.1623	0.3923		0.1372	0.1538	0.1274	0.1662	0.1212	0.1276	0.1581	0.1783	0.1582	0.1305	0.4597	0.1561		
		0.5079	0.1998	0.4753	0.2206	0.2572	0.1582	0.2113	0.2024	0.27	0.185	0.1447	0.3531		0.3881	0.157	0.2526	0.1411	0.1644	0.1129	0.1357	0.1626	0.1444	0.1323	0.1115	0.1442		
		0.2283	0.159	0.1619	0.1934	0.3316	0.199	0.2263	0.1881	0.1993	0.1566	0.2222	0.2638		0.1522	0.1209	0.1194	0.1294	0.1786	0.1293	0.1439	0.145	0.1471	0.1186	0.16	0.1576		
		0.1952	0.4005	0.172	0.1639	0.1918	0.2122	0.1552	0.3847	0.1716	0.1801	0.2696	0.1564		0.139	0.2431	0.1289	0.1204	0.1398	0.1638	0.1153	0.1739	0.1204	0.1284	0.2012	0.1214		
		0.2659	0.2956	0.2103	0.2343	0.167	0.2069	0.2603	0.1981	0.3727	0.1913	0.1926	0.187		0.1644	0.1833	0.1566	0.1693	0.1187	0.1497	0.144	0.1412	0.1774	0.1448	0.1479	0.1254		
		0.1457	0.1812	0.1985	0.1477	0.1551	0.1888	0.2138	0.1599	0.1599	0.1604	0.2147	0.1849		0.1355	0.1479	0.1558	0.1198	0.1226	0.147	0.1484	0.1293	0.1246	0.1275	0.1707	0.1449		
		0.1808	0.422	0.153	0.156	0.1478	0.142	0.168	0.1835	0.2038	0.1673	0.1807	0.1887		0.1356	0.3544	0.1256	0.121	0.1196	0.1133	0.1256	0.1333	0.1305	0.1168	0.1495	0.1491		
		0.168	0.1577	0.1857	0.1363	0.1508	0.1659	0.1746	0.1414	0.1542	0.1844	0.2137	0.164		0.1298	0.1201	0.122	0.1136	0.1226	0.1151	0.1163	0.1145	0.1209	0.1405	0.1655	0.1208		
		
~End
Copyright © 2003 Molecular Devices. All rights reserved.
