##BLOCKS= 1          
Plate:	Plate#1	1.3	PlateFormat	Endpoint	Absorbance	Raw	FALSE	1						2	490 750	1	12	96	1	8	None	
	Temperature(¡C)	1	2	3	4	5	6	7	8	9	10	11	12		1	2	3	4	5	6	7	8	9	10	11	12		
	23.10	0.1424	0.4204	0.1807	0.2291	0.1857	0.1893	0.519	0.222	0.2814	0.2069	0.346	0.3464		0.1134	0.189	0.1402	0.1672	0.1422	0.1405	0.1977	0.1632	0.2106	0.1529	0.1437	0.1623		
		0.5379	0.211	0.5695	0.1639	0.2771	0.171	0.2079	0.1761	0.2243	0.1772	0.1533	0.349		0.4102	0.1509	0.3166	0.1215	0.1885	0.122	0.1495	0.1415	0.1504	0.1353	0.1229	0.2003		
		0.3145	0.1564	0.1862	0.2162	0.352	0.1798	0.3442	0.1834	0.1704	0.1674	0.1962	0.2736		0.1592	0.1201	0.1406	0.1317	0.207	0.1226	0.2291	0.1433	0.1312	0.1309	0.1477	0.1959		
		0.1554	0.5021	0.1973	0.1708	0.1607	0.1762	0.173	0.2943	0.1774	0.1936	0.1598	0.2341		0.1245	0.2706	0.1468	0.1282	0.1198	0.1367	0.1298	0.1531	0.1332	0.1438	0.118	0.1855		
		0.2682	0.2927	0.1659	0.2126	0.1902	0.1702	0.366	0.2569	0.2609	0.1911	0.171	0.2168		0.1586	0.1705	0.1285	0.1591	0.1403	0.127	0.2257	0.211	0.1898	0.1451	0.1326	0.1506		
		0.1533	0.1679	0.2019	0.2049	0.2544	0.2387	0.2668	0.1388	0.1913	0.315	0.2362	0.2176		0.1258	0.1372	0.1607	0.1664	0.2057	0.1873	0.1976	0.1125	0.1512	0.2578	0.1855	0.1701		
		0.2061	0.382	0.1936	0.1925	0.138	0.1439	0.1586	0.1782	0.1909	0.2105	0.2214	0.214		0.1697	0.3174	0.1659	0.1546	0.1135	0.1178	0.1204	0.1289	0.1401	0.1453	0.1787	0.1682		
		0.1669	0.1702	0.192	0.1721	0.2239	0.164	0.1929	0.1583	0.1824	0.2303	0.1788	0.1717		0.1252	0.1315	0.1273	0.1432	0.1959	0.1201	0.1376	0.1263	0.1426	0.1798	0.1355	0.1286		
		
~End
Copyright © 2003 Molecular Devices. All rights reserved.
