##BLOCKS= 1          
Plate:	Plate#1	1.3	PlateFormat	Endpoint	Absorbance	Raw	FALSE	1						2	490 750	1	12	96	1	8	None	
	Temperature(¡C)	1	2	3	4	5	6	7	8	9	10	11	12		1	2	3	4	5	6	7	8	9	10	11	12		
	23.00	0.2166	0.4039	0.1746	0.1926	0.1591	0.1733	0.5346	0.1621	0.208	0.1871	0.1876	0.3762		0.1687	0.1565	0.1342	0.1381	0.1219	0.1236	0.1709	0.1167	0.1526	0.1376	0.1154	0.1415		
		0.4162	0.1697	0.4568	0.1635	0.2292	0.1617	0.238	0.1487	0.4283	0.157	0.1432	0.3077		0.36	0.1315	0.2173	0.1164	0.1408	0.1115	0.1511	0.1195	0.2099	0.1142	0.1099	0.14		
		0.3374	0.1366	0.1684	0.2195	0.2711	0.2019	0.2362	0.1506	0.2216	0.152	0.1785	0.335		0.1323	0.1072	0.1252	0.1336	0.1425	0.121	0.1386	0.116	0.1647	0.1159	0.1266	0.1842		
		0.2214	0.3402	0.1558	0.173	0.1614	0.1707	0.1567	0.3857	0.1798	0.1611	0.1794	0.1779		0.1617	0.1557	0.1176	0.1278	0.1201	0.1261	0.1143	0.1894	0.1285	0.1196	0.1347	0.14		
		0.2204	0.3123	0.1785	0.1872	0.1606	0.2094	0.2562	0.1795	0.2398	0.1764	0.1799	0.1891		0.1313	0.1727	0.1361	0.1303	0.1182	0.1554	0.1324	0.1302	0.1392	0.1347	0.1377	0.1182		
		0.1573	0.1425	0.1545	0.1495	0.1509	0.1597	0.1704	0.1366	0.1532	0.1509	0.1639	0.1937		0.129	0.1198	0.125	0.1223	0.122	0.1268	0.1216	0.1116	0.1215	0.1217	0.1359	0.1524		
		0.1561	0.3314	0.1331	0.1521	0.1371	0.1302	0.1512	0.1655	0.1802	0.1461	0.1541	0.1597		0.1166	0.2875	0.1107	0.1209	0.1127	0.1071	0.1139	0.1195	0.1174	0.1046	0.1233	0.1282		
		0.1569	0.1683	0.6076	0.1384	0.1337	0.1801	0.1591	0.1402	0.1392	0.1577	0.1481	0.1588		0.1221	0.1278	0.5138	0.1138	0.1099	0.124	0.1096	0.1134	0.1075	0.1183	0.1118	0.1147		
		
~End
Copyright © 2003 Molecular Devices. All rights reserved.
