##BLOCKS= 1          
Plate:	Plate#1	1.3	PlateFormat	Endpoint	Absorbance	Raw	FALSE	1						2	490 750	1	12	96	1	8	None	
	Temperature(¡C)	1	2	3	4	5	6	7	8	9	10	11	12		1	2	3	4	5	6	7	8	9	10	11	12		
	23.50	0.8926	1.9989	1.1317	1.6769	0.8471	0.8003	0.4818	0.8505	1.6097	0.3639	1.0163	0.8979		0.1875	0.5166	0.2607	0.3316	0.2069	0.2444	0.1435	0.2441	0.4186	0.1395	0.3377	0.23		
		0.5262	0.3794	0.839	0.6366	1.1685	0.4268	0.3748	0.1776	1.7639	0.7107	0.159	1.4379		0.416	0.1561	0.2642	0.1709	0.2915	0.1427	0.1314	0.1355	0.3676	0.1843	0.1113	0.4189		
		0.3289	0.1886	0.5355	0.4587	0.9095	0.8305	2.021	1.5021	1.6393	2.3316	1.4811	2.2491		0.1397	0.1293	0.1632	0.1686	0.2709	0.2177	0.3688	0.3603	0.4848	0.4682	0.4258	0.6256		
		1.2551	2.5227	1.3194	1.9739	0.8215	1.244	0.5909	0.6418	1.1018	1.1505	1.6976	0.7541		0.4218	0.6467	0.4089	0.4142	0.2243	0.2854	0.1707	0.1815	0.2284	0.2712	0.3899	0.2105		
		0.3418	1.2817	1.4709	1.1743	0.8989	1.6996	2.1774	2.5305	1.0087	1.1746	0.5829	1.3995		0.19	0.3688	0.425	0.2856	0.2896	0.4969	0.5197	0.5583	0.233	0.3212	0.1624	0.305		
		0.282	0.2289	0.7215	0.1917	0.2644	1.0355	1.8477	0.2184	1.0402	0.3706	0.8347	2.6203		0.2022	0.1769	0.2117	0.1466	0.1474	0.305	0.4279	0.1664	0.2823	0.1304	0.1835	0.4971		
		0.4569	0.3365	0.2353	2.4321	0.1587	0.2323	0.3856	1.2631	0.5959	0.3414	0.3568	0.8435		0.1741	0.2712	0.1766	0.5767	0.1184	0.1717	0.145	0.383	0.2274	0.1236	0.1522	0.4136		
		0.8632	0.501	0.446	0.6906	0.1665	0.5751	0.8309	0.3189	0.3399	0.526	0.5725	0.6653		0.2129	0.1593	0.1479	0.4453	0.131	0.163	0.2206	0.1633	0.1221	0.2021	0.192	0.2231		
		
~End
Copyright © 2003 Molecular Devices. All rights reserved.
