##BLOCKS= 1          
Plate:	Plate#1	1.3	PlateFormat	Endpoint	Absorbance	Raw	FALSE	1						2	490 750	1	12	96	1	8	None	
	Temperature(¡C)	1	2	3	4	5	6	7	8	9	10	11	12		1	2	3	4	5	6	7	8	9	10	11	12		
	23.50	0.6284	2.0668	1.0195	1.2412	0.6776	2.1296	1.3076	0.4927	1.5917	0.8359	2.0483	1.7441		0.1486	0.4929	0.2247	0.3561	0.1744	0.5296	0.2891	0.1625	0.3878	0.2172	0.8352	0.3991		
		0.5594	0.3486	1.0996	1.796	1.6814	0.7119	1.0557	0.2123	1.7098	0.6732	0.1564	1.3948		0.4195	0.173	0.3705	0.3709	0.3488	0.1729	0.2549	0.1625	0.4416	0.1943	0.1043	0.3192		
		0.8387	0.1613	0.9813	0.7123	0.9826	1.1669	2.0305	0.884	1.2175	2.6499	0.8524	1.6375		0.2929	0.116	0.2327	0.2336	0.2417	0.2702	0.346	0.4334	0.3492	0.6498	0.1943	0.3265		
		1.1188	1.3219	1.1094	1.8417	0.7283	0.9631	0.9976	1.6934	2.3928	1.4842	1.7303	1.6508		0.2872	0.4461	0.3172	0.3141	0.1904	0.2246	0.3126	0.371	0.4812	0.3504	0.3658	0.3534		
		0.4858	1.3353	1.0664	1.1113	0.8223	0.9826	2.1307	1.058	1.8218	1.4214	1.771	1.0134		0.2714	0.4031	0.2666	0.2402	0.2523	0.2257	0.5399	0.3834	0.3751	0.3671	0.4326	0.2665		
		0.2939	0.1775	1.2362	0.3888	0.2577	0.6133	2.4371	0.316	0.8939	0.3992	1.4045	2.0652		0.2102	0.1374	0.3853	0.2835	0.1895	0.1888	0.5324	0.2345	0.2072	0.1668	0.2971	0.3706		
		1.1347	0.287	0.3684	2.5385	0.1558	0.2399	0.3718	0.6772	0.4898	0.5575	0.351	1.4101		0.3248	0.2502	0.2801	0.566	0.1135	0.1758	0.1497	0.1998	0.1566	0.1663	0.1772	0.5811		
		0.9789	0.5975	0.5877	0.4442	0.294	1.0968	0.7746	0.4192	0.4511	0.8031	0.7499	0.7642		0.2696	0.1709	0.2664	0.2112	0.2218	0.3192	0.2129	0.2326	0.1394	0.2889	0.2211	0.225		
		
~End
Copyright © 2003 Molecular Devices. All rights reserved.
