##BLOCKS= 1          
Plate:	Plate#1	1.3	PlateFormat	Endpoint	Absorbance	Raw	FALSE	1						2	490 750	1	12	96	1	8	None	
	Temperature(¡C)	1	2	3	4	5	6	7	8	9	10	11	12		1	2	3	4	5	6	7	8	9	10	11	12		
	23.40	1.4312	1.7017	0.8629	1.1689	0.9126	1.3877	0.7302	1.0209	1.8234	0.6781	0.7598	1.8979		0.3682	0.4253	0.198	0.3342	0.2107	0.2805	0.186	0.3394	0.4543	0.1829	0.2633	0.4202		
		0.5249	0.3548	1.2679	1.1599	1.7155	1.5472	0.8953	0.195	1.6466	0.7879	0.1648	1.385		0.3977	0.1808	0.406	0.2928	0.4078	0.3817	0.2363	0.1483	0.3747	0.2455	0.1132	0.3218		
		0.8507	0.2675	1.1334	0.5862	0.8071	0.6783	2.1722	0.9269	1.133	1.8226	1.113	2.3397		0.4351	0.1532	0.3246	0.2038	0.2159	0.1786	0.3637	0.2735	0.2987	0.4017	0.2411	0.6208		
		1.4402	2.5848	1.2769	2.2121	0.4278	0.8913	0.7076	0.8786	1.5315	1.7459	1.1048	1.9014		0.285	0.6517	0.2508	0.4331	0.1424	0.2262	0.1921	0.2063	0.3289	0.3812	0.2543	0.3941		
		0.4932	1.6705	1.6537	1.204	0.4489	1.2667	2.5835	1.2784	1.9119	1.8988	1.6662	0.8757		0.2232	0.3872	0.379	0.2221	0.148	0.2645	0.5406	0.2906	0.4079	0.4323	0.3986	0.2897		
		0.3734	0.2305	1.1319	0.1949	0.337	0.779	0.7453	0.2174	0.957	0.3294	1.3643	2.2988		0.2631	0.1722	0.2328	0.1483	0.2359	0.2651	0.2218	0.1631	0.2544	0.1375	0.2993	0.4171		
		1.0346	0.3596	0.198	2.0021	0.1615	0.2256	0.5407	1.2729	0.46	1.1039	0.5312	0.9726		0.336	0.2911	0.1487	0.4101	0.1205	0.1641	0.1744	0.296	0.16	0.2974	0.2024	0.3018		
		0.8291	0.7984	0.9811	0.4872	0.2074	0.9663	0.7378	0.3763	0.455	0.7304	1.1538	1.713		0.2348	0.1831	0.291	0.2572	0.1559	0.2293	0.2385	0.2224	0.1498	0.2712	0.3715	0.3938		
		
~End
Copyright © 2003 Molecular Devices. All rights reserved.
