##BLOCKS= 1          
Plate:	Plate#1	1.3	PlateFormat	Endpoint	Absorbance	Raw	FALSE	1						2	490 750	1	12	96	1	8	None	
	Temperature(¡C)	1	2	3	4	5	6	7	8	9	10	11	12		1	2	3	4	5	6	7	8	9	10	11	12		
	22.70	0.2118	0.4962	0.1991	0.2535	0.2004	0.2534	0.2517	0.2181	0.2826	0.1637	0.1922	0.34		0.1783	0.3627	0.1595	0.1977	0.1619	0.2048	0.1969	0.165	0.2174	0.1344	0.1493	0.2789		
		0.6753	0.1675	0.9176	0.1711	0.3477	0.1871	0.352	0.4408	0.2986	0.1884	0.1519	0.4167		0.5462	0.1346	0.6991	0.1376	0.2714	0.1465	0.2835	0.3338	0.2363	0.1499	0.1181	0.3245		
		0.1913	0.1355	0.2617	0.1523	0.4459	0.2735	0.6673	0.2182	0.1786	0.3691	0.4034	0.459		0.1595	0.1098	0.2083	0.1242	0.342	0.2134	0.4425	0.1768	0.1438	0.2874	0.3259	0.3632		
		0.2629	0.406	0.3945	0.2838	0.2082	0.2289	0.2214	0.2208	0.4396	0.146	0.3836	0.2021		0.2371	0.3345	0.3053	0.2177	0.1714	0.1857	0.178	0.1748	0.345	0.1148	0.2967	0.1609		
		0.2714	0.1767	0.203	0.3288	0.1701	0.197	0.5123	0.2191	0.3305	0.4119	0.2664	0.294		0.1845	0.1475	0.1663	0.2602	0.1414	0.16	0.3944	0.1769	0.264	0.3231	0.2138	0.2187		
		0.4401	0.2492	0.2881	0.2884	0.3004	0.2168	0.1884	0.2829	0.2089	0.1922	0.1978	0.4252		0.3123	0.1992	0.2276	0.2218	0.2381	0.166	0.1432	0.2227	0.1727	0.151	0.1581	0.2923		
		0.3023	0.3727	0.289	0.2012	0.1901	0.3217	0.1634	0.2307	0.1805	0.2441	0.2457	0.3089		0.2376	0.3194	0.2306	0.1604	0.1562	0.2487	0.1339	0.185	0.1424	0.1971	0.1961	0.2498		
		0.2064	0.2119	0.1607	0.2743	0.2513	0.1967	0.1503	0.1697	0.2251	0.1916	0.1989	0.1602		0.1792	0.1658	0.1291	0.2146	0.1959	0.1576	0.1209	0.1376	0.1708	0.1555	0.1644	0.1289		
		
~End
Copyright © 2003 Molecular Devices. All rights reserved.
