##BLOCKS= 1          
Plate:	Plate#1	1.3	PlateFormat	Endpoint	Absorbance	Raw	FALSE	1						2	490 750	1	12	96	1	8	None	
	Temperature(¡C)	1	2	3	4	5	6	7	8	9	10	11	12		1	2	3	4	5	6	7	8	9	10	11	12		
	23.30	0.8714	1.7013	0.9826	0.8067	0.8171	0.5786	0.9416	0.3421	1.5076	0.4219	0.5919	1.1583		0.1787	0.3822	0.2163	0.1754	0.2299	0.1482	0.2045	0.1262	0.2805	0.1415	0.2037	0.261		
		0.5536	0.2156	1.8309	0.8427	1.1821	0.4733	1.403	0.3122	1.1028	1.0563	0.168	1.5263		0.4546	0.1233	0.5662	0.2254	0.2778	0.1399	0.3362	0.2299	0.2749	0.2427	0.1144	0.3138		
		0.3288	0.1846	0.4987	0.3603	0.9921	0.9186	1.1723	0.6645	0.6775	1.6168	0.6188	1.7281		0.1306	0.1342	0.1496	0.1383	0.2757	0.2092	0.3026	0.1985	0.2209	0.3109	0.1515	0.402		
		0.9218	1.6463	1.1519	0.7949	0.5811	0.8383	1.1284	1.6252	1.836	1.2158	1.0519	1.3091		0.1836	0.4247	0.3043	0.1908	0.1946	0.2057	0.2356	0.4441	0.3487	0.263	0.2129	0.2425		
		0.4807	0.9221	0.7594	0.8191	0.3163	1.0969	1.9114	0.6653	1.767	1.3943	1.2103	1.3852		0.17	0.3043	0.1972	0.1841	0.1279	0.2434	0.4162	0.1655	0.3808	0.361	0.2997	0.2871		
		0.3876	0.2467	1.108	0.2564	0.2227	0.9645	0.8002	0.2019	0.6815	0.5807	1.456	1.4707		0.3047	0.1756	0.2548	0.1927	0.1385	0.3075	0.2057	0.1489	0.1655	0.1867	0.3158	0.2824		
		1.2242	0.4203	0.2555	2.1364	0.137	0.309	0.5749	1.4517	0.5297	0.8367	0.8967	0.916		0.3307	0.3524	0.1909	0.4982	0.1069	0.1871	0.1734	0.2972	0.157	0.2286	0.2031	0.1931		
		1.228	0.6807	1.0915	0.4861	0.1975	0.8304	0.7887	0.4723	0.7847	0.9209	0.4003	0.9428		0.2593	0.1703	0.8284	0.1759	0.1525	0.2194	0.1995	0.1663	0.2362	0.3428	0.1315	0.2689		
		
~End
Copyright © 2003 Molecular Devices. All rights reserved.
