##BLOCKS= 1          
Plate:	Plate#1	1.3	PlateFormat	Endpoint	Absorbance	Raw	FALSE	1						2	490 750	1	12	96	1	8	None	
	Temperature(¡C)	1	2	3	4	5	6	7	8	9	10	11	12		1	2	3	4	5	6	7	8	9	10	11	12		
	23.70	0.1332	0.1573	0.1339	0.1376	0.1372	0.1351	0.1408	0.1554	0.1677	0.1369	0.1361	0.1377		0.1052	0.104	0.1076	0.1096	0.1151	0.1093	0.111	0.1126	0.121	0.1087	0.1077	0.1108		
		0.4209	0.1365	0.265	0.1387	0.1379	0.135	0.1312	0.1402	0.1495	0.1486	0.148	0.1393		0.3421	0.112	0.1732	0.1106	0.1102	0.1083	0.1068	0.1122	0.1169	0.1207	0.1093	0.1093		
		0.1482	0.133	0.1333	0.1449	0.1492	0.1452	0.1439	0.1348	0.1395	0.1379	0.1319	0.1417		0.1165	0.107	0.1063	0.1137	0.1108	0.1166	0.1133	0.1078	0.1117	0.1109	0.1085	0.1153		
		0.136	0.1345	0.1357	0.1495	0.1397	0.1347	0.143	0.1321	0.1388	0.1455	0.1385	0.1525		0.1043	0.1058	0.112	0.1186	0.113	0.11	0.1116	0.1079	0.1099	0.1111	0.1167	0.1224		
		0.2108	0.1333	0.1379	0.1513	0.1463	0.1362	0.1434	0.1392	0.1369	0.1458	0.1402	0.1704		0.1163	0.1078	0.1105	0.119	0.1149	0.11	0.1137	0.1122	0.1092	0.1184	0.1135	0.1183		
		0.1548	0.1436	0.1478	0.1422	0.1556	0.1476	0.148	0.1533	0.1379	0.1375	0.1434	0.1382		0.1223	0.1155	0.12	0.1149	0.1235	0.1166	0.1116	0.1222	0.1096	0.1106	0.1162	0.1123		
		0.1313	0.365	0.1405	0.1344	0.1433	0.1397	0.1482	0.1317	0.1348	0.1466	0.1535	0.1491		0.1081	0.3158	0.115	0.1088	0.1151	0.1128	0.1192	0.1065	0.1073	0.1144	0.1221	0.1206		
		0.1469	0.1396	0.497	0.1351	0.1344	0.136	0.1239	0.1331	0.1329	0.1469	0.1293	0.1469		0.1151	0.1115	0.4722	0.1094	0.1086	0.1084	0.1015	0.1058	0.1065	0.1214	0.1067	0.1178		
		
~End
Copyright © 2003 Molecular Devices. All rights reserved.
