##BLOCKS= 1          
Plate:	Plate#1	1.3	PlateFormat	Endpoint	Absorbance	Raw	FALSE	1						2	490 750	1	12	96	1	8	None	
	Temperature(¡C)	1	2	3	4	5	6	7	8	9	10	11	12		1	2	3	4	5	6	7	8	9	10	11	12		
	23.70	0.1318	0.1612	0.1406	0.1632	0.1383	0.1338	0.145	0.1521	0.1505	0.1437	0.1472	0.162		0.1066	0.1129	0.1134	0.1283	0.1125	0.1085	0.1161	0.1123	0.11	0.1147	0.1153	0.1264		
		0.5551	0.1427	0.4014	0.1335	0.148	0.1519	0.1398	0.1367	0.1465	0.1476	0.1421	0.1565		0.3951	0.1167	0.2485	0.1091	0.1167	0.1222	0.1134	0.1113	0.116	0.1175	0.1076	0.1235		
		0.1807	0.1392	0.1385	0.143	0.1592	0.1397	0.1558	0.1475	0.1444	0.1405	0.1436	0.1737		0.1481	0.112	0.1096	0.1141	0.1187	0.1127	0.1231	0.1181	0.1157	0.1137	0.115	0.1376		
		0.1677	0.1425	0.1545	0.1479	0.1366	0.1332	0.1324	0.1302	0.1438	0.1401	0.1404	0.1596		0.1315	0.1162	0.1257	0.1231	0.112	0.1129	0.1095	0.106	0.1175	0.1114	0.1177	0.1299		
		0.19	0.1723	0.1434	0.1521	0.1542	0.1517	0.1297	0.1496	0.1414	0.1477	0.141	0.1626		0.1143	0.1437	0.1166	0.1192	0.1199	0.1209	0.1043	0.1206	0.1134	0.1185	0.1143	0.1149		
		0.1623	0.1453	0.154	0.1503	0.1518	0.1507	0.1485	0.1529	0.1421	0.1346	0.141	0.1622		0.1193	0.1178	0.1256	0.1217	0.1214	0.1199	0.1132	0.1217	0.1139	0.1079	0.1136	0.1306		
		0.1323	0.2369	0.1509	0.1365	0.1517	0.1451	0.1425	0.1368	0.1419	0.1513	0.1296	0.1364		0.1061	0.1968	0.1216	0.1111	0.122	0.1165	0.1142	0.1105	0.1113	0.1197	0.1046	0.111		
		0.1519	0.1438	0.1662	0.1368	0.1653	0.1386	0.1348	0.1368	0.1399	0.2103	0.1296	0.1285		0.1265	0.1123	0.1269	0.1098	0.132	0.1093	0.108	0.1086	0.1101	0.1859	0.1065	0.104		
		
~End
Copyright © 2003 Molecular Devices. All rights reserved.
