##BLOCKS= 1          
Plate:	Plate#1	1.3	PlateFormat	Endpoint	Absorbance	Raw	FALSE	1						2	490 750	1	12	96	1	8	None	
	Temperature(¡C)	1	2	3	4	5	6	7	8	9	10	11	12		1	2	3	4	5	6	7	8	9	10	11	12		
	23.60	0.1365	0.2042	0.1611	0.1502	0.1492	0.1657	0.1602	0.1606	0.1587	0.1319	0.1556	0.4777		0.1101	0.1333	0.1304	0.1188	0.1218	0.1308	0.1252	0.1148	0.1134	0.1047	0.1187	0.4166		
		0.4812	0.1571	0.327	0.1491	0.1457	0.1595	0.1589	0.1734	0.1657	0.1646	0.1585	0.1569		0.3722	0.1245	0.2094	0.1183	0.1153	0.1243	0.1275	0.1357	0.1289	0.1288	0.1185	0.1192		
		0.1585	0.1527	0.1596	0.1571	0.1634	0.173	0.1757	0.1433	0.137	0.1507	0.1509	0.1547		0.114	0.1211	0.1251	0.1243	0.1217	0.1384	0.138	0.1145	0.1104	0.1196	0.1215	0.1235		
		0.1472	0.1703	0.1462	0.1794	0.1429	0.1476	0.1579	0.1607	0.1608	0.144	0.1482	0.141		0.1155	0.1298	0.1159	0.1388	0.1166	0.1173	0.1244	0.1275	0.1227	0.1132	0.1149	0.108		
		0.203	0.1687	0.1482	0.1421	0.1856	0.1481	0.1467	0.1503	0.1554	0.1422	0.1523	0.1729		0.1255	0.1395	0.1192	0.1124	0.1495	0.1185	0.1164	0.1202	0.1233	0.1123	0.1222	0.1205		
		0.1773	0.1808	0.1861	0.1558	0.1697	0.1511	0.1612	0.153	0.1412	0.143	0.1389	0.1398		0.1306	0.1472	0.1498	0.1231	0.1358	0.1184	0.1196	0.1221	0.1132	0.1139	0.1118	0.1132		
		0.1386	0.3523	0.1589	0.1543	0.1458	0.1503	0.1397	0.1614	0.143	0.168	0.1408	0.1373		0.1073	0.3229	0.1292	0.1239	0.1163	0.1185	0.1116	0.1263	0.1119	0.1298	0.1138	0.1114		
		0.16	0.1608	0.1374	0.162	0.1673	0.1461	0.1518	0.1353	0.1401	0.1478	0.1392	0.1525		0.1254	0.1352	0.1083	0.13	0.1326	0.1166	0.1182	0.1075	0.1106	0.1187	0.1106	0.1228		
		
~End
Copyright © 2003 Molecular Devices. All rights reserved.
