##BLOCKS= 1          
Plate:	Plate#1	1.3	PlateFormat	Endpoint	Absorbance	Raw	FALSE	1						2	490 750	1	12	96	1	8	None	
	Temperature(¡C)	1	2	3	4	5	6	7	8	9	10	11	12		1	2	3	4	5	6	7	8	9	10	11	12		
	22.40	0.1936	0.5214	0.1867	0.4061	0.1893	0.2332	0.4298	0.2178	0.4795	0.1998	1.4057	0.648		0.1523	0.329	0.1387	0.2039	0.1429	0.171	0.2191	0.1518	0.2869	0.1519	0.3244	0.2873		
		0.5824	0.1876	0.874	0.2173	0.3896	0.2473	0.5139	0.3182	0.6211	0.2221	0.1514	0.5074		0.469	0.1453	0.5335	0.1623	0.2357	0.1816	0.3272	0.2324	0.2521	0.1665	0.1106	0.3269		
		0.3111	0.1458	0.2288	0.2807	0.5058	0.556	0.8242	0.6175	0.1876	0.3694	0.2176	0.5011		0.1715	0.1132	0.1643	0.1559	0.3067	0.3148	0.3754	0.2897	0.1404	0.2606	0.1642	0.3293		
		0.2713	0.3128	0.5636	0.7596	0.2229	0.2896	0.2094	0.6148	0.4833	0.1913	0.5277	0.6266		0.2022	0.1917	0.2469	0.3518	0.1614	0.2111	0.1563	0.2839	0.2393	0.1425	0.2549	0.2887		
		0.4426	1.0334	0.2964	0.2523	0.1846	0.1825	0.5386	0.2201	0.9179	0.6142	0.1988	0.41		0.198	0.4954	0.2272	0.1803	0.1392	0.1347	0.2221	0.1656	0.4074	0.3435	0.1463	0.2824		
		0.3454	0.3175	0.7175	0.3889	0.219	0.3325	0.3215	0.2131	0.1942	0.2675	0.7775	0.8072		0.2607	0.2167	0.3293	0.2735	0.1674	0.2344	0.2228	0.1607	0.1458	0.1881	0.2869	0.2148		
		0.8309	0.4497	0.2709	0.7718	0.208	0.3119	0.2332	0.2621	0.2403	0.28	0.2099	0.2825		0.2181	0.3486	0.2053	0.3219	0.1258	0.2338	0.1703	0.1698	0.1554	0.1803	0.1474	0.1833		
		0.3144	0.2363	0.294	0.2497	0.2141	0.1779	0.1935	0.2299	0.2106	0.1596	0.1801	0.1808		0.2253	0.1699	0.2082	0.1752	0.1643	0.1215	0.132	0.1492	0.1551	0.1197	0.1346	0.1298		
		
~End
Copyright © 2003 Molecular Devices. All rights reserved.
