##BLOCKS= 1          
Plate:	Plate#1	1.3	PlateFormat	Endpoint	Absorbance	Raw	FALSE	1						2	490 750	1	12	96	1	8	None	
	Temperature(¡C)	1	2	3	4	5	6	7	8	9	10	11	12		1	2	3	4	5	6	7	8	9	10	11	12		
	22.90	0.203	0.3619	0.2092	0.2745	0.2157	0.276	0.1922	0.2483	0.2245	0.2616	0.3196	0.4173		0.1399	0.2369	0.1626	0.2117	0.165	0.2153	0.1427	0.1826	0.1619	0.199	0.2046	0.3347		
		0.5132	0.1819	0.5441	0.2357	0.3511	0.1805	0.3001	0.223	0.3118	0.2157	0.2588	0.4004		0.4104	0.1429	0.3943	0.1666	0.2642	0.1349	0.2243	0.1746	0.2382	0.1634	0.1938	0.3102		
		0.2371	0.1865	0.2311	0.2395	0.4034	0.2249	0.2072	0.1945	0.2491	0.2673	0.3477	0.4036		0.1712	0.136	0.1738	0.1662	0.2935	0.1693	0.156	0.1457	0.1888	0.1998	0.2651	0.3093		
		0.4313	0.4823	0.301	0.2364	0.2275	0.32	0.1935	0.4716	0.3604	0.1905	0.3935	0.2721		0.3623	0.3523	0.2223	0.1703	0.1728	0.2489	0.1423	0.3723	0.2705	0.1452	0.3102	0.211		
		0.2999	0.2937	0.1715	0.2619	0.2053	0.3249	0.4324	0.2342	0.3294	0.3372	0.2548	0.4561		0.1854	0.2264	0.1291	0.1924	0.1467	0.243	0.3307	0.1748	0.2476	0.2574	0.1929	0.329		
		0.213	0.3125	0.2799	0.2306	0.2282	0.237	0.2887	0.2732	0.2165	0.2054	0.2318	0.4468		0.1905	0.2472	0.2197	0.1787	0.1769	0.1778	0.1993	0.2151	0.1641	0.1536	0.1702	0.3088		
		0.2115	0.3549	0.2526	0.2298	0.171	0.3038	0.2	0.2689	0.2007	0.22	0.1936	0.245		0.1738	0.3022	0.1998	0.1687	0.135	0.2372	0.1525	0.1983	0.145	0.1638	0.1444	0.1849		
		0.2337	0.2534	0.2125	0.2315	0.3436	0.2623	0.2182	0.1993	0.2139	0.2099	0.1714	0.1965		0.1787	0.176	0.1521	0.18	0.2627	0.1927	0.1606	0.1436	0.1554	0.1556	0.126	0.1478		
		
~End
Copyright © 2003 Molecular Devices. All rights reserved.
