##BLOCKS= 1          
Plate:	Plate#1	1.3	PlateFormat	Endpoint	Absorbance	Raw	FALSE	1						2	490 750	1	12	96	1	8	None	
	Temperature(¡C)	1	2	3	4	5	6	7	8	9	10	11	12		1	2	3	4	5	6	7	8	9	10	11	12		
	22.70	0.1947	0.3989	0.2087	0.3553	0.2248	0.254	0.3901	0.2573	0.4082	0.2186	0.3614	0.7402		0.1401	0.2505	0.1579	0.2606	0.1718	0.1893	0.2623	0.1851	0.2932	0.1727	0.2673	0.546		
		0.6351	0.1896	0.7303	0.1906	0.7436	0.2515	0.3594	0.4783	0.5328	0.2459	0.215	0.6295		0.5042	0.1462	0.52	0.1426	0.5241	0.1901	0.2634	0.357	0.3769	0.1842	0.1674	0.4289		
		0.1816	0.1468	0.3296	0.232	0.4941	0.38	0.5942	0.2581	0.2257	0.2043	0.4898	0.5998		0.1228	0.118	0.242	0.1752	0.335	0.2703	0.4578	0.1949	0.1707	0.1528	0.344	0.4234		
		0.2456	0.5812	0.6279	0.5196	0.2419	0.254	0.2408	0.6163	0.2546	0.3251	0.2255	0.4775		0.1812	0.3864	0.4142	0.3613	0.1797	0.1914	0.1809	0.4116	0.1898	0.2441	0.1681	0.2767		
		0.5763	0.4208	0.2025	0.2943	0.2022	0.2182	0.5836	0.2029	0.4312	0.2599	0.2131	0.4025		0.3687	0.2966	0.1526	0.2172	0.1511	0.1636	0.3828	0.157	0.3051	0.1917	0.1602	0.2933		
		0.3115	0.2598	0.3769	0.382	0.232	0.2703	0.2077	0.2783	0.2182	0.2513	0.25	0.5993		0.2305	0.2064	0.2756	0.2731	0.1744	0.1982	0.1563	0.2056	0.1644	0.1875	0.1889	0.3502		
		0.2803	0.3869	0.3024	0.2637	0.1335	0.468	0.2445	0.2184	0.2069	0.1874	0.2367	0.2645		0.2355	0.323	0.2293	0.1991	0.1099	0.2808	0.1879	0.1632	0.1555	0.1391	0.1739	0.1926		
		0.2315	0.2151	0.2096	0.2613	0.3207	0.1938	0.1929	0.1765	0.1878	0.1891	0.2	0.2304		0.1815	0.1623	0.1482	0.1913	0.2416	0.148	0.1446	0.1347	0.1409	0.1432	0.1487	0.1728		
		
~End
Copyright © 2003 Molecular Devices. All rights reserved.
