##BLOCKS= 1          
Plate:	Plate#1	1.3	PlateFormat	Endpoint	Absorbance	Raw	FALSE	1						2	490 750	1	12	96	1	8	None	
	Temperature(¡C)	1	2	3	4	5	6	7	8	9	10	11	12		1	2	3	4	5	6	7	8	9	10	11	12		
	22.80	0.2427	0.4312	0.2996	0.3624	0.2074	0.2067	0.3894	0.262	0.3276	0.2087	0.3645	0.6162		0.1638	0.2605	0.2306	0.2665	0.1586	0.1535	0.2629	0.1878	0.232	0.1623	0.2697	0.4489		
		0.5374	0.1907	0.8362	0.2376	0.6858	0.2139	0.3771	0.4362	0.5403	0.2758	0.1674	0.7122		0.4297	0.148	0.5917	0.1766	0.4805	0.1647	0.279	0.3253	0.3824	0.2057	0.1282	0.5017		
		0.1698	0.1452	0.3438	0.1978	0.5418	0.3764	0.5865	0.2638	0.2368	0.2056	0.4289	0.6171		0.1286	0.1161	0.2578	0.1519	0.3673	0.2681	0.4512	0.2	0.1781	0.1527	0.3008	0.4172		
		0.2373	0.595	0.6016	0.5645	0.243	0.2622	0.24	0.4901	0.2703	0.3023	0.2433	0.5846		0.1984	0.4163	0.3981	0.3945	0.1764	0.2003	0.1773	0.3214	0.2007	0.2291	0.1829	0.3307		
		0.5604	0.4429	0.1884	0.293	0.2047	0.213	0.6537	0.2099	0.4378	0.2438	0.2185	0.342		0.381	0.3103	0.1423	0.2174	0.1533	0.1592	0.4295	0.1614	0.3114	0.1842	0.1654	0.2471		
		0.3216	0.233	0.3648	0.4084	0.1981	0.2268	0.1942	0.2572	0.2515	0.271	0.2209	0.6173		0.23	0.1834	0.2664	0.2951	0.1528	0.1687	0.1448	0.1905	0.1869	0.2051	0.1671	0.3673		
		0.3071	0.3558	0.2694	0.2204	0.1294	0.5936	0.2134	0.2104	0.1996	0.1926	0.2174	0.2494		0.2363	0.3099	0.2082	0.167	0.1072	0.3555	0.1614	0.1566	0.1497	0.1447	0.1595	0.1838		
		0.2363	0.2197	0.2067	0.2357	0.3273	0.1897	0.1781	0.1653	0.1879	0.2003	0.1869	0.1827		0.1874	0.1651	0.1494	0.1751	0.2501	0.1454	0.1336	0.1249	0.1408	0.1512	0.1428	0.1377		
		
~End
Copyright © 2003 Molecular Devices. All rights reserved.
