##BLOCKS= 1          
Plate:	Plate#1	1.3	PlateFormat	Endpoint	Absorbance	Raw	FALSE	1						2	490 750	1	12	96	1	8	None	
	Temperature(¡C)	1	2	3	4	5	6	7	8	9	10	11	12		1	2	3	4	5	6	7	8	9	10	11	12		
	23.50	0.1725	0.2912	0.1966	0.1828	0.1738	0.1739	0.3038	0.1779	0.2548	0.1676	0.5548	0.4172		0.1498	0.1626	0.1589	0.1418	0.1406	0.1388	0.191	0.1288	0.1888	0.1288	0.2858	0.3155		
		0.5596	0.1832	0.852	0.2246	0.2854	0.1645	0.2744	0.2036	0.301	0.1591	0.1931	0.5652		0.4314	0.149	0.588	0.1641	0.2143	0.1297	0.2121	0.1607	0.2226	0.1275	0.1332	0.4104		
		0.2518	0.1703	0.2261	0.2236	0.3323	0.383	0.2713	0.2008	0.208	0.2087	0.3351	0.4493		0.1871	0.1323	0.178	0.1736	0.2544	0.2413	0.214	0.1625	0.1662	0.1665	0.2648	0.355		
		0.2151	0.3088	0.3621	0.2448	0.1707	0.224	0.1504	0.3151	0.3276	0.1604	0.3138	0.2344		0.1671	0.2127	0.2859	0.1915	0.1365	0.1819	0.1201	0.2296	0.2468	0.1268	0.2355	0.1874		
		0.2565	0.3441	0.2382	0.2159	0.1579	0.2284	0.3367	0.1803	0.4019	0.3119	0.1668	0.2833		0.1571	0.2601	0.192	0.1736	0.1217	0.1825	0.2346	0.1443	0.3084	0.2254	0.1353	0.194		
		0.3713	0.2671	0.6188	0.2658	0.2299	0.3041	0.211	0.2974	0.182	0.1864	0.2566	0.5256		0.2865	0.2214	0.278	0.2163	0.1843	0.2219	0.1567	0.2426	0.1442	0.1476	0.1757	0.2032		
		0.2426	0.3369	0.313	0.3988	0.1576	0.1943	0.1965	0.2557	0.2841	0.1826	0.1967	0.2671		0.2062	0.3056	0.2544	0.3183	0.1281	0.1579	0.1536	0.2029	0.2109	0.1417	0.1566	0.209		
		0.2036	0.1928	0.2249	0.2875	0.1799	0.1975	0.1727	0.1567	0.2113	0.1786	0.1785	0.1653		0.1573	0.1529	0.1605	0.2333	0.1444	0.1557	0.1316	0.1253	0.163	0.1418	0.1443	0.1278		
		
~End
Copyright © 2003 Molecular Devices. All rights reserved.
