##BLOCKS= 1          
Plate:	Plate#1	1.3	PlateFormat	Endpoint	Absorbance	Raw	FALSE	1						2	490 750	1	12	96	1	8	None	
	Temperature(¡C)	1	2	3	4	5	6	7	8	9	10	11	12		1	2	3	4	5	6	7	8	9	10	11	12		
	23.50	0.1842	0.3078	0.1943	0.2596	0.1895	0.1778	0.298	0.193	0.2783	0.189	0.6616	0.4203		0.1452	0.1991	0.1579	0.2058	0.1536	0.1424	0.1992	0.1429	0.2123	0.1512	0.284	0.3153		
		0.5004	0.2724	0.6674	0.4105	0.3816	0.19	0.2635	0.4048	0.2746	0.23	0.3011	0.3734		0.386	0.2428	0.4343	0.3263	0.2929	0.1521	0.2034	0.3234	0.2012	0.1875	0.2103	0.2544		
		0.2365	0.1714	0.2127	0.1908	0.3426	0.2794	0.2971	0.2585	0.1901	0.2546	0.3662	0.3943		0.1657	0.134	0.1657	0.144	0.2599	0.1807	0.2334	0.2097	0.1525	0.2047	0.2899	0.3104		
		0.1938	0.3797	0.2802	0.4693	0.2102	0.3135	0.1976	0.3965	0.2799	0.1551	0.3233	0.2011		0.1558	0.289	0.2167	0.3809	0.167	0.2557	0.1582	0.3037	0.2184	0.1207	0.2504	0.1591		
		0.41	0.3711	0.1861	0.1878	0.1983	0.462	0.4846	0.1909	0.3262	0.4517	0.1853	0.2849		0.2557	0.3102	0.1474	0.1483	0.1591	0.3707	0.3417	0.1524	0.2519	0.3324	0.1507	0.1873		
		0.2806	0.2908	0.7202	0.3234	0.2774	0.2694	0.3201	0.2785	0.1809	0.2843	0.3341	0.7172		0.2354	0.2388	0.3213	0.2647	0.2255	0.1914	0.2397	0.2264	0.1444	0.199	0.2098	0.2744		
		0.2011	0.3438	0.2328	0.2833	0.1579	0.2348	0.2491	0.2354	0.2229	0.1631	0.1847	0.3699		0.1543	0.2734	0.1896	0.2227	0.128	0.1921	0.2019	0.1878	0.1697	0.1255	0.1462	0.2857		
		0.2284	0.3219	0.2312	0.217	0.219	0.2321	0.2172	0.1743	0.232	0.2465	0.1805	0.1867		0.1825	0.2666	0.1685	0.1734	0.1774	0.1845	0.1699	0.1341	0.1781	0.1962	0.1446	0.1448		
		
~End
Copyright © 2003 Molecular Devices. All rights reserved.
