##BLOCKS= 1          
Plate:	Plate#1	1.3	PlateFormat	Endpoint	Absorbance	Raw	FALSE	1						2	490 750	1	12	96	1	8	None	
	Temperature(¡C)	1	2	3	4	5	6	7	8	9	10	11	12		1	2	3	4	5	6	7	8	9	10	11	12		
	23.20	0.354	0.5399	0.2221	0.2406	0.2263	0.2536	0.9542	0.1987	0.3057	0.2701	0.554	1.1067		0.1641	0.1525	0.1288	0.1334	0.1346	0.1405	0.2787	0.126	0.1771	0.1428	0.1878	0.2645		
		0.5858	0.2423	2.057	0.2256	0.9641	0.2826	0.5912	0.4182	1.858	0.257	0.2447	1.5515		0.4617	0.1706	0.5777	0.1236	0.2659	0.1365	0.1724	0.3242	0.3925	0.1575	0.1245	0.3504		
		0.3174	0.1295	0.2637	0.3448	0.7629	0.6488	0.3442	0.2576	0.2725	0.2065	0.2605	0.6928		0.1324	0.103	0.1521	0.1514	0.2592	0.2054	0.1973	0.1601	0.1705	0.1372	0.1522	0.21		
		0.3237	1.0361	0.3039	0.9753	0.2393	0.2305	0.2487	0.6797	0.3944	0.3053	0.3729	0.2981		0.15	0.2301	0.152	0.2524	0.1408	0.1399	0.1449	0.1981	0.1712	0.1493	0.1626	0.1491		
		0.2525	0.5415	0.2026	0.2903	0.3708	0.2417	0.6766	0.2456	1.767	0.2658	0.2373	0.6899		0.1521	0.1711	0.1222	0.1407	0.1292	0.1399	0.2186	0.1455	0.4216	0.1317	0.1325	0.1733		
		0.2424	0.4071	0.2908	0.2979	0.2088	0.1777	0.4069	0.2275	0.2159	0.1791	0.1923	1.129		0.1865	0.316	0.2169	0.2384	0.1642	0.1211	0.1626	0.1822	0.1329	0.1143	0.1261	0.3042		
		0.4266	0.3924	0.2045	0.1858	0.1345	0.2091	0.3246	0.2963	0.2563	0.2338	0.1926	0.2417		0.167	0.3439	0.1644	0.1254	0.109	0.1634	0.1564	0.1399	0.1244	0.1209	0.1315	0.1632		
		0.2501	0.2187	0.2364	0.1874	0.1865	0.2208	0.2558	0.2324	0.241	0.2257	0.3873	0.2416		0.1496	0.1197	0.1237	0.1424	0.1487	0.1188	0.1283	0.1669	0.1287	0.1479	0.1837	0.1407		
		
~End
Copyright © 2003 Molecular Devices. All rights reserved.
