##BLOCKS= 1          
Plate:	Plate#1	1.3	PlateFormat	Endpoint	Absorbance	Raw	FALSE	1						2	490 750	1	12	96	1	8	None	
	Temperature(¡C)	1	2	3	4	5	6	7	8	9	10	11	12		1	2	3	4	5	6	7	8	9	10	11	12		
	23.20	0.254	0.625	0.3754	0.3714	0.2398	0.2133	1.6736	0.218	0.2596	0.2338	0.658	1.3195		0.1371	0.1786	0.2176	0.1929	0.1485	0.1269	0.4913	0.1422	0.1697	0.1296	0.2624	0.3222		
		0.5668	0.2284	1.8986	0.2597	1.0904	0.1862	0.6715	0.3601	1.2445	0.2173	0.2121	1.4188		0.4125	0.1703	0.5188	0.1332	0.2783	0.1118	0.1997	0.2816	0.2699	0.1428	0.1159	0.336		
		0.3678	0.1334	0.2264	0.2906	1.0488	0.7457	0.3275	0.2004	0.2572	0.2312	0.2412	0.9537		0.1424	0.105	0.1364	0.1341	0.325	0.2238	0.194	0.1324	0.1627	0.1535	0.1505	0.2727		
		0.2783	0.7532	0.2546	1.4023	0.2661	0.2448	0.2471	0.6848	0.2996	0.4024	0.7202	0.2417		0.1349	0.2113	0.1437	0.3505	0.149	0.14	0.1434	0.2104	0.1545	0.1924	0.24	0.1319		
		0.2664	0.6737	0.2124	0.3891	0.4051	0.2782	0.8217	0.2343	2.2208	0.4331	0.2384	0.6903		0.1711	0.2012	0.132	0.1756	0.1346	0.1557	0.2415	0.1344	0.5576	0.1962	0.1372	0.1781		
		0.2584	0.3857	0.2815	0.3698	0.2208	0.224	0.3047	0.2516	0.2703	0.1931	0.2212	0.7076		0.203	0.3131	0.2078	0.2971	0.1749	0.1379	0.1386	0.1994	0.1647	0.1266	0.1491	0.1895		
		0.3498	0.2434	0.1871	0.2231	0.1348	0.1702	0.2571	0.4255	0.2974	0.2289	0.1966	0.2055		0.141	0.1976	0.1485	0.1532	0.1069	0.1345	0.1346	0.1814	0.1348	0.1263	0.1373	0.1385		
		0.2074	0.2546	0.3165	0.2408	0.2136	0.2054	0.2735	0.1967	0.2966	0.3377	0.2349	0.2105		0.1416	0.134	0.1455	0.1846	0.1712	0.1169	0.1398	0.1365	0.1534	0.2622	0.1334	0.1303		
		
~End
Copyright © 2003 Molecular Devices. All rights reserved.
