##BLOCKS= 1          
Plate:	Plate#1	1.3	PlateFormat	Endpoint	Absorbance	Raw	FALSE	1						2	490 750	1	12	96	1	8	None	
	Temperature(¡C)	1	2	3	4	5	6	7	8	9	10	11	12		1	2	3	4	5	6	7	8	9	10	11	12		
	23.20	0.2275	0.8444	0.2091	0.3224	0.2734	0.2228	0.8806	0.1876	0.2524	0.2928	0.3372	1.7646		0.1201	0.2848	0.1232	0.1611	0.1591	0.1281	0.2655	0.1212	0.1488	0.1519	0.1437	0.4524		
		0.503	0.2144	1.5828	0.2171	0.8369	0.189	0.5025	0.3703	1.386	0.2087	0.3665	1.5469		0.381	0.154	0.4486	0.126	0.2378	0.1105	0.17	0.2836	0.3252	0.1401	0.1619	0.3879		
		0.321	0.1311	0.2689	0.3273	0.8693	0.5083	0.5077	0.4405	0.25	0.2701	0.2563	1.5604		0.1431	0.104	0.1552	0.1491	0.2761	0.1723	0.2423	0.2027	0.1507	0.1697	0.1551	0.4284		
		0.28	1.4578	0.3134	1.2856	0.2211	0.2315	0.2312	1.0056	0.3144	0.4462	0.4909	0.3539		0.1328	0.3426	0.1627	0.3253	0.1336	0.136	0.1391	0.3099	0.1583	0.1859	0.1873	0.1659		
		0.2516	0.5124	0.2121	0.4076	0.3737	0.2248	0.5354	0.1999	1.5784	0.3503	0.2311	0.9916		0.155	0.1781	0.127	0.1903	0.1286	0.1335	0.1932	0.1247	0.3696	0.1621	0.1394	0.2398		
		0.2747	0.2776	0.3484	0.35	0.2014	0.2011	0.3024	0.2884	0.2283	0.2336	0.239	1.2323		0.211	0.2185	0.2523	0.2815	0.1576	0.1377	0.1397	0.2291	0.1473	0.1462	0.173	0.2639		
		0.4459	0.4501	0.2182	0.2178	0.1561	0.238	0.4347	0.2671	0.3267	0.3205	0.2033	0.3184		0.1729	0.3904	0.1741	0.1577	0.1249	0.1877	0.192	0.1371	0.1362	0.1622	0.1492	0.2308		
		0.204	0.223	0.2875	0.2471	0.273	0.2083	0.2143	0.2729	0.2413	0.1777	0.1967	0.2562		0.1445	0.1264	0.1375	0.1958	0.2154	0.119	0.1174	0.1901	0.1289	0.1211	0.1221	0.161		
		
~End
Copyright © 2003 Molecular Devices. All rights reserved.
