##BLOCKS= 1          
Plate:	Plate#1	1.3	PlateFormat	Endpoint	Absorbance	Raw	FALSE	1						2	490 750	1	12	96	1	8	None	
	Temperature(¡C)	1	2	3	4	5	6	7	8	9	10	11	12		1	2	3	4	5	6	7	8	9	10	11	12		
	22.90	0.3088	0.4341	0.2682	0.3676	0.2719	0.3913	0.2762	0.2798	0.2488	0.3376	0.3853	0.3908		0.1768	0.1837	0.1914	0.2249	0.1946	0.198	0.1514	0.2075	0.1736	0.1674	0.2001	0.2452		
		0.5792	0.2545	0.5411	0.3235	0.4803	0.2522	0.3456	0.2911	0.4529	0.212	0.1666	0.4657		0.4646	0.1932	0.376	0.2085	0.3393	0.1681	0.2072	0.2246	0.2808	0.1557	0.1265	0.2776		
		0.3288	0.1822	0.1785	0.2453	0.3347	0.3899	0.2944	0.2182	0.2044	0.2662	0.2365	0.3967		0.2019	0.1252	0.1273	0.1382	0.2089	0.2458	0.2353	0.1611	0.1435	0.1879	0.1659	0.2755		
		0.2984	0.4649	0.3069	0.4642	0.2134	0.2734	0.2193	0.423	0.2203	0.2991	0.2863	0.2319		0.1774	0.3136	0.2073	0.2998	0.148	0.1801	0.15	0.2443	0.1519	0.2168	0.1839	0.1694		
		0.3146	0.5332	0.4071	0.3682	0.3226	0.217	0.4927	0.195	0.4919	0.2085	0.2505	0.2919		0.183	0.2397	0.2679	0.2563	0.1589	0.132	0.36	0.133	0.3081	0.1527	0.1636	0.2128		
		0.24	0.3068	0.3155	0.2483	0.2116	0.2701	0.3722	0.2092	0.2088	0.1855	0.3425	0.3777		0.1856	0.2466	0.2377	0.1915	0.1657	0.154	0.2048	0.1624	0.151	0.1279	0.2396	0.2269		
		0.2527	0.3553	0.226	0.3443	0.1433	0.374	0.2951	0.293	0.3108	0.2436	0.3271	0.3013		0.1719	0.303	0.1753	0.2686	0.1152	0.2938	0.1623	0.1955	0.166	0.1489	0.2524	0.2248		
		0.2454	0.2418	0.2038	0.2717	0.2432	0.2004	0.1917	0.1728	0.2213	0.2915	0.2166	0.2178		0.1914	0.1495	0.1249	0.2134	0.1893	0.1278	0.1316	0.1234	0.1365	0.2051	0.1286	0.1315		
		
~End
Copyright © 2003 Molecular Devices. All rights reserved.
