##BLOCKS= 1          
Plate:	Plate#1	1.3	PlateFormat	Endpoint	Absorbance	Raw	FALSE	1						2	490 750	1	12	96	1	8	None	
	Temperature(¡C)	1	2	3	4	5	6	7	8	9	10	11	12		1	2	3	4	5	6	7	8	9	10	11	12		
	22.90	0.2776	0.6399	0.2633	0.2766	0.2576	0.319	0.2527	0.2293	0.3492	0.4368	0.3681	0.5229		0.1644	0.3151	0.1629	0.1742	0.1673	0.1697	0.1357	0.1605	0.2242	0.1848	0.1934	0.3076		
		0.5744	0.222	0.6743	0.3015	0.3137	0.2503	0.3734	0.28	0.5841	0.2144	0.1597	0.5541		0.4597	0.1533	0.4504	0.1626	0.2262	0.1521	0.2236	0.2197	0.295	0.1519	0.1194	0.3085		
		0.3493	0.19	0.2687	0.2839	0.2985	0.2781	0.2601	0.3901	0.248	0.3247	0.2635	0.4215		0.1636	0.1275	0.1581	0.1479	0.1968	0.1765	0.196	0.2584	0.1373	0.2012	0.1505	0.25		
		0.303	0.3694	0.2431	0.4054	0.2648	0.2734	0.2993	0.4992	0.2383	0.2689	0.3561	0.2757		0.184	0.2066	0.1603	0.232	0.1718	0.1759	0.1782	0.2432	0.1396	0.1459	0.2068	0.1627		
		0.2939	0.8792	0.5498	0.4318	0.2846	0.2468	0.5075	0.2398	0.6774	0.3386	0.2802	0.2752		0.1848	0.3448	0.2948	0.2338	0.1491	0.1528	0.3308	0.1514	0.3679	0.2156	0.154	0.194		
		0.2395	0.249	0.6093	0.2789	0.1975	0.3039	0.2719	0.2462	0.2713	0.1952	0.2433	0.5477		0.1714	0.198	0.468	0.218	0.1491	0.1604	0.1558	0.1907	0.1991	0.1302	0.1688	0.3237		
		0.2676	0.2627	0.2103	0.2688	0.1538	0.2898	0.2315	0.3284	0.3678	0.2788	0.2817	0.3188		0.1937	0.2187	0.1617	0.1976	0.1221	0.2322	0.1252	0.1742	0.1572	0.1389	0.2134	0.2376		
		0.2718	0.282	1.0584	0.2471	0.2605	0.2523	0.2508	0.2022	0.2731	0.777	0.2527	0.2987		0.1945	0.1472	0.8986	0.1913	0.2029	0.1506	0.1351	0.1489	0.1412	0.6774	0.1363	0.1484		
		
~End
Copyright © 2003 Molecular Devices. All rights reserved.
