##BLOCKS= 1          
Plate:	Plate#1	1.3	PlateFormat	Endpoint	Absorbance	Raw	FALSE	1						2	490 750	1	12	96	1	8	None	
	Temperature(¡C)	1	2	3	4	5	6	7	8	9	10	11	12		1	2	3	4	5	6	7	8	9	10	11	12		
	22.90	0.1989	0.7348	0.3338	0.4249	0.2891	0.4559	0.345	0.256	0.335	0.5223	0.344	0.9489		0.1254	0.2879	0.1596	0.1737	0.1494	0.1709	0.144	0.1606	0.1889	0.1827	0.2045	0.3694		
		0.5454	0.2831	0.4701	0.4297	0.4901	0.3629	0.4656	0.2977	0.7585	0.2826	0.1636	0.731		0.4327	0.1831	0.2746	0.1799	0.2226	0.161	0.1822	0.2276	0.3213	0.166	0.1212	0.3254		
		0.3879	0.1788	0.2536	0.3127	0.4996	0.3383	0.2725	0.2541	0.3395	0.3213	0.273	0.321		0.1487	0.1193	0.1462	0.1487	0.2084	0.1531	0.1827	0.1403	0.1684	0.157	0.1484	0.1687		
		0.3798	0.6598	0.3431	0.4393	0.3055	0.4171	0.4322	0.7393	0.3232	0.4332	0.2439	0.2838		0.1672	0.3427	0.1642	0.2123	0.1477	0.1982	0.1996	0.2858	0.1497	0.2096	0.1288	0.1624		
		0.3262	0.7485	0.3939	0.3921	0.4103	0.3091	0.3919	0.2277	0.5648	0.338	0.3181	0.3067		0.2014	0.2762	0.1845	0.1897	0.1665	0.1673	0.2016	0.1314	0.2441	0.1656	0.1603	0.2022		
		0.2234	0.2232	0.3252	0.2685	0.1791	0.3252	0.4303	0.2118	0.2056	0.1773	0.3135	0.357		0.1876	0.18	0.2504	0.2054	0.1368	0.2133	0.2051	0.164	0.1524	0.1263	0.2179	0.2312		
		0.2711	0.2735	0.2302	0.2593	0.1458	0.3417	0.3727	0.4051	0.32	0.2875	0.2636	0.3035		0.1569	0.2004	0.178	0.1802	0.1148	0.2657	0.1552	0.188	0.144	0.1353	0.2013	0.2262		
		0.2496	0.2628	0.2684	0.2003	0.1954	0.2272	0.3158	0.1704	0.3129	0.3282	0.3597	0.218		0.1679	0.1449	0.1474	0.1561	0.1525	0.1419	0.1512	0.1304	0.1376	0.1833	0.178	0.1388		
		
~End
Copyright © 2003 Molecular Devices. All rights reserved.
