##BLOCKS= 1          
Plate:	Plate#1	1.3	PlateFormat	Endpoint	Absorbance	Raw	FALSE	1						2	490 750	1	12	96	1	8	None	
	Temperature(¡C)	1	2	3	4	5	6	7	8	9	10	11	12		1	2	3	4	5	6	7	8	9	10	11	12		
	22.50	0.2634	0.6448	0.1954	0.3572	0.2227	0.2517	0.3058	0.238	0.2202	0.2843	0.2381	0.3208		0.1674	0.2906	0.141	0.2366	0.163	0.1653	0.212	0.1721	0.1568	0.1717	0.1414	0.1816		
		0.5334	0.1872	0.7601	0.2519	0.2642	0.2187	0.2762	0.1998	0.2738	0.2104	0.2572	0.3728		0.4207	0.1412	0.5064	0.1549	0.1811	0.1389	0.198	0.1555	0.1894	0.1586	0.1453	0.2257		
		0.2641	0.1692	0.2003	0.2847	0.3241	0.2172	0.2114	0.206	0.2078	0.1843	0.2609	0.251		0.1336	0.133	0.1454	0.1921	0.202	0.1603	0.1584	0.1548	0.1543	0.1397	0.1829	0.1733		
		0.2539	0.3235	0.2241	0.2303	0.2264	0.2433	0.2176	0.2474	0.2232	0.2386	0.2122	0.2912		0.1675	0.2259	0.1555	0.1689	0.1521	0.1811	0.1446	0.1599	0.1561	0.1536	0.1456	0.1943		
		0.3752	0.2256	0.2011	0.2859	0.2141	0.1981	0.4614	0.2046	0.2732	0.2482	0.2339	0.2284		0.2301	0.1527	0.1495	0.2009	0.1544	0.1459	0.3282	0.141	0.1707	0.1729	0.1572	0.1636		
		0.1685	0.1784	0.1815	0.1546	0.1723	0.2034	0.2304	0.1795	0.2543	0.2029	0.2248	0.2717		0.1365	0.1467	0.1445	0.125	0.1374	0.1557	0.1587	0.1422	0.198	0.159	0.1719	0.1992		
		0.1852	0.2757	0.1691	0.2161	0.13	0.1741	0.2427	0.3518	0.2919	0.2712	0.2313	0.4116		0.1386	0.2404	0.1337	0.1668	0.1068	0.139	0.1538	0.208	0.1513	0.145	0.1761	0.2353		
		0.2364	0.263	0.2247	0.1772	0.2569	0.2171	0.2658	0.1714	0.1954	0.9273	0.214	0.1878		0.1773	0.1587	0.143	0.1437	0.2024	0.1609	0.1666	0.1347	0.1248	0.9206	0.1471	0.1425		
		
~End
Copyright © 2003 Molecular Devices. All rights reserved.
