##BLOCKS= 1          
Plate:	Plate#1	1.3	PlateFormat	Endpoint	Absorbance	Raw	FALSE	1						2	490 750	1	12	96	1	8	None	
	Temperature(¡C)	1	2	3	4	5	6	7	8	9	10	11	12		1	2	3	4	5	6	7	8	9	10	11	12		
	22.50	0.2313	0.7343	0.2004	0.3102	0.1791	0.2248	0.2901	0.2375	0.2279	0.2369	0.2376	0.3171		0.1424	0.3062	0.1524	0.2193	0.1374	0.1585	0.2085	0.1719	0.1615	0.1475	0.1456	0.1774		
		0.4922	0.1891	0.7788	0.2501	0.3014	0.2008	0.2791	0.2534	0.3509	0.2062	0.2444	0.4243		0.3972	0.1434	0.5123	0.1588	0.1965	0.1468	0.201	0.1979	0.2494	0.1549	0.1454	0.2502		
		0.2905	0.1711	0.2403	0.2106	0.3424	0.2347	0.2017	0.2092	0.2665	0.2026	0.2711	0.2518		0.1537	0.133	0.1758	0.1457	0.2055	0.1661	0.1479	0.1577	0.194	0.1508	0.1898	0.1795		
		0.2473	0.3166	0.2103	0.2081	0.2198	0.201	0.2719	0.272	0.2181	0.233	0.2296	0.2504		0.1553	0.2141	0.1454	0.1524	0.1368	0.1396	0.1667	0.1675	0.1479	0.1535	0.1587	0.1664		
		0.4151	0.2129	0.18	0.2638	0.1926	0.2329	0.3166	0.2033	0.3177	0.2514	0.23	0.2529		0.2645	0.1449	0.1334	0.1922	0.1346	0.1651	0.2186	0.1454	0.2006	0.1876	0.1573	0.1778		
		0.1547	0.1705	0.2306	0.1917	0.1706	0.1965	0.3023	0.1962	0.2015	0.1819	0.2599	0.2698		0.132	0.138	0.1848	0.1517	0.1368	0.1499	0.2213	0.1538	0.1543	0.1446	0.199	0.1976		
		0.1954	0.4765	0.1785	0.1955	0.1327	0.1854	0.2791	0.3329	0.3803	0.2449	0.2118	0.4263		0.1508	0.4366	0.1438	0.1526	0.1096	0.1483	0.1775	0.2084	0.25	0.1541	0.1598	0.2344		
		0.259	0.1891	0.2455	0.1436	0.2298	0.2086	0.2275	0.1841	0.2287	0.2279	0.2006	0.1847		0.1905	0.1368	0.1629	0.1177	0.1867	0.1553	0.1469	0.1402	0.1512	0.154	0.1431	0.1414		
		
~End
Copyright © 2003 Molecular Devices. All rights reserved.
