##BLOCKS= 1          
Plate:	Plate#1	1.3	PlateFormat	Endpoint	Absorbance	Raw	FALSE	1						2	490 750	1	12	96	1	8	None	
	Temperature(¡C)	1	2	3	4	5	6	7	8	9	10	11	12		1	2	3	4	5	6	7	8	9	10	11	12		
	22.60	0.2035	0.5657	0.1756	0.2775	0.1987	0.1924	0.3207	0.2416	0.3113	0.236	0.2415	0.2611		0.1388	0.2785	0.1351	0.2077	0.1568	0.1468	0.2316	0.1753	0.2263	0.1783	0.1441	0.1856		
		0.6538	0.2072	0.6963	0.222	0.2838	0.2123	0.2688	0.2128	0.349	0.2705	0.1829	0.4212		0.5093	0.1604	0.4703	0.1629	0.206	0.1582	0.2067	0.165	0.2658	0.2111	0.1345	0.3132		
		0.2765	0.1606	0.2055	0.241	0.3593	0.2142	0.2011	0.2593	0.209	0.1917	0.2926	0.2933		0.1772	0.127	0.1506	0.1547	0.2493	0.16	0.1492	0.1964	0.1572	0.148	0.2197	0.2145		
		0.2881	0.4015	0.1933	0.193	0.2153	0.2511	0.1907	0.2108	0.1944	0.2158	0.236	0.2122		0.1785	0.3048	0.143	0.1448	0.1652	0.1923	0.143	0.1588	0.1504	0.1639	0.1739	0.1653		
		0.411	0.247	0.1742	0.2712	0.2206	0.2033	0.3668	0.1858	0.256	0.2401	0.2198	0.2107		0.311	0.192	0.134	0.1954	0.1592	0.155	0.274	0.1435	0.1883	0.1792	0.166	0.1529		
		0.1547	0.1638	0.1836	0.154	0.1511	0.1864	0.2479	0.2017	0.1884	0.192	0.2337	0.2903		0.1293	0.1351	0.1472	0.126	0.1216	0.1425	0.1652	0.1606	0.1453	0.1462	0.1756	0.2078		
		0.1584	0.288	0.1735	0.3268	0.1446	0.1766	0.2415	0.2954	0.2245	0.2853	0.2618	0.4569		0.1257	0.2462	0.1383	0.2615	0.12	0.139	0.1682	0.1954	0.145	0.1867	0.1997	0.2596		
		0.2314	0.4649	0.1992	0.1804	0.1784	0.198	0.2072	0.1696	0.1731	0.2137	0.2228	0.2234		0.182	0.3304	0.1419	0.1411	0.1446	0.1442	0.1413	0.1206	0.1319	0.1641	0.1711	0.1499		
		
~End
Copyright © 2003 Molecular Devices. All rights reserved.
