##BLOCKS= 1          
Plate:	Plate#1	1.3	PlateFormat	Endpoint	Absorbance	Raw	FALSE	1						2	490 750	1	12	96	1	8	None	
	Temperature(¡C)	1	2	3	4	5	6	7	8	9	10	11	12		1	2	3	4	5	6	7	8	9	10	11	12		
	22.40	0.1325	0.2062	0.1465	0.1565	0.1427	0.1371	0.182	0.147	0.1443	0.1444	0.1564	0.1715		0.0997	0.1269	0.1135	0.1188	0.1104	0.1057	0.1324	0.1068	0.105	0.1099	0.1132	0.1246		
		0.4326	0.1585	0.3432	0.1493	0.1745	0.1482	0.145	0.1517	0.1717	0.1622	0.1484	0.2052		0.3168	0.1195	0.2102	0.1126	0.1267	0.1136	0.1115	0.1187	0.1235	0.121	0.1069	0.1462		
		0.1617	0.1298	0.1479	0.1504	0.2107	0.1515	0.1519	0.1531	0.1478	0.154	0.1568	0.1667		0.1149	0.1033	0.1116	0.1158	0.1435	0.114	0.1154	0.1152	0.112	0.117	0.1176	0.1227		
		0.1439	0.1676	0.1593	0.1538	0.1491	0.1573	0.1602	0.16	0.1589	0.1577	0.1425	0.153		0.1076	0.1215	0.1117	0.1144	0.1076	0.1143	0.117	0.1182	0.1188	0.1143	0.1066	0.1133		
		0.1862	0.1509	0.1496	0.1765	0.1426	0.1708	0.1673	0.1376	0.1845	0.1756	0.1392	0.1524		0.1105	0.1158	0.1128	0.1279	0.1088	0.1265	0.122	0.1078	0.1315	0.1291	0.1071	0.1086		
		0.1626	0.1633	0.1564	0.1624	0.147	0.1431	0.1541	0.1764	0.1528	0.1457	0.1413	0.1891		0.123	0.1141	0.1151	0.1205	0.1093	0.1111	0.1127	0.1216	0.1169	0.1118	0.1087	0.1342		
		0.1377	0.3541	0.1498	0.1492	0.1307	0.1559	0.1482	0.1804	0.1406	0.1566	0.1634	0.1867		0.1055	0.2859	0.1106	0.1147	0.1052	0.1154	0.1095	0.1238	0.1044	0.1133	0.1195	0.1332		
		0.1468	0.1497	0.1559	0.1697	0.1784	0.1471	0.1549	0.1606	0.1454	0.1521	0.1406	0.1466		0.1128	0.1104	0.1114	0.1258	0.1323	0.1061	0.11	0.1133	0.1095	0.1145	0.1084	0.1105		
		
~End
Copyright © 2003 Molecular Devices. All rights reserved.
