##BLOCKS= 1          
Plate:	Plate#1	1.3	PlateFormat	Endpoint	Absorbance	Raw	FALSE	1						2	490 750	1	12	96	1	8	None	
	Temperature(¡C)	1	2	3	4	5	6	7	8	9	10	11	12		1	2	3	4	5	6	7	8	9	10	11	12		
	21.90	0.1713	0.2354	0.1845	0.171	0.1723	0.1767	0.2477	0.2307	0.1965	0.1767	0.1771	0.2049		0.126	0.1433	0.1392	0.1272	0.1299	0.1318	0.1803	0.1627	0.1384	0.1339	0.1309	0.1509		
		0.4948	0.1841	0.356	0.1826	0.1856	0.2079	0.2155	0.265	0.2035	0.1943	0.1558	0.2145		0.3764	0.1352	0.2321	0.1341	0.1373	0.1558	0.16	0.2014	0.1497	0.1461	0.1192	0.1615		
		0.1599	0.1532	0.1752	0.1619	0.2058	0.1983	0.1929	0.1898	0.1734	0.1934	0.207	0.206		0.1251	0.1207	0.132	0.1266	0.1429	0.1473	0.1474	0.1412	0.1288	0.1469	0.1556	0.1556		
		0.1665	0.2004	0.1667	0.194	0.1788	0.1703	0.2044	0.1917	0.2023	0.1914	0.2021	0.1816		0.1268	0.1506	0.1215	0.1403	0.1361	0.1339	0.1506	0.1412	0.1524	0.1426	0.1525	0.1393		
		0.2797	0.1978	0.188	0.1763	0.1578	0.1835	0.1892	0.1992	0.1851	0.1789	0.182	0.1969		0.1506	0.1475	0.1433	0.131	0.1206	0.1376	0.1395	0.1605	0.1378	0.134	0.139	0.1329		
		0.2362	0.1798	0.1844	0.215	0.2175	0.1876	0.2197	0.215	0.195	0.1747	0.164	0.2432		0.1857	0.141	0.1409	0.166	0.1625	0.1393	0.162	0.1663	0.1491	0.1328	0.1244	0.1778		
		0.1707	0.4145	0.1959	0.1963	0.1474	0.2274	0.1595	0.1878	0.1663	0.165	0.2062	0.1943		0.1263	0.3696	0.1493	0.1525	0.118	0.1706	0.1259	0.1377	0.125	0.1244	0.1525	0.1431		
		0.1682	0.1753	0.1687	0.1898	0.1761	0.1791	0.1737	0.2054	0.1504	0.3314	0.1612	0.1803		0.1298	0.1308	0.1274	0.1429	0.1383	0.1336	0.1291	0.1407	0.1168	0.2907	0.123	0.1331		
		
~End
Copyright © 2003 Molecular Devices. All rights reserved.
