##BLOCKS= 1          
Plate:	Plate#1	1.3	PlateFormat	Endpoint	Absorbance	Raw	FALSE	1						2	490 750	1	12	96	1	8	None	
	Temperature(¡C)	1	2	3	4	5	6	7	8	9	10	11	12		1	2	3	4	5	6	7	8	9	10	11	12		
	22.00	0.2319	0.3057	0.1737	0.2817	0.1644	0.2216	0.256	0.2204	0.321	0.2038	0.3211	0.4308		0.1675	0.1978	0.1344	0.2187	0.1278	0.1741	0.1947	0.1584	0.2353	0.1599	0.1534	0.3361		
		0.39	0.2095	0.6253	0.1564	0.3487	0.2225	0.2501	0.3076	0.2799	0.1887	0.1417	0.3833		0.3246	0.1598	0.455	0.1191	0.2664	0.1708	0.1908	0.2379	0.2027	0.1452	0.1051	0.2914		
		0.1736	0.1522	0.2204	0.228	0.5357	0.2459	0.384	0.2471	0.1618	0.2464	0.2621	0.4105		0.1235	0.1173	0.1709	0.1679	0.4087	0.1812	0.2926	0.1931	0.1249	0.1996	0.2062	0.3191		
		0.2292	0.351	0.2778	0.4652	0.1884	0.2057	0.1891	0.3871	0.2302	0.1801	0.2698	0.256		0.1959	0.2859	0.2111	0.3655	0.1477	0.1601	0.1435	0.2822	0.1761	0.1343	0.2109	0.1823		
		0.2858	0.3808	0.3677	0.205	0.1423	0.1922	0.3353	0.1793	0.3995	0.346	0.2392	0.2632		0.1669	0.2696	0.2833	0.1553	0.1087	0.1478	0.2575	0.1367	0.2948	0.2718	0.1899	0.187		
		0.2568	0.2573	0.2703	0.2838	0.2502	0.2273	0.2493	0.1918	0.1599	0.2129	0.2469	0.3308		0.2074	0.1816	0.1989	0.2131	0.1944	0.1724	0.1875	0.1494	0.1236	0.1512	0.1832	0.2269		
		0.2585	0.44	0.2687	0.2774	0.1555	0.2033	0.2079	0.1944	0.1957	0.2016	0.2164	0.2296		0.2026	0.3563	0.2101	0.2167	0.1159	0.1562	0.1595	0.146	0.1456	0.1486	0.1618	0.1724		
		0.2872	0.1951	0.188	0.2327	0.2625	0.2336	0.1624	0.1791	0.1633	0.1682	0.1777	0.1627		0.1934	0.1491	0.1414	0.177	0.2029	0.1777	0.121	0.1377	0.1254	0.1292	0.1383	0.1239		
		
~End
Copyright © 2003 Molecular Devices. All rights reserved.
