##BLOCKS= 1          
Plate:	Plate#1	1.3	PlateFormat	Endpoint	Absorbance	Raw	FALSE	1						2	490 750	1	12	96	1	8	None	
	Temperature(¡C)	1	2	3	4	5	6	7	8	9	10	11	12		1	2	3	4	5	6	7	8	9	10	11	12		
	22.10	0.1643	0.2724	0.1766	0.1967	0.1921	0.225	0.2418	0.2533	0.3182	0.1947	0.2989	0.4073		0.1239	0.1848	0.1365	0.1493	0.151	0.1774	0.1792	0.1832	0.2257	0.1512	0.1814	0.308		
		0.419	0.2407	0.6337	0.1938	0.2244	0.1679	0.2632	0.3012	0.3009	0.207	0.1505	0.4389		0.3378	0.1851	0.4414	0.1476	0.1664	0.1296	0.2024	0.2268	0.2228	0.1597	0.1106	0.3373		
		0.1742	0.1343	0.1986	0.1844	0.5181	0.2662	0.3918	0.2404	0.1748	0.2391	0.1906	0.4637		0.1292	0.105	0.1493	0.1406	0.3822	0.1977	0.2902	0.186	0.1329	0.1912	0.1464	0.3519		
		0.2439	0.3656	0.274	0.4236	0.2456	0.2147	0.2211	0.3117	0.2477	0.223	0.3045	0.3252		0.1833	0.2905	0.2134	0.3157	0.1955	0.1685	0.1699	0.2294	0.1929	0.1719	0.2375	0.2322		
		0.3647	0.2833	0.4218	0.2849	0.1624	0.2085	0.3345	0.2282	0.3569	0.3155	0.1794	0.42		0.1702	0.1993	0.3267	0.2218	0.1247	0.1605	0.2567	0.1779	0.2643	0.241	0.1377	0.3051		
		0.3495	0.2502	0.4242	0.3269	0.257	0.205	0.2221	0.2088	0.1785	0.1953	0.3679	0.5087		0.2734	0.2017	0.3209	0.2484	0.1969	0.1547	0.1659	0.1605	0.1375	0.1391	0.2671	0.3491		
		0.3396	0.3747	0.2215	0.3116	0.1567	0.2499	0.2034	0.1897	0.2813	0.2299	0.1988	0.5787		0.2207	0.3325	0.1734	0.23	0.116	0.1932	0.1548	0.1426	0.2108	0.1763	0.1476	0.4457		
		0.2026	0.2058	0.262	0.3087	0.2525	0.1873	0.1893	0.205	0.2233	0.1904	0.1747	0.2223		0.1717	0.1679	0.1969	0.2333	0.1937	0.1399	0.1447	0.1504	0.1748	0.1454	0.1333	0.1743		
		
~End
Copyright © 2003 Molecular Devices. All rights reserved.
