##BLOCKS= 1          
Plate:	Plate#1	1.3	PlateFormat	Endpoint	Absorbance	Raw	FALSE	1						2	490 750	1	12	96	1	8	None	
	Temperature(¡C)	1	2	3	4	5	6	7	8	9	10	11	12		1	2	3	4	5	6	7	8	9	10	11	12		
	21.60	0.3144	1.12	0.2875	0.6485	0.263	0.2848	0.4605	0.3768	1.0097	0.3503	1.7459	0.8735		0.1871	0.3973	0.1832	0.3005	0.169	0.1824	0.2814	0.2235	0.404	0.2332	0.4905	0.4905		
		0.6359	0.2707	1.3277	0.3249	0.5961	0.2976	0.7123	0.4867	1.1245	0.2919	0.7802	0.8501		0.4973	0.1802	0.6469	0.2052	0.3571	0.1847	0.4025	0.3546	0.5212	0.1866	0.3667	0.4577		
		0.2313	0.1486	0.3804	0.7411	0.8284	1.1819	1.1067	0.8172	0.4701	0.2665	0.2624	0.9612		0.1452	0.1094	0.2115	0.3442	0.4262	0.4048	0.4238	0.4407	0.3033	0.172	0.1755	0.4647		
		0.8952	0.9708	0.4008	0.9978	0.3478	0.6756	0.3443	0.9961	0.3206	0.2723	0.7588	1.4188		0.4436	0.4517	0.2407	0.4377	0.2163	0.36	0.1923	0.4521	0.1944	0.1778	0.3614	0.3955		
		0.4467	1.3379	0.6754	0.4613	0.3083	0.3593	0.8906	0.2668	0.3452	0.375	0.2993	0.716		0.1891	0.4487	0.3966	0.289	0.2097	0.2462	0.3876	0.1754	0.2079	0.2298	0.1841	0.3557		
		0.3781	0.4463	1.7707	0.7305	0.6364	0.8979	0.9951	0.2968	0.2727	0.4818	1.7422	1.9101		0.2509	0.2931	0.4061	0.3832	0.3004	0.2819	0.3163	0.2143	0.181	0.2287	0.4308	0.4322		
		0.8492	0.456	0.4037	1.7521	0.2917	0.9456	0.2739	0.4057	0.2664	0.3252	0.4653	0.4447		0.3116	0.3655	0.2461	0.441	0.2076	0.4235	0.182	0.2461	0.1757	0.1956	0.2942	0.2579		
		0.3219	0.3655	0.346	0.3555	0.2717	0.3213	0.287	0.247	0.2761	0.2854	0.272	0.2993		0.197	0.2182	0.1946	0.2132	0.2024	0.1856	0.1756	0.153	0.1701	0.2011	0.1743	0.1959		
		
~End
Copyright © 2003 Molecular Devices. All rights reserved.
