##BLOCKS= 1          
Plate:	Plate#1	1.3	PlateFormat	Endpoint	Absorbance	Raw	FALSE	1						2	490 750	1	12	96	1	8	None	
	Temperature(¡C)	1	2	3	4	5	6	7	8	9	10	11	12		1	2	3	4	5	6	7	8	9	10	11	12		
	21.60	0.2903	1.1889	0.3344	0.697	0.2973	0.3499	0.4601	0.3857	0.9443	0.3915	1.3211	1.0014		0.1783	0.4114	0.2093	0.3259	0.1921	0.22	0.2722	0.2189	0.3776	0.2585	0.3859	0.5887		
		0.5895	0.3069	1.4059	0.3673	0.5481	0.3254	0.7504	0.4935	1.1267	0.3033	0.7233	0.9227		0.4699	0.1991	0.6852	0.2284	0.3251	0.2003	0.4331	0.3592	0.5423	0.1935	0.3558	0.5212		
		0.2306	0.1718	0.4494	0.7188	0.8949	1.0938	0.8929	0.902	0.3906	0.2535	0.2562	1.1569		0.1578	0.1247	0.2392	0.3405	0.4508	0.3648	0.3418	0.4608	0.2533	0.1751	0.1704	0.5701		
		0.9056	0.9435	0.4857	1.107	0.3709	0.6918	0.3484	0.879	0.299	0.2265	0.8071	1.3309		0.4382	0.4547	0.2987	0.469	0.2298	0.3724	0.2011	0.4113	0.1841	0.1401	0.3654	0.3437		
		0.5791	1.2134	0.6291	0.5472	0.2806	0.3922	0.9066	0.2631	0.3266	0.4409	0.2858	0.8036		0.2362	0.4082	0.3661	0.3363	0.1907	0.2717	0.3924	0.1719	0.1964	0.2742	0.1815	0.4162		
		0.3779	0.4287	1.8924	0.7125	0.6621	0.945	0.9026	0.3088	0.3019	0.4209	1.5209	1.5334		0.2149	0.2821	0.4422	0.3591	0.3226	0.2885	0.302	0.2256	0.1911	0.203	0.3911	0.367		
		0.8873	0.4972	0.3824	1.5826	0.2536	1.008	0.2842	0.3938	0.2652	0.2753	0.4461	0.4133		0.3472	0.3922	0.2381	0.4173	0.1872	0.3945	0.1881	0.2424	0.1725	0.1743	0.2597	0.239		
		0.3742	0.351	0.312	0.3425	0.2478	0.347	0.2809	0.243	0.2895	0.254	0.2657	0.3011		0.2423	0.2134	0.1801	0.2031	0.1833	0.1982	0.1697	0.1464	0.1789	0.1682	0.1704	0.2035		
		
~End
Copyright © 2003 Molecular Devices. All rights reserved.
