##BLOCKS= 1          
Plate:	Plate#1	1.3	PlateFormat	Endpoint	Absorbance	Raw	FALSE	1						2	490 750	1	12	96	1	8	None	
	Temperature(¡C)	1	2	3	4	5	6	7	8	9	10	11	12		1	2	3	4	5	6	7	8	9	10	11	12		
	22.20	0.1578	0.3119	0.1892	0.1906	0.1455	0.2289	0.2517	0.2156	0.15	0.16	0.1904	0.1849		0.1124	0.158	0.1389	0.1372	0.1143	0.1725	0.1761	0.1713	0.1148	0.1152	0.1491	0.1241		
		0.5178	0.162	0.3838	0.2279	0.2393	0.1454	0.1889	0.2125	0.1836	0.1559	0.1584	0.1866		0.4053	0.1351	0.2325	0.1277	0.168	0.1132	0.1329	0.1727	0.1368	0.1214	0.1049	0.1114		
		0.2414	0.1464	0.1561	0.1576	0.5184	0.1761	0.1894	0.1907	0.1461	0.1706	0.2452	0.2252		0.1254	0.1125	0.12	0.1046	0.342	0.1288	0.1484	0.1326	0.1055	0.1232	0.1646	0.1619		
		0.1682	0.1893	0.2436	0.18	0.1631	0.1883	0.1751	0.1804	0.2082	0.1934	0.197	0.1777		0.1182	0.1365	0.1485	0.12	0.1162	0.1527	0.1224	0.134	0.1369	0.1352	0.1508	0.1308		
		0.178	0.1406	0.1506	0.2253	0.1974	0.1812	0.2357	0.1388	0.2165	0.1796	0.1636	0.1807		0.1131	0.1073	0.1128	0.1648	0.1338	0.1325	0.1593	0.11	0.1524	0.1332	0.1179	0.1333		
		0.1494	0.1638	0.1584	0.1808	0.1995	0.1761	0.1642	0.2387	0.152	0.148	0.1458	0.1559		0.1298	0.135	0.1292	0.1487	0.1619	0.133	0.1117	0.1971	0.1171	0.1098	0.1139	0.1256		
		0.1527	0.3407	0.1432	0.1413	0.132	0.1339	0.2039	0.1708	0.1676	0.1666	0.1483	0.1278		0.1206	0.309	0.1179	0.1082	0.1092	0.1084	0.1233	0.1234	0.1084	0.1163	0.1181	0.1039		
		0.155	0.1602	0.1588	0.1528	0.1918	0.1735	0.1875	0.1477	0.1987	1.0341	0.1599	0.1739		0.1123	0.1087	0.1084	0.1255	0.1574	0.1167	0.1138	0.1178	0.1605	0.9595	0.1168	0.1207		
		
~End
Copyright © 2003 Molecular Devices. All rights reserved.
