##BLOCKS= 1          
Plate:	Plate#1	1.3	PlateFormat	Endpoint	Absorbance	Raw	FALSE	1						2	490 750	1	12	96	1	8	None	
	Temperature(¡C)	1	2	3	4	5	6	7	8	9	10	11	12		1	2	3	4	5	6	7	8	9	10	11	12		
	22.30	0.1694	0.2999	0.1717	0.1588	0.1597	0.1755	0.1724	0.1851	0.2461	0.1587	0.1502	0.2259		0.1108	0.1304	0.1325	0.1188	0.1306	0.1225	0.1225	0.1428	0.1956	0.1196	0.1157	0.1406		
		0.4759	0.14	0.3048	0.2519	0.2451	0.1674	0.1756	0.226	0.2744	0.2138	0.1796	0.2581		0.3557	0.1131	0.199	0.182	0.1746	0.1256	0.1288	0.1825	0.2255	0.175	0.1201	0.1592		
		0.1616	0.137	0.1538	0.1533	0.3284	0.2391	0.2208	0.2406	0.2707	0.3207	0.2637	0.2272		0.1014	0.1038	0.1193	0.112	0.2266	0.1554	0.1764	0.204	0.2399	0.2453	0.1776	0.1565		
		0.1519	0.1749	0.2495	0.2642	0.2555	0.1591	0.1916	0.2572	0.2613	0.2065	0.2931	0.164		0.1255	0.1227	0.1847	0.2179	0.1815	0.1186	0.1386	0.2221	0.2191	0.165	0.239	0.1183		
		0.1942	0.1457	0.1655	0.1947	0.1913	0.1792	0.324	0.2307	0.2735	0.2127	0.2491	0.1869		0.1189	0.1152	0.1349	0.1643	0.1474	0.1443	0.2205	0.2041	0.2103	0.1722	0.2091	0.1334		
		0.187	0.2315	0.2623	0.209	0.1525	0.1859	0.2149	0.2584	0.177	0.175	0.2197	0.1741		0.146	0.1967	0.217	0.1695	0.1217	0.142	0.171	0.2261	0.1497	0.1401	0.182	0.1393		
		0.1275	0.4077	0.1798	0.1593	0.1276	0.1612	0.2514	0.2526	0.1717	0.1613	0.1531	0.1658		0.1094	0.3532	0.1474	0.1286	0.1045	0.1313	0.1872	0.1861	0.1278	0.1087	0.1207	0.1357		
		0.1612	0.1761	1.1227	0.1521	0.1548	0.1464	0.2377	0.1404	0.1588	0.9249	0.1399	0.1619		0.1257	0.1218	1.0084	0.1257	0.1275	0.1072	0.1757	0.1039	0.1077	0.8444	0.1041	0.1156		
		
~End
Copyright © 2003 Molecular Devices. All rights reserved.
