##BLOCKS= 1          
Plate:	Plate#1	1.3	PlateFormat	Endpoint	Absorbance	Raw	FALSE	1						2	490 750	1	12	96	1	8	None	
	Temperature(¡C)	1	2	3	4	5	6	7	8	9	10	11	12		1	2	3	4	5	6	7	8	9	10	11	12		
	23.10	0.2415	0.298	0.1809	0.182	0.1823	0.2157	0.1754	0.1664	0.198	0.1556	0.1421	0.1961		0.1522	0.1427	0.138	0.1389	0.1406	0.1631	0.1264	0.1193	0.142	0.1207	0.1109	0.1457		
		0.61	0.1918	0.423	0.1633	0.1821	0.1766	0.1659	0.2052	0.1905	0.2011	0.1452	0.2497		0.4567	0.1475	0.2632	0.1254	0.135	0.1348	0.1252	0.1614	0.141	0.1557	0.1122	0.182		
		0.1345	0.1473	0.1782	0.1449	0.2564	0.2253	0.1895	0.1585	0.1393	0.1691	0.1666	0.2566		0.1109	0.1218	0.134	0.1148	0.1736	0.1695	0.1445	0.121	0.1052	0.1275	0.1289	0.1867		
		0.1563	0.2528	0.1534	0.1566	0.1622	0.1812	0.1563	0.1945	0.1686	0.2241	0.1855	0.1584		0.1226	0.191	0.1157	0.1207	0.1239	0.1389	0.1171	0.1509	0.1271	0.1714	0.1423	0.1247		
		0.3101	0.1901	0.1527	0.209	0.1485	0.2246	0.1834	0.1642	0.2709	0.1568	0.1896	0.1915		0.2265	0.1379	0.1178	0.1576	0.1139	0.1709	0.1389	0.1277	0.1976	0.1207	0.1428	0.1318		
		0.2111	0.214	0.2071	0.1797	0.1829	0.2054	0.1563	0.1905	0.2494	0.2351	0.1633	0.2094		0.1614	0.1696	0.1568	0.1433	0.1457	0.1567	0.1135	0.1524	0.1794	0.1764	0.1246	0.1545		
		0.1487	0.3804	0.1971	0.1795	0.1372	0.2343	0.1558	0.1817	0.1589	0.1794	0.1702	0.1812		0.1073	0.3286	0.157	0.1398	0.1121	0.1848	0.119	0.1354	0.1208	0.1316	0.1298	0.1359		
		0.1697	0.1511	0.1447	0.1836	0.1954	0.1715	0.1467	0.1708	0.1536	0.1508	0.1772	0.1646		0.1296	0.118	0.1128	0.1403	0.1558	0.1282	0.1126	0.1193	0.1157	0.1169	0.1365	0.1234		
		
~End
Copyright © 2003 Molecular Devices. All rights reserved.
