##BLOCKS= 1          
Plate:	Plate#1	1.3	PlateFormat	Endpoint	Absorbance	Raw	FALSE	1						2	490 750	1	12	96	1	8	None	
	Temperature(¡C)	1	2	3	4	5	6	7	8	9	10	11	12		1	2	3	4	5	6	7	8	9	10	11	12		
	23.20	0.1439	0.3082	0.1418	0.163	0.1402	0.1424	0.1843	0.173	0.1584	0.1426	0.1801	0.1844		0.1118	0.159	0.1132	0.129	0.1132	0.1139	0.1448	0.1273	0.1168	0.106	0.1292	0.1425		
		0.5344	0.2979	0.323	0.1507	0.1503	0.1455	0.1608	0.244	0.1533	0.1723	0.1516	0.1654		0.4364	0.1891	0.22	0.1182	0.1208	0.1139	0.1255	0.1921	0.1184	0.1375	0.1164	0.1318		
		0.215	0.1235	0.1449	0.2051	0.1667	0.1703	0.1574	0.1412	0.1538	0.1357	0.1552	0.157		0.1072	0.0985	0.1141	0.1186	0.1232	0.1335	0.1211	0.1122	0.1215	0.1083	0.1233	0.1262		
		0.1359	0.145	0.1418	0.1379	0.1491	0.141	0.1512	0.168	0.1354	0.1862	0.1442	0.1437		0.1073	0.1172	0.115	0.1119	0.12	0.1106	0.1201	0.1362	0.1073	0.145	0.1175	0.113		
		0.183	0.1386	0.1481	0.1496	0.1293	0.1735	0.1924	0.1424	0.1594	0.1745	0.1867	0.1529		0.1085	0.1109	0.1164	0.1178	0.1008	0.136	0.1477	0.1123	0.1277	0.1363	0.1428	0.1101		
		0.2089	0.1568	0.1744	0.1307	0.1478	0.146	0.1514	0.1724	0.1409	0.127	0.1464	0.1766		0.1671	0.1265	0.1406	0.1076	0.1176	0.1166	0.1142	0.1336	0.111	0.1009	0.1166	0.1379		
		0.1627	0.3804	0.1622	0.1341	0.1205	0.2139	0.1512	0.1435	0.1435	0.1467	0.1594	0.1669		0.1243	0.3147	0.1301	0.1075	0.0984	0.1826	0.109	0.1095	0.1034	0.1097	0.1254	0.1308		
		0.1481	0.1361	0.1834	0.1393	0.1623	0.1379	0.1398	0.1562	0.1391	0.1506	0.1379	0.1478		0.1181	0.1072	0.106	0.112	0.1303	0.1054	0.1063	0.1185	0.1102	0.1185	0.11	0.1147		
		
~End
Copyright © 2003 Molecular Devices. All rights reserved.
