##BLOCKS= 1          
Plate:	Plate#1	1.3	PlateFormat	Endpoint	Absorbance	Raw	FALSE	1						2	490 750	1	12	96	1	8	None	
	Temperature(¡C)	1	2	3	4	5	6	7	8	9	10	11	12		1	2	3	4	5	6	7	8	9	10	11	12		
	23.20	0.141	0.3557	0.1305	0.1577	0.1565	0.156	0.2147	0.1545	0.1762	0.1494	0.1622	0.1621		0.1096	0.1744	0.1046	0.1243	0.1252	0.1243	0.1678	0.1118	0.1295	0.1136	0.1141	0.126		
		0.5917	0.1511	0.341	0.1664	0.1542	0.1418	0.1893	0.2702	0.1685	0.1439	0.1476	0.1631		0.4841	0.1194	0.2371	0.1282	0.123	0.1111	0.148	0.2239	0.131	0.1128	0.1117	0.1288		
		0.1577	0.1227	0.1744	0.1603	0.2142	0.1485	0.1806	0.1446	0.1551	0.1586	0.1425	0.1673		0.1009	0.0975	0.1346	0.1068	0.1584	0.1159	0.1388	0.115	0.119	0.125	0.1134	0.1322		
		0.1432	0.1591	0.1651	0.1513	0.1771	0.1617	0.1658	0.1488	0.1522	0.2023	0.1615	0.1567		0.1138	0.1268	0.134	0.119	0.1413	0.128	0.1313	0.1182	0.1203	0.1604	0.1312	0.1278		
		0.2146	0.1613	0.1577	0.1495	0.1369	0.1674	0.1936	0.1344	0.1534	0.1436	0.1619	0.1598		0.1277	0.1297	0.1249	0.1162	0.1066	0.133	0.1549	0.1058	0.1217	0.1138	0.1288	0.1139		
		0.1961	0.1577	0.1718	0.1468	0.1672	0.1428	0.1491	0.1763	0.1491	0.1425	0.1527	0.18		0.1529	0.1266	0.1381	0.1188	0.1335	0.1143	0.113	0.1356	0.1171	0.1143	0.1226	0.1417		
		0.1614	0.3253	0.1597	0.1402	0.1208	0.1554	0.1417	0.1414	0.1572	0.1524	0.1383	0.175		0.1285	0.2758	0.1292	0.1126	0.0989	0.1224	0.1089	0.1083	0.1174	0.1154	0.1107	0.1373		
		0.1708	0.1443	0.1779	0.1681	0.1544	0.1588	0.1517	0.1596	0.1393	0.1516	0.1462	0.1473		0.1409	0.1131	0.1044	0.1338	0.1247	0.1237	0.1151	0.1159	0.1105	0.1198	0.1154	0.1141		
		
~End
Copyright © 2003 Molecular Devices. All rights reserved.
