##BLOCKS= 1          
Plate:	Plate#1	1.3	PlateFormat	Endpoint	Absorbance	Raw	FALSE	1						2	490 750	1	12	96	1	8	None	
	Temperature(¡C)	1	2	3	4	5	6	7	8	9	10	11	12		1	2	3	4	5	6	7	8	9	10	11	12		
	23.30	0.1394	0.2711	0.1486	0.1484	0.1411	0.1582	0.159	0.1634	0.1514	0.1492	0.1543	0.1739		0.11	0.1295	0.1194	0.1165	0.1138	0.1237	0.1255	0.1197	0.111	0.1129	0.1095	0.1342		
		0.4757	0.1618	0.3219	0.1546	0.17	0.1503	0.1685	0.2099	0.1864	0.174	0.1812	0.1783		0.394	0.1254	0.2167	0.1191	0.136	0.1171	0.1316	0.1641	0.1433	0.1353	0.1402	0.1403		
		0.1593	0.126	0.1508	0.1769	0.196	0.1565	0.1705	0.1437	0.1466	0.1542	0.1573	0.1465		0.1008	0.1005	0.1168	0.1139	0.1448	0.1237	0.1299	0.1142	0.115	0.1224	0.1245	0.1166		
		0.1438	0.1529	0.154	0.1456	0.1445	0.1794	0.1557	0.1618	0.1385	0.1931	0.1706	0.1649		0.1103	0.1243	0.1279	0.1142	0.1156	0.143	0.1209	0.132	0.1092	0.1481	0.1368	0.1295		
		0.1943	0.151	0.1581	0.1666	0.1379	0.1477	0.1552	0.1326	0.1772	0.1799	0.137	0.151		0.1213	0.1184	0.1264	0.1311	0.1072	0.1164	0.1238	0.105	0.1391	0.144	0.1089	0.1072		
		0.1892	0.1505	0.193	0.132	0.1585	0.1448	0.1629	0.1683	0.1416	0.1326	0.1367	0.1798		0.1551	0.1216	0.1531	0.1086	0.1245	0.1151	0.1227	0.129	0.1117	0.106	0.1095	0.1388		
		0.1398	0.1877	0.1839	0.1402	0.1211	0.1698	0.1438	0.156	0.1511	0.1567	0.1443	0.1661		0.1107	0.1555	0.1467	0.1128	0.0993	0.1334	0.1107	0.1182	0.1138	0.1196	0.1145	0.1302		
		0.1545	0.1312	0.1971	0.1525	0.1631	0.1468	0.1483	0.1464	0.1452	0.1433	0.1407	0.1464		0.1218	0.1026	0.1095	0.1225	0.1316	0.1124	0.112	0.1078	0.1152	0.1126	0.1113	0.1126		
		
~End
Copyright © 2003 Molecular Devices. All rights reserved.
