##BLOCKS= 1          
Plate:	Plate#1	1.3	PlateFormat	Endpoint	Absorbance	Raw	FALSE	1						2	490 750	1	12	96	1	8	None	
	Temperature(¡C)	1	2	3	4	5	6	7	8	9	10	11	12		1	2	3	4	5	6	7	8	9	10	11	12		
	23.20	0.2472	0.5724	0.2975	0.2988	0.2329	0.3689	0.3694	0.2139	0.3075	0.4382	0.2478	0.4399		0.1194	0.1641	0.1221	0.12	0.1051	0.1261	0.1329	0.1118	0.1341	0.1388	0.1148	0.1341		
		0.4973	0.1941	0.3758	0.3258	0.1933	0.2079	0.3619	0.1622	0.2149	0.1638	0.1948	0.3013		0.3549	0.1194	0.1756	0.1236	0.1034	0.1073	0.138	0.1323	0.1067	0.1029	0.1126	0.1167		
		0.2679	0.1898	0.1975	0.3397	0.362	0.3263	0.218	0.2749	0.2683	0.2524	0.3347	0.3099		0.1314	0.1211	0.1065	0.1291	0.131	0.1275	0.1167	0.1204	0.1136	0.1105	0.1201	0.1162		
		0.2674	0.2136	0.2893	0.3092	0.3404	0.3813	0.2901	0.3511	0.5016	0.3183	0.2722	0.3142		0.1094	0.1124	0.1133	0.1209	0.1305	0.1388	0.1196	0.1307	0.1574	0.1244	0.1167	0.1173		
		0.2002	0.4878	0.201	0.306	0.2975	0.2495	0.3816	0.2231	0.3072	0.2731	0.358	0.1863		0.1146	0.1255	0.1016	0.1204	0.123	0.1089	0.1398	0.111	0.12	0.1176	0.141	0.1077		
		0.1644	0.141	0.157	0.1529	0.1629	0.3299	0.1893	0.1513	0.2246	0.1957	0.1839	0.1945		0.1306	0.1154	0.1071	0.1255	0.1222	0.1228	0.1063	0.1227	0.1117	0.1073	0.1062	0.1076		
		0.198	0.4031	0.1302	0.255	0.1159	0.1425	0.2251	0.3567	0.2376	0.2075	0.2602	0.2013		0.127	0.3629	0.1044	0.1126	0.097	0.1102	0.1127	0.1431	0.1096	0.1046	0.1217	0.1147		
		0.2039	0.1879	0.2286	0.1801	0.1409	0.3302	0.3225	0.2432	0.2853	0.2729	0.2329	0.2436		0.1058	0.1033	0.1084	0.1334	0.1158	0.1233	0.1203	0.128	0.1203	0.1218	0.1076	0.1175		
		
~End
Copyright © 2003 Molecular Devices. All rights reserved.
