##BLOCKS= 1          
Plate:	Plate#1	1.3	PlateFormat	Endpoint	Absorbance	Raw	FALSE	1						2	490 750	1	12	96	1	8	None	
	Temperature(¡C)	1	2	3	4	5	6	7	8	9	10	11	12		1	2	3	4	5	6	7	8	9	10	11	12		
	22.80	0.1384	0.1785	0.1477	0.1389	0.1504	0.1745	0.1447	0.1566	0.1499	0.1448	0.144	0.1502		0.1117	0.1211	0.1202	0.1133	0.1231	0.1424	0.1165	0.1153	0.1114	0.1163	0.1153	0.1222		
		0.4589	0.1385	0.3744	0.1393	0.1593	0.1439	0.1489	0.1934	0.1443	0.1465	0.1534	0.1511		0.3908	0.1118	0.2598	0.1146	0.1289	0.1167	0.1205	0.1565	0.1169	0.1205	0.1187	0.1229		
		0.1345	0.156	0.1482	0.1369	0.1793	0.1463	0.1582	0.1567	0.1341	0.1609	0.1505	0.1484		0.1145	0.1256	0.1194	0.1136	0.1351	0.1192	0.1269	0.1277	0.1097	0.1317	0.1226	0.1239		
		0.151	0.1537	0.1592	0.1363	0.1336	0.1535	0.1495	0.1482	0.1558	0.1577	0.1674	0.1479		0.1159	0.1263	0.1301	0.1153	0.1146	0.1279	0.1197	0.1228	0.1271	0.1274	0.1375	0.1256		
		0.2213	0.1436	0.1552	0.1354	0.1524	0.1951	0.169	0.1608	0.1508	0.1577	0.1449	0.1793		0.1344	0.1212	0.1265	0.1113	0.1233	0.1613	0.1387	0.1311	0.1232	0.1292	0.1196	0.1338		
		0.1471	0.1532	0.152	0.1524	0.1531	0.1778	0.1703	0.1588	0.1419	0.1417	0.1484	0.1459		0.1278	0.1259	0.1241	0.1224	0.1232	0.1446	0.1336	0.1274	0.1147	0.1151	0.1216	0.12		
		0.1391	0.2652	0.1578	0.1444	0.1403	0.1829	0.1374	0.1458	0.1322	0.1466	0.168	0.1416		0.1144	0.2366	0.1279	0.1185	0.1134	0.1445	0.113	0.1193	0.1092	0.1216	0.1332	0.1155		
		0.162	0.1464	0.1392	0.1383	0.147	0.1362	0.132	0.1352	0.145	0.3644	0.1297	0.1426		0.1221	0.117	0.1142	0.1133	0.1199	0.1117	0.1105	0.1066	0.1178	0.3417	0.1078	0.1174		
		
~End
Copyright © 2003 Molecular Devices. All rights reserved.
