##BLOCKS= 1          
Plate:	Plate#1	1.3	PlateFormat	Endpoint	Absorbance	Raw	FALSE	1						2	490 750	1	12	96	1	8	None	
	Temperature(¡C)	1	2	3	4	5	6	7	8	9	10	11	12		1	2	3	4	5	6	7	8	9	10	11	12		
	22.90	0.1511	0.1895	0.1638	0.1542	0.1374	0.1525	0.1614	0.1733	0.1729	0.1555	0.1409	0.164		0.1143	0.1215	0.1347	0.126	0.1138	0.124	0.131	0.1326	0.1295	0.1246	0.113	0.1319		
		0.5902	0.1496	0.2967	0.1359	0.1509	0.1491	0.1474	0.1775	0.1973	0.1691	0.1531	0.1514		0.4689	0.1227	0.2046	0.1103	0.1214	0.1201	0.1195	0.1427	0.1566	0.1366	0.1196	0.1213		
		0.1461	0.1629	0.1527	0.2767	0.1812	0.1568	0.1559	0.1476	0.1649	0.1914	0.1512	0.1461		0.1148	0.1331	0.1207	0.2531	0.1378	0.1262	0.1257	0.1208	0.1352	0.1573	0.1247	0.119		
		0.1633	0.1445	0.135	0.165	0.163	0.1611	0.1561	0.1688	0.1443	0.1572	0.1581	0.1683		0.1291	0.1148	0.1088	0.1326	0.1328	0.1306	0.1279	0.1331	0.1125	0.1227	0.1308	0.1378		
		0.215	0.1876	0.1538	0.1507	0.1643	0.1566	0.1608	0.1552	0.1633	0.2084	0.1508	0.1837		0.1569	0.1601	0.1237	0.1214	0.1326	0.1271	0.1311	0.1259	0.1317	0.1667	0.1237	0.1333		
		0.214	0.185	0.2002	0.1606	0.1921	0.16	0.1964	0.1961	0.1444	0.1506	0.1421	0.1378		0.1804	0.1448	0.1625	0.1284	0.1543	0.1295	0.153	0.1571	0.1162	0.1216	0.1154	0.1118		
		0.1608	0.3422	0.2105	0.1846	0.1477	0.1729	0.1579	0.1519	0.1773	0.1807	0.1632	0.1682		0.1317	0.3113	0.174	0.1514	0.1202	0.1382	0.1331	0.1229	0.1473	0.1492	0.1321	0.1348		
		0.1384	0.1793	0.226	0.1679	0.2114	0.1731	0.1527	0.1426	0.1542	0.1577	0.1703	0.1631		0.1135	0.1446	0.1895	0.1354	0.1748	0.1388	0.1271	0.111	0.1255	0.1314	0.1413	0.1327		
		
~End
Copyright © 2003 Molecular Devices. All rights reserved.
