##BLOCKS= 1          
Plate:	Plate#1	1.3	PlateFormat	Endpoint	Absorbance	Raw	FALSE	1						2	490 750	1	12	96	1	8	None	
	Temperature(¡C)	1	2	3	4	5	6	7	8	9	10	11	12		1	2	3	4	5	6	7	8	9	10	11	12		
	22.30	0.3005	0.553	0.3117	0.2818	0.2597	0.2258	0.2519	0.2083	0.2167	0.2347	0.1708	0.2449		0.1295	0.1255	0.168	0.1248	0.1282	0.1083	0.1184	0.121	0.1113	0.1137	0.1071	0.1105		
		0.5115	0.1838	0.3774	0.4701	0.317	0.2926	0.2606	0.154	0.2459	0.2011	0.1458	0.2839		0.4419	0.1461	0.1819	0.1577	0.1347	0.1226	0.123	0.1251	0.1303	0.1191	0.1094	0.1213		
		0.3248	0.128	0.2404	0.3119	0.3843	0.289	0.1741	0.246	0.189	0.2785	0.3176	0.3492		0.1333	0.1016	0.1307	0.1257	0.1528	0.1286	0.1238	0.136	0.1233	0.1499	0.1421	0.1391		
		0.3261	0.3239	0.3956	0.4898	0.3321	0.2269	0.248	0.3245	0.32	0.2395	0.3631	0.2942		0.1231	0.1489	0.1808	0.1749	0.1738	0.1155	0.1263	0.1315	0.1278	0.1211	0.1712	0.1413		
		0.2345	0.2681	0.2779	0.3213	0.2458	0.2736	0.3299	0.2342	0.3024	0.2597	0.3405	0.3217		0.1478	0.1254	0.1367	0.1272	0.1154	0.1256	0.142	0.1168	0.1379	0.1246	0.1531	0.128		
		0.183	0.1456	0.2745	0.1583	0.1888	0.181	0.3381	0.1666	0.1921	0.2877	0.1701	0.164		0.1529	0.1206	0.2221	0.1248	0.1366	0.131	0.1377	0.1336	0.1174	0.1371	0.111	0.1182		
		0.2338	0.3315	0.1787	0.2388	0.1371	0.1793	0.2936	0.269	0.3848	0.4395	0.1919	0.1602		0.1119	0.302	0.1441	0.1329	0.1115	0.1417	0.1192	0.1181	0.133	0.1386	0.1421	0.1199		
		0.2052	0.2988	0.2474	0.2306	0.2625	0.3807	0.3526	0.1355	0.3354	0.192	0.2715	0.357		0.1278	0.1227	0.1151	0.1816	0.2151	0.1412	0.1312	0.1059	0.1197	0.1158	0.1312	0.1708		
		
~End
Copyright © 2003 Molecular Devices. All rights reserved.
