##BLOCKS= 1          
Plate:	Plate#1	1.3	PlateFormat	Endpoint	Absorbance	Raw	FALSE	1						2	490 750	1	12	96	1	8	None	
	Temperature(¡C)	1	2	3	4	5	6	7	8	9	10	11	12		1	2	3	4	5	6	7	8	9	10	11	12		
	22.30	0.339	0.6963	0.2102	0.2762	0.2156	0.3398	0.2624	0.2637	0.208	0.2396	0.2867	0.4283		0.1519	0.192	0.1202	0.131	0.1204	0.1506	0.1242	0.1285	0.1211	0.1203	0.1652	0.1486		
		0.5408	0.1564	0.5499	0.2689	0.3092	0.4089	0.2128	0.1672	0.3175	0.2187	0.1396	0.4646		0.4177	0.1274	0.2616	0.113	0.1221	0.1472	0.1137	0.1337	0.1403	0.1399	0.1039	0.1655		
		0.3635	0.1393	0.2184	0.4357	0.2848	0.2427	0.1826	0.2273	0.2194	0.2508	0.29	0.3191		0.1411	0.1101	0.1332	0.1529	0.1245	0.1237	0.1345	0.1295	0.1388	0.1587	0.1424	0.1472		
		0.2181	0.2682	0.32	0.3845	0.2739	0.2953	0.2959	0.3802	0.3623	0.2667	0.3306	0.2816		0.1197	0.1255	0.1379	0.1552	0.1343	0.146	0.1386	0.1523	0.1494	0.134	0.15	0.1386		
		0.21	0.2523	0.2501	0.2546	0.2558	0.3125	0.5156	0.3106	0.346	0.3277	0.2659	0.4652		0.134	0.1227	0.1287	0.1221	0.128	0.1361	0.1915	0.1486	0.1474	0.1459	0.1412	0.1629		
		0.1547	0.1513	0.184	0.1698	0.1806	0.1983	0.3169	0.2314	0.1919	0.2422	0.1764	0.192		0.124	0.1218	0.1402	0.1342	0.1345	0.1235	0.1309	0.1845	0.1217	0.1281	0.1132	0.1423		
		0.4065	0.3243	0.1536	0.3603	0.1295	0.1863	0.3447	0.3928	0.5717	0.4397	0.1897	0.1602		0.1998	0.2858	0.1229	0.1699	0.1046	0.1466	0.1334	0.157	0.175	0.1449	0.1392	0.119		
		0.1867	0.3033	0.3041	0.2106	0.1449	0.3659	0.2549	0.1955	0.4794	0.2141	0.3055	0.312		0.1155	0.1327	0.1232	0.1648	0.118	0.1369	0.1188	0.1236	0.1391	0.1577	0.1303	0.1463		
		
~End
Copyright © 2003 Molecular Devices. All rights reserved.
