##BLOCKS= 1          
Plate:	Plate#1	1.3	PlateFormat	Endpoint	Absorbance	Raw	FALSE	1						2	490 750	1	12	96	1	8	None	
	Temperature(¡C)	1	2	3	4	5	6	7	8	9	10	11	12		1	2	3	4	5	6	7	8	9	10	11	12		
	22.80	0.1241	0.1497	0.1381	0.1297	0.1256	0.1288	0.1219	0.1459	0.133	0.1288	0.1295	0.1261		0.1026	0.1037	0.1179	0.1082	0.1071	0.1078	0.1027	0.1125	0.1034	0.1074	0.1082	0.1064		
		0.4418	0.129	0.2899	0.1414	0.1304	0.134	0.1239	0.13	0.1315	0.1267	0.1411	0.1291		0.3938	0.1096	0.1969	0.1151	0.1096	0.1112	0.1042	0.1103	0.1109	0.1082	0.1085	0.1093		
		0.1307	0.129	0.131	0.1402	0.1433	0.1329	0.1344	0.1291	0.1318	0.1265	0.1243	0.1409		0.1038	0.1082	0.1074	0.1141	0.111	0.1125	0.1109	0.1102	0.1118	0.1073	0.1068	0.1215		
		0.1307	0.2922	0.1281	0.1322	0.1298	0.1262	0.1326	0.1322	0.1288	0.1318	0.1248	0.1249		0.1106	0.2568	0.1106	0.1118	0.1128	0.1049	0.1137	0.1117	0.1091	0.1106	0.1088	0.1083		
		0.1811	0.1317	0.126	0.1306	0.1387	0.135	0.1295	0.1325	0.129	0.1288	0.1245	0.1456		0.1107	0.1102	0.1053	0.1087	0.1122	0.1125	0.1092	0.1108	0.1088	0.1088	0.1054	0.1076		
		0.1321	0.1261	0.1317	0.1273	0.1427	0.1329	0.146	0.1386	0.1254	0.1269	0.1265	0.1324		0.1133	0.1078	0.1123	0.1077	0.1204	0.1094	0.1123	0.1148	0.1055	0.1065	0.1076	0.112		
		0.1228	0.3485	0.127	0.1203	0.1286	0.1322	0.1334	0.1378	0.1408	0.1285	0.1231	0.122		0.1038	0.3269	0.1072	0.1012	0.1071	0.1106	0.1101	0.1134	0.1125	0.1046	0.1041	0.104		
		0.1283	0.1318	0.1306	0.1264	0.1328	0.1331	0.1313	0.1374	0.1287	0.1498	0.1203	0.128		0.1075	0.109	0.1057	0.1074	0.112	0.1098	0.1063	0.11	0.1066	0.1301	0.1019	0.1062		
		
~End
Copyright © 2003 Molecular Devices. All rights reserved.
