##BLOCKS= 1          
Plate:	Plate#1	1.3	PlateFormat	Endpoint	Absorbance	Raw	FALSE	1						2	490 750	1	12	96	1	8	None	
	Temperature(¡C)	1	2	3	4	5	6	7	8	9	10	11	12		1	2	3	4	5	6	7	8	9	10	11	12		
	21.70	0.1611	0.2453	0.1657	0.1653	0.1492	0.1589	0.1586	0.1707	0.1738	0.1566	0.1671	0.1566		0.1297	0.1735	0.1408	0.135	0.1254	0.1319	0.1312	0.1279	0.1307	0.1296	0.1346	0.13		
		0.4362	0.137	0.4196	0.1561	0.24	0.2245	0.2281	0.1402	0.1562	0.1503	0.1635	0.1589		0.3442	0.1133	0.2798	0.1286	0.1904	0.1758	0.1786	0.1146	0.1278	0.1255	0.1314	0.1308		
		0.176	0.1598	0.1772	0.172	0.1795	0.1558	0.1606	0.1713	0.2368	0.1612	0.1652	0.1591		0.1431	0.13	0.1461	0.1444	0.1383	0.1302	0.1296	0.1401	0.1743	0.1322	0.1363	0.1324		
		0.1548	0.1541	0.1507	0.2062	0.1476	0.1564	0.1713	0.1538	0.1593	0.18	0.1554	0.1508		0.1304	0.1356	0.1289	0.1764	0.1295	0.1339	0.1447	0.1319	0.1355	0.1469	0.1301	0.1333		
		0.2235	0.1534	0.1483	0.1485	0.1515	0.1465	0.156	0.1564	0.1479	0.1684	0.1552	0.2368		0.129	0.1269	0.1227	0.1223	0.1224	0.1216	0.1293	0.1282	0.1232	0.1386	0.1278	0.1597		
		0.1796	0.1548	0.1431	0.1653	0.1634	0.1645	0.159	0.154	0.155	0.156	0.1564	0.3745		0.149	0.1264	0.12	0.1355	0.1347	0.1312	0.1256	0.1236	0.1281	0.1293	0.1286	0.3438		
		0.1666	0.3702	0.1546	0.1504	0.1481	0.1498	0.1657	0.1625	0.16	0.1553	0.1568	0.3247		0.1374	0.3452	0.1292	0.125	0.1223	0.1245	0.1402	0.1335	0.1337	0.1298	0.1299	0.2445		
		0.1642	0.1804	0.9374	0.1491	0.1473	0.1611	0.1514	0.2065	0.1641	0.1673	0.1468	0.1434		0.1341	0.1506	0.9301	0.1258	0.1219	0.133	0.1257	0.1514	0.1289	0.1439	0.1218	0.1185		
		
~End
Copyright © 2003 Molecular Devices. All rights reserved.
