##BLOCKS= 1          
Plate:	Plate#1	1.3	PlateFormat	Endpoint	Absorbance	Raw	FALSE	1						2	490 750	1	12	96	1	8	None	
	Temperature(¡C)	1	2	3	4	5	6	7	8	9	10	11	12		1	2	3	4	5	6	7	8	9	10	11	12		
	21.80	0.1455	0.1579	0.1517	0.1615	0.1461	0.1572	0.1558	0.1627	0.1811	0.1538	0.1673	0.1532		0.1201	0.1073	0.1272	0.135	0.1228	0.1292	0.1294	0.1204	0.1393	0.1268	0.1342	0.126		
		0.5204	0.1439	0.254	0.1516	0.1509	0.1444	0.1485	0.1376	0.1576	0.1593	0.1629	0.148		0.3838	0.1174	0.1743	0.1256	0.1252	0.12	0.1246	0.1113	0.1295	0.131	0.1307	0.1228		
		0.1533	0.1587	0.166	0.1746	0.1766	0.1623	0.1664	0.1604	0.1441	0.1575	0.1605	0.1496		0.1305	0.1281	0.1336	0.1469	0.1331	0.1338	0.1339	0.1342	0.1197	0.1314	0.134	0.1253		
		0.1442	0.1531	0.1481	0.1597	0.1613	0.1608	0.158	0.1628	0.1573	0.169	0.1505	0.1433		0.1191	0.1274	0.1216	0.1356	0.1345	0.1399	0.1372	0.1339	0.1293	0.1336	0.1284	0.1199		
		0.2128	0.15	0.1479	0.154	0.1619	0.1573	0.1622	0.1534	0.1597	0.1599	0.145	0.1807		0.1273	0.125	0.1229	0.1263	0.13	0.1293	0.1342	0.126	0.1318	0.1315	0.1205	0.1283		
		0.1452	0.1571	0.1685	0.1522	0.1564	0.1742	0.1709	0.1479	0.1572	0.1554	0.1496	0.1469		0.1232	0.1293	0.1384	0.1262	0.1298	0.138	0.1334	0.1191	0.1302	0.128	0.1238	0.1236		
		0.1398	0.2486	0.151	0.1591	0.1502	0.1521	0.1513	0.1473	0.1686	0.1654	0.1527	0.1478		0.1168	0.2216	0.1255	0.1314	0.1238	0.1259	0.1284	0.121	0.1405	0.1367	0.1265	0.125		
		0.1488	0.1519	0.1652	0.1531	0.1531	0.1422	0.1481	0.2272	0.1593	0.1511	0.1468	0.1495		0.1249	0.1257	0.1359	0.1289	0.127	0.1178	0.1238	0.1682	0.1266	0.1268	0.1222	0.1227		
		
~End
Copyright © 2003 Molecular Devices. All rights reserved.
